seq2/frame00001.png 51.850628 3.3062882 11.515349 0.89341974 -0.08109144 0.43854988 -0.054420736
seq2/frame00002.png 49.83861 3.188601 11.05969 0.9003246 -0.08050694 0.4250591 -0.048112605
seq2/frame00003.png 49.845627 3.23348 11.252601 0.8976146 -0.078955464 0.43083456 -0.04806451
seq2/frame00004.png 51.997776 3.3768687 11.649934 0.882471 -0.07176555 0.46239445 -0.047876064
seq2/frame00005.png 50.05141 3.21736 11.123152 0.88459265 -0.07119483 0.4570655 -0.058329616
seq2/frame00006.png 42.702534 2.9012222 9.966704 0.8941815 -0.075126015 0.4360706 -0.06820646
seq2/frame00007.png 41.18558 2.7624128 9.061897 0.8940989 -0.04949688 0.4379535 -0.08028053
seq2/frame00008.png 39.235615 2.82376 9.4975815 0.90163624 -0.049460042 0.42052418 -0.088105574
seq2/frame00009.png 38.245552 2.6519377 8.841353 0.89884865 -0.06914896 0.42372683 -0.08855679
seq2/frame00010.png 36.08832 2.4897006 8.345972 0.8951187 -0.048041407 0.43889025 -0.063157916
seq2/frame00011.png 35.057693 2.5632708 8.467383 0.89947236 -0.06515548 0.4265565 -0.06877844
seq2/frame00012.png 32.96781 2.3661716 7.5903516 0.90681726 -0.07510833 0.4127369 -0.040924247
seq2/frame00013.png 31.04536 2.2752945 7.31216 0.8971763 -0.061785247 0.43380144 -0.05445223
seq2/frame00014.png 29.752108 2.1459339 6.7970943 0.90479624 -0.067183994 0.41606218 -0.05912225
seq2/frame00015.png 28.127432 2.1026807 6.606182 0.898781 -0.06300222 0.42982233 -0.05868092
seq2/frame00016.png 26.23119 1.8431373 5.7098274 0.8987734 -0.06758666 0.4263924 -0.07700733
seq2/frame00017.png 24.907148 1.6021049 4.8955555 0.9132918 -0.061032563 0.39503175 -0.07811357
seq2/frame00018.png 22.726622 1.7487907 5.528773 0.91496307 -0.048858166 0.39407808 -0.07264864
seq2/frame00019.png 20.804035 1.6974578 5.4144125 0.9315571 -0.0626402 0.35112226 -0.07096873
seq2/frame00020.png 19.242804 1.4359075 4.53229 0.9406358 -0.051156547 0.32944056 -0.06254847
seq2/frame00021.png 17.472862 1.4158716 4.6532693 0.94281304 -0.027323142 0.3276645 -0.05427141
seq2/frame00022.png 16.059937 1.333088 4.13168 0.938809 -0.066362545 0.33525223 -0.042146746
seq2/frame00023.png 14.509052 1.4751694 4.4918613 0.94654346 -0.083366126 0.31085464 -0.020578858
seq2/frame00024.png 12.889168 1.1435598 3.7222073 0.9553428 -0.076553285 0.28468424 -0.018961785
seq2/frame00025.png 11.642281 1.1026862 3.7633471 0.9412553 -0.048513513 0.3320381 -0.037167888
seq2/frame00026.png 10.777111 1.0679655 3.6020477 0.92600393 -0.057674926 0.36624098 -0.071434356
seq2/frame00027.png 10.085162 1.1344156 4.1070113 0.91957694 -0.08654813 0.37603948 -0.073071465
seq2/frame00028.png 9.293522 1.2438643 4.0789757 0.9521516 -0.029503498 0.30050844 -0.04605292
seq2/frame00029.png 8.411138 1.2686918 4.904893 0.94397295 -0.07133963 0.31743786 -0.055982426
seq2/frame00030.png 7.4336157 1.3176409 5.071537 0.9534351 -0.10053392 0.27789477 -0.06020384
seq2/frame00031.png 6.89203 1.1064134 4.267177 0.96104765 -0.10246518 0.2492646 -0.062006906
seq2/frame00032.png 6.89068 0.82381195 3.3071637 0.96717334 -0.093771435 0.2316523 -0.047296736
seq2/frame00033.png 12.255599 1.3378285 4.276759 0.95083266 -0.11016507 0.26202455 -0.12378393
seq2/frame00034.png 6.9175463 0.119793504 -0.40736803 0.9561141 -0.085551776 0.27217612 -0.06603166
seq2/frame00035.png 4.553294 1.1317456 4.135784 0.9710164 -0.1216793 0.20235367 -0.03474794
seq2/frame00036.png 3.1653287 1.1806867 4.642725 0.9759078 -0.13085166 0.16953379 -0.042309307
seq2/frame00037.png 3.4937785 0.9526443 2.8234444 0.9774232 -0.10284513 0.18404745 -0.01186279
seq2/frame00038.png 2.8217165 0.8061091 2.6414275 0.9784898 -0.05267806 0.19830213 -0.021529002
seq2/frame00039.png 2.1006937 0.72952986 2.1088254 0.97871137 -0.055103548 0.19648829 -0.02325829
seq2/frame00040.png 1.4228818 0.58796513 1.6092347 0.98231447 -0.05057773 0.17632897 -0.036179338
seq2/frame00041.png -0.06647619 0.40939116 0.89803195 0.98631823 -0.041077208 0.15883139 -0.0155044105
seq2/frame00042.png -1.491304 0.32487673 0.76292866 0.9909386 -0.036696706 0.12919399 0.00079632166
seq2/frame00043.png -2.7424116 0.26331052 0.38564044 0.9873406 -0.060020145 0.14682737 0.0071047526
seq2/frame00044.png -4.2585945 0.20436779 0.27571464 0.99448377 -0.05078308 0.09163458 0.004103239
seq2/frame00045.png -10.501763 -0.60920733 -2.3010976 0.99383736 -0.035939787 0.035985265 -0.09846283
seq2/frame00046.png -7.104212 -0.05558716 -0.025557555 0.99638325 -0.07848053 0.031459536 -0.009714833
seq2/frame00047.png -9.251242 -0.07948535 -0.34428036 0.9974465 -0.070591725 -0.009613906 -0.0002532661
seq2/frame00048.png -10.760712 -0.060700793 -0.4473693 0.9979182 -0.041227054 -0.041936193 0.0259639
seq2/frame00049.png -12.521648 -0.27633038 -1.1233636 0.994045 -0.060906265 -0.086985186 0.023728125
seq2/frame00050.png -14.471775 -0.35959068 -1.2379396 0.9962421 -0.0484142 -0.07148888 0.007563665
seq2/frame00051.png -15.797955 -0.4547064 -1.5131248 0.988441 -0.04984684 -0.14222771 0.016002398
seq2/frame00052.png -18.076412 -0.843069 -2.7104275 0.9672805 -0.04692463 -0.24530979 0.045609716
seq2/frame00053.png -19.36247 -0.74343073 -2.5472322 0.9647614 -0.048638485 -0.2528112 0.054290637
seq2/frame00054.png -21.496723 -0.9686673 -2.696448 0.9529381 -0.07343207 -0.2865389 0.06700479
seq2/frame00055.png -23.367208 -1.0820533 -3.2470584 0.9544893 -0.051225856 -0.28666884 0.06408166
seq2/frame00056.png -25.32357 -1.3993663 -3.7818127 0.94036585 -0.07388457 -0.32611558 0.06266422
seq2/frame00057.png -27.02217 -1.4371091 -4.229424 0.9341926 -0.05599968 -0.34701818 0.0605895
seq2/frame00058.png -29.03869 -1.8923028 -5.1710787 0.9400498 -0.055945724 -0.3306637 0.062065672
seq2/frame00059.png -30.892391 -1.7317044 -4.8837347 0.93486947 -0.081201084 -0.33999908 0.061648536
seq2/frame00060.png -32.844425 -1.881036 -5.3310857 0.9230242 -0.07116918 -0.3731968 0.06064174
seq2/frame00061.png -34.826942 -1.8905482 -5.531264 0.90810704 -0.06266972 -0.40705612 0.075286016
seq3/frame00001.png -54.6082 -2.773014 -7.132064 0.83168 -0.019683251 -0.538337 0.13414873
seq3/frame00002.png -54.424156 -2.7698948 -7.031238 0.8347854 -0.022942089 -0.5357943 0.12446509
seq3/frame00003.png -54.52105 -2.7999763 -7.017442 0.8352732 -0.025818577 -0.53601235 0.11973394
seq3/frame00004.png -54.398758 -2.8631558 -7.086557 0.83671975 -0.027677417 -0.53689796 0.10408647
seq3/frame00005.png -53.491608 -2.7610347 -7.032796 0.8341182 -0.036897644 -0.542806 0.09040436
seq3/frame00006.png -52.777676 -2.7059941 -6.88996 0.8218814 -0.022537347 -0.5644256 0.07487578
seq3/frame00007.png -52.18835 -2.69198 -6.8285346 0.83053815 -0.033340927 -0.5478683 0.09542698
seq3/frame00008.png -51.29922 -2.5484622 -6.361368 0.84244555 -0.03166211 -0.53072286 0.08607998
seq3/frame00009.png -50.918312 -2.5066774 -6.1297426 0.8649439 -0.047687467 -0.49329895 0.07935288
seq3/frame00010.png -49.836433 -2.6478121 -6.71992 0.86492693 -0.04157702 -0.4941431 0.07712052
seq3/frame00011.png -49.279316 -2.4953594 -6.13389 0.87691456 -0.04064667 -0.47260353 0.07734944
seq3/frame00012.png -48.340874 -2.4290566 -6.2551203 0.8698501 -0.04407155 -0.48666608 0.06735079
seq3/frame00013.png -47.67292 -2.3632445 -5.9641485 0.86955494 -0.0430204 -0.48635694 0.072854824
seq3/frame00014.png -46.84757 -2.3487072 -6.020265 0.87049073 -0.043030925 -0.48586595 0.06579364
seq3/frame00015.png -46.20516 -2.2265587 -5.566117 0.8774588 -0.038142327 -0.4743631 0.061025977
seq3/frame00016.png -45.433926 -2.1879964 -5.4574084 0.87835246 -0.032116313 -0.4725102 0.064440385
seq3/frame00017.png -44.769966 -1.9945078 -4.9715214 0.89082414 -0.0457794 -0.44649494 0.07059128
seq3/frame00018.png -43.818848 -2.104995 -5.3061767 0.89538175 -0.050330598 -0.4386534 0.05769665
seq3/frame00019.png -43.11492 -2.047092 -5.0027895 0.8979613 -0.031985044 -0.43644175 0.047455147
seq3/frame00020.png -42.24714 -1.8086637 -4.1215663 0.9033483 -0.035205655 -0.42597818 0.03501847
seq3/frame00021.png -41.564854 -1.9371089 -4.8258367 0.89570487 -0.044192217 -0.4400483 0.046257734
seq3/frame00022.png -40.76357 -1.7775918 -4.7041717 0.89670914 -0.047232725 -0.43815354 0.03932752
seq3/frame00023.png -40.017143 -1.8328786 -4.719822 0.896596 -0.043290507 -0.43616852 0.06265194
seq3/frame00024.png -39.148407 -1.7962198 -4.656736 0.8956317 -0.05507632 -0.43843102 0.051804535
seq3/frame00025.png -38.3711 -1.7920007 -4.496627 0.89717203 -0.04494658 -0.43625835 0.053691335
seq3/frame00026.png -37.716537 -1.7197618 -4.2291293 0.90465385 -0.05712734 -0.4201162 0.04067102
seq3/frame00027.png -37.025494 -1.6359565 -4.036917 0.9067448 -0.052003086 -0.41760102 0.027057769
seq3/frame00028.png -36.220406 -1.5835842 -3.9341319 0.9110367 -0.05801987 -0.40765887 0.020857105
seq3/frame00029.png -35.490036 -1.5704176 -3.865253 0.9106893 -0.03692138 -0.40767032 0.05575032
seq3/frame00030.png -34.766853 -1.548974 -3.8607085 0.9183579 -0.042435944 -0.38894036 0.06043745
seq3/frame00031.png -33.964798 -1.4468955 -3.5298154 0.92247736 -0.03773922 -0.381178 0.04966585
seq3/frame00032.png -33.02863 -1.4232352 -3.523549 0.92800266 -0.053771235 -0.3661605 0.041094694
seq3/frame00033.png -32.455334 -1.417539 -3.342344 0.9344712 -0.035863567 -0.347205 0.07055019
seq3/frame00034.png -31.607891 -1.2772628 -3.2326863 0.9358594 -0.046114653 -0.34297258 0.0659768
seq3/frame00035.png -30.780603 -1.3604075 -3.2772517 0.93532586 -0.03901222 -0.34693584 0.057580005
seq3/frame00036.png -29.832743 -1.3113945 -3.217544 0.92983514 -0.048849 -0.36020806 0.057582792
seq3/frame00037.png -29.240679 -1.1889697 -3.1380343 0.92047 -0.057431314 -0.3823441 0.057467263
seq3/frame00038.png -28.474197 -1.1540595 -3.0926778 0.9197946 -0.05390499 -0.38595966 0.045640897
seq3/frame00039.png -27.705603 -1.1385252 -2.9447052 0.91795504 -0.05409394 -0.39103663 0.037945215
seq3/frame00040.png -26.92911 -1.098843 -2.8836868 0.9248552 -0.053345516 -0.37348083 0.048278842
seq3/frame00041.png -26.17865 -1.0045657 -2.6705844 0.92371684 -0.05829437 -0.37656832 0.039406553
seq3/frame00042.png -25.238338 -1.007916 -2.6733916 0.9324733 -0.050602373 -0.35552308 0.039550856
seq3/frame00043.png -24.760485 -1.0672264 -3.0095208 0.931368 -0.0477762 -0.35911214 0.03717488
seq3/frame00044.png -23.587833 -0.8881791 -2.3287308 0.94098043 -0.06970295 -0.32809108 0.043421954
seq3/frame00045.png -22.843084 -0.75363237 -1.9377002 0.9419263 -0.040582705 -0.3322809 0.024971258
seq3/frame00046.png -22.028519 -0.78294915 -2.1789327 0.9454753 -0.058776554 -0.31801385 0.040836647
seq3/frame00047.png -21.265644 -0.7023524 -1.7226387 0.9496753 -0.051333457 -0.30703488 0.03536978
seq3/frame00048.png -20.452362 -0.61111027 -1.6854329 0.9511784 -0.0545815 -0.30058846 0.041409772
seq3/frame00049.png -19.743282 -0.54883695 -1.4485291 0.94875056 -0.04256867 -0.31045982 0.041546162
seq3/frame00050.png -18.906778 -0.5357106 -1.4765732 0.95213175 -0.04147446 -0.2980894 0.053648822
seq3/frame00051.png -18.191267 -0.45395243 -1.1551318 0.95750225 -0.05970912 -0.2788287 0.04174009
seq3/frame00052.png -17.344687 -0.48187476 -1.3741722 0.9639037 -0.084811285 -0.24953943 0.038909093
seq3/frame00053.png -16.278368 -0.21494882 -0.5481923 0.97693896 -0.07278254 -0.19987758 0.018523496
seq3/frame00054.png -15.917828 -0.23598908 -0.7029456 0.9796105 -0.053447366 -0.19301564 0.016835561
seq3/frame00055.png -15.532907 -0.17506768 -0.6284947 0.97763586 -0.03006468 -0.20648143 0.028480891
seq3/frame00056.png -14.625533 -0.1543189 -0.38721162 0.98757875 -0.02207314 -0.1531251 0.027356694
seq3/frame00057.png -13.015159 -0.01379912 0.14891204 0.99047685 -0.012482639 -0.13534983 0.019048063
seq3/frame00058.png -12.559714 -0.020196911 -0.042943105 0.9874874 -0.018482758 -0.15515724 0.02142527
seq3/frame00059.png -12.034424 -0.012887999 0.20826216 0.9878316 -0.008492274 -0.15334333 0.026299214
seq3/frame00060.png -11.066733 0.07099792 0.4908491 0.99071085 -0.014349938 -0.13400766 0.020325456
seq3/frame00061.png -10.509018 0.020266853 0.3478608 0.9879007 -0.011544815 -0.15167676 0.03206698
seq3/frame00062.png -9.42613 0.14461483 0.7411393 0.98991275 -0.0062545273 -0.14111757 0.009714572
seq3/frame00063.png -8.738272 0.22476919 1.0245967 0.99132466 -0.0006268858 -0.13058078 0.016476823
seq3/frame00064.png -8.1211815 0.2737659 1.0737233 0.99404645 -0.0068145418 -0.105200715 0.02561246
seq3/frame00065.png -7.328504 0.35911265 1.364094 0.9971929 -0.012376205 -0.06780654 0.027802743
seq3/frame00066.png -10.625588 0.3203034 1.8650234 0.977156 -0.11787912 -0.17309566 0.036428247
seq3/frame00067.png -5.7420263 0.46869725 1.710249 0.9980882 -0.02220948 -0.049255908 0.029510396
seq3/frame00068.png -5.161184 0.5437333 1.7236145 0.9995637 -0.022615891 0.016031694 0.0073799673
seq3/frame00069.png -4.209632 0.60287356 1.8159275 0.9952652 -0.005916277 0.09704526 -0.0006578102
seq3/frame00070.png -3.532847 0.4966007 1.852077 0.9977135 -0.0018389913 0.06382103 -0.024735847
seq3/frame00071.png -2.4391224 0.6985165 2.134504 0.99910164 0.0136358375 0.03633257 -0.019560758
seq3/frame00072.png -1.6025323 0.71115106 2.1406307 0.9985787 -0.008155311 0.047926065 -0.021136358
seq3/frame00073.png -1.1234503 0.72243994 2.351674 0.99930257 -0.009640239 0.035842806 0.0017262681
seq3/frame00074.png -0.26152173 0.7157816 2.4082985 0.9987022 -0.0024395208 0.05158882 -0.0012494
seq3/frame00075.png 0.60045624 0.7241101 2.5103214 0.9981267 -0.015859123 0.058238372 -0.004693419
seq3/frame00076.png 1.0175079 0.7392747 2.6037056 0.9983399 -0.011625708 0.05513969 -0.014143427
seq3/frame00077.png 1.8362004 0.7683393 2.6942234 0.99743295 0.0054015913 0.06816785 0.021012587
seq3/frame00078.png 3.069413 0.64052325 2.457173 0.9962754 0.00721719 0.08646366 0.0048685507
seq3/frame00079.png 3.7385755 0.9026665 3.1134875 0.99298584 -0.0058819307 0.11747725 -0.0082221255
seq3/frame00080.png 4.725744 0.8125855 2.5341918 0.98321253 -0.006847475 0.18085842 -0.022287076
seq3/frame00081.png 4.8660526 1.0921793 3.671305 0.9901893 0.013475426 0.13187926 -0.045807622
seq3/frame00082.png 6.1695404 1.013814 3.1150022 0.9872211 0.00027009664 0.1536266 -0.043239422
seq3/frame00083.png 6.9208093 1.1289617 3.5625026 0.9857738 0.017636623 0.16102552 -0.045313008
seq3/frame00084.png 7.5736628 1.2051854 3.8877223 0.98308766 0.010542249 0.17585446 -0.04849585
seq3/frame00085.png 8.166227 1.2652601 4.2963314 0.99009675 0.0149197895 0.13441716 -0.03785819
seq3/frame00086.png 8.999696 1.2458208 4.298344 0.977915 0.011916697 0.19814254 -0.0662481
seq3/frame00087.png 10.352188 1.241474 4.289774 0.9728913 -0.0010321203 0.21921818 -0.07473191
seq3/frame00088.png 10.490964 1.4084648 4.5771976 0.965187 -0.022916872 0.25297967 -0.06162073
seq3/frame00089.png 11.464783 1.5806112 5.3695574 0.9599811 -0.030540617 0.26973036 -0.06823632
seq3/frame00090.png 12.269283 1.39219 4.570566 0.95459026 -0.05452532 0.28606218 -0.06281706
seq3/frame00091.png 13.197893 1.4648004 4.881312 0.9550747 -0.02209209 0.28894296 -0.062451296
seq3/frame00092.png 14.16398 1.5434824 5.023204 0.95112294 -0.038185474 0.29805136 -0.07149825
seq3/frame00093.png 15.216367 1.5194439 5.2268496 0.9463776 -0.045365002 0.31193832 -0.07131789
seq3/frame00094.png 15.611056 1.4632322 4.8768897 0.9528651 -0.0732557 0.28603882 -0.06947468
seq3/frame00095.png 16.653427 1.5953596 5.424039 0.9518207 -0.0922611 0.2863255 -0.05974453
seq3/frame00096.png 17.103186 1.7431079 5.752011 0.9539839 -0.07164445 0.283846 -0.063655935
seq3/frame00097.png 17.934351 1.7965128 5.9469137 0.95083636 -0.07431541 0.29792812 -0.041603982
seq3/frame00098.png 18.482101 1.8659656 6.037432 0.9541728 -0.0855479 0.280722 -0.056961164
seq3/frame00099.png 18.855425 1.6382159 5.609659 0.97186905 -0.07137759 0.22073485 -0.04164201
seq3/frame00100.png 19.807503 1.4852498 5.0466685 0.96829057 -0.076811746 0.23506218 -0.03458486
seq3/frame00101.png 21.227407 1.8314655 6.37673 0.9651109 -0.06403899 0.25263566 -0.026984708
seq3/frame00102.png 21.119778 1.78731 6.248386 0.97441036 -0.0810467 0.20746948 -0.028836284
seq3/frame00103.png 22.464203 1.7034866 5.874472 0.974882 -0.07964023 0.20529974 -0.032173928
seq3/frame00104.png 23.577478 1.7641379 5.82261 0.9638332 -0.085579224 0.25047314 -0.030886617
seq3/frame00105.png 23.941988 2.5725667 8.636807 0.9514517 -0.052335087 0.29450655 -0.07189001
seq3/frame00106.png 25.172964 2.3202477 7.583149 0.9349894 -0.086053126 0.3390352 -0.05896252
seq3/frame00107.png 26.074696 2.2794948 7.369097 0.93943745 -0.074915215 0.3267219 -0.07135064
seq3/frame00108.png 26.306293 2.2719512 7.3595505 0.9487981 -0.10083967 0.28944927 -0.077018775
seq3/frame00109.png 27.03844 2.2597013 7.3592415 0.94470465 -0.07468148 0.31257758 -0.064859964
seq3/frame00110.png 27.491568 2.2832806 7.593383 0.95032173 -0.08598106 0.29739246 -0.03074135
seq3/frame00111.png 30.36406 2.2239978 7.532122 0.97618836 -0.07676478 0.20085457 -0.02931241
seq3/frame00112.png 29.053116 2.2869105 7.620783 0.9598894 -0.07454015 0.26827234 -0.032656796
seq3/frame00113.png 30.26813 2.3709064 7.774243 0.94721913 -0.08057924 0.304095 -0.06176689
seq3/frame00114.png 30.516756 2.382971 7.972543 0.9414782 -0.09204522 0.3200698 -0.051948566
seq3/frame00115.png 31.660013 2.5467505 8.630996 0.92374927 -0.064195305 0.36990997 -0.07493733
seq3/frame00116.png 32.826946 2.6767278 8.978764 0.92399013 -0.06968793 0.37065402 -0.06218752
seq3/frame00117.png 35.016724 3.33482 11.783512 0.9425429 -0.067838885 0.32171756 -0.059696615
seq3/frame00118.png 35.357628 3.2701685 11.341901 0.9441753 -0.08035208 0.31450036 -0.05623406
seq3/frame00119.png 34.25883 2.52357 8.680946 0.9525227 -0.08626885 0.28991005 -0.03617552
seq3/frame00120.png 34.924988 2.8491118 10.039459 0.9464422 -0.08493115 0.3100731 -0.031912237
seq3/frame00121.png 35.824833 2.8562176 9.953026 0.9448992 -0.07944095 0.31669283 -0.025394363
seq3/frame00122.png 36.086178 2.6232183 9.089026 0.9262424 -0.09728544 0.36175442 -0.041854694
seq3/frame00123.png 37.136127 2.593813 9.011201 0.93396014 -0.08563851 0.34400862 -0.04479993
seq3/frame00124.png 38.23331 3.0196562 10.540192 0.94328934 -0.10428376 0.3126871 -0.040657196
seq3/frame00125.png 38.628857 3.0493667 10.628054 0.9457971 -0.108039565 0.301571 -0.052863497
seq3/frame00126.png 34.631 2.5031998 8.653275 0.95174724 -0.11686176 0.27958632 -0.048177835
seq3/frame00127.png 35.644028 1.9173361 5.6943707 0.95853466 -0.08711768 0.26837924 -0.04079636
seq3/frame00128.png 41.639343 2.9427319 10.409931 0.9430935 -0.08406257 0.32023033 -0.031967275
seq3/frame00129.png 41.704113 3.0216272 10.584634 0.9390315 -0.06943616 0.3352574 -0.030074827
seq3/frame00130.png 39.009815 2.937764 9.818103 0.8870272 -0.039226867 0.4489055 -0.10058608
seq3/frame00131.png 42.773922 3.2743318 11.493776 0.91801137 -0.09434501 0.38224468 -0.047760677
seq3/frame00132.png 43.916504 3.3806484 11.747875 0.90269804 -0.10229816 0.4118986 -0.0702191
seq3/frame00133.png 44.76035 3.1612334 11.096209 0.9186088 -0.09711684 0.37747028 -0.06503143
seq3/frame00134.png 45.505924 3.1935441 11.519508 0.89238364 -0.14484173 0.42141703 -0.071642496
seq3/frame00135.png 40.284637 2.568421 8.838723 0.940284 -0.12958333 0.30919158 -0.059558988
seq3/frame00136.png 47.195915 3.445049 12.243722 0.90460587 -0.13184093 0.40207747 -0.052396525
seq3/frame00137.png 48.193295 3.5782263 12.664334 0.9196528 -0.10685023 0.3725372 -0.06402914
seq3/frame00138.png 48.542797 3.5431387 12.647465 0.92121553 -0.118322395 0.3634912 -0.07199895
seq3/frame00139.png 43.669216 3.272631 11.208895 0.91860825 -0.11298771 0.37104523 -0.0749628
seq3/frame00140.png 50.055298 3.6590095 13.118983 0.90450394 -0.12101481 0.4031837 -0.06903522
seq3/frame00141.png 50.46763 3.744897 13.283676 0.8923414 -0.09862553 0.43681633 -0.055789087
seq3/frame00142.png 51.353146 3.8931031 13.827261 0.89418775 -0.07794443 0.4387618 -0.044148568
seq3/frame00143.png 52.01308 3.8148873 13.484429 0.9107887 -0.084931724 0.4007027 -0.052418858
seq3/frame00144.png 52.441914 3.7968907 13.558184 0.90905976 -0.089352965 0.4042766 -0.044474855
seq3/frame00145.png 52.885994 3.579942 12.595214 0.9280828 -0.08029012 0.3625524 -0.028948177
seq3/frame00146.png 53.81336 3.8893201 14.053668 0.9251127 -0.105942056 0.36225426 -0.041657213
seq3/frame00147.png 53.97306 3.5642707 12.23543 0.94627595 -0.11031639 0.29933694 -0.05307711
seq3/frame00148.png 55.78494 3.3192403 10.999948 0.9376014 -0.09330421 0.32812127 -0.06760966
seq3/frame00149.png 55.540646 3.57152 12.057793 0.935941 -0.08945651 0.3354159 -0.058412183
seq3/frame00150.png 57.44409 3.9448836 13.542878 0.93188334 -0.082138546 0.34938827 -0.05353454
seq3/frame00151.png 57.71796 3.2909172 10.755548 0.9547267 -0.07510336 0.28492177 -0.041188486
seq3/frame00152.png 65.67933 4.128964 13.878201 0.95618165 -0.060283672 0.28489426 -0.030711373
seq3/frame00153.png 60.15374 4.034841 14.075945 0.96745 -0.07975071 0.23765269 -0.034613427
seq3/frame00154.png 65.054794 4.4283 15.821992 0.9557832 -0.0937702 0.27812198 -0.01714009
seq3/frame00155.png 65.50712 4.5391035 16.150822 0.9507062 -0.105429456 0.28681692 -0.05251443
seq3/frame00156.png 61.70496 3.7385144 13.196128 0.950968 -0.1050823 0.2907473 -0.0061540543
seq3/frame00157.png 37.17749 1.8614997 5.8872414 0.97203624 -0.11114313 0.20105062 -0.049218915
seq3/frame00158.png 66.78319 4.6460013 16.834839 0.95269954 -0.07874154 0.29376596 -0.007955706
seq3/frame00159.png 64.54116 4.454786 15.913714 0.9402472 -0.07369638 0.33148193 -0.025435444
seq3/frame00160.png 64.88724 4.981184 18.246416 0.9177274 -0.06884609 0.38684845 -0.058468416
seq3/frame00161.png 64.85339 4.8173075 18.143686 0.89260334 -0.06400456 0.4433697 -0.050066296
seq3/frame00162.png 64.92482 4.8075824 17.931948 0.89471143 -0.05264676 0.44047627 -0.05203564
seq3/frame00163.png 65.11872 4.8508387 17.807402 0.9075555 -0.06860637 0.41063637 -0.05412208
seq3/frame00164.png 66.79417 4.7848454 17.59968 0.9422391 -0.04819267 0.326149 -0.0577845
seq3/frame00165.png 67.48713 5.078685 18.480268 0.9084884 -0.06357143 0.40423015 -0.08556541
seq3/frame00166.png 67.39965 4.850096 17.597878 0.90331775 -0.055318333 0.41168857 -0.10758122
seq3/frame00167.png 68.67919 5.1471334 18.71597 0.8789147 -0.06208584 0.46470854 -0.08832942
seq3/frame00168.png 69.504135 4.6966267 17.324974 0.86896855 -0.053823154 0.4775673 -0.11837016
seq3/frame00169.png 61.555763 4.5898514 16.49099 0.8358635 -0.07572647 0.52897966 -0.125866
seq3/frame00170.png 70.76854 4.91919 18.336752 0.861632 -0.08896175 0.48631856 -0.11456785
seq3/frame00171.png 70.55627 4.513954 16.611101 0.89299965 -0.107438944 0.40586722 -0.16227196
seq3/frame00172.png 71.51717 4.867158 18.192955 0.88705015 -0.1132674 0.4300278 -0.12425223
seq3/frame00173.png 70.07511 4.8144393 17.616798 0.8360176 -0.09263651 0.5209763 -0.14553747
seq3/frame00174.png 65.17936 4.670686 16.925697 0.82951844 -0.07075081 0.5402968 -0.12162961
seq3/frame00175.png 72.06866 4.670585 16.643414 0.82785755 -0.071025915 0.54083043 -0.13120447
seq3/frame00176.png 73.50798 4.920764 17.823889 0.8357002 -0.075282104 0.5367312 -0.088625036
seq3/frame00177.png 74.565285 4.6997175 16.80577 0.8343066 -0.067749284 0.53535604 -0.11343953
seq3/frame00178.png 74.8662 4.8736496 17.054737 0.84772 -0.076734 0.5118692 -0.115827546
seq3/frame00179.png 74.35928 4.566038 16.202766 0.9241069 -0.06250883 0.3601816 -0.11137729
seq7/frame00001.png -58.84735 -2.5327027 -5.6714435 0.8208415 -0.0427225 -0.5623119 0.09096297
seq7/frame00002.png -58.74479 -2.5432343 -5.7510843 0.8228297 -0.043452207 -0.5594025 0.090738565
seq7/frame00003.png -58.760475 -2.5757287 -5.8139606 0.82462275 -0.043330356 -0.5563489 0.09179711
seq7/frame00004.png -52.70161 -2.2635102 -5.014457 0.83585614 -0.036654983 -0.53864455 0.09980574
seq7/frame00005.png -58.34754 -2.552791 -5.73002 0.8348137 -0.011767725 -0.5403789 0.10433754
seq7/frame00006.png -57.6502 -2.5887911 -5.956824 0.8358098 -0.018670224 -0.5381555 0.107632615
seq7/frame00007.png -56.292206 -2.4518476 -6.022547 0.7824421 -0.019972667 -0.60661274 0.13979252
seq7/frame00008.png -56.397156 -2.6804302 -6.403905 0.8609208 -0.02386927 -0.49946177 0.09316483
seq7/frame00009.png -55.682003 -2.697029 -6.5882015 0.8523516 -0.0112120295 -0.51269716 0.10213985
seq7/frame00010.png -55.01644 -2.715375 -6.6333146 0.85734475 -0.0089504495 -0.50408393 0.10382251
seq7/frame00011.png -54.296597 -2.7956305 -6.9906893 0.8606902 -0.010113602 -0.4999725 0.096556954
seq7/frame00012.png -53.510666 -2.8356247 -7.201156 0.85184145 0.0053099114 -0.51168483 0.1121173
seq7/frame00013.png -52.892776 -2.8820684 -7.51926 0.85495627 -0.007929357 -0.50673527 0.11078543
seq7/frame00014.png -52.41156 -2.8673935 -7.4513917 0.85406435 -0.008709649 -0.5079309 0.11247885
seq7/frame00015.png -51.623997 -2.950959 -7.674911 0.8764848 0.00051294715 -0.46986648 0.10445791
seq7/frame00016.png -50.719032 -2.9297123 -7.8254833 0.86275566 0.007867161 -0.4928141 0.11263544
seq7/frame00017.png -50.012238 -2.927445 -7.9733467 0.8713304 -0.021765381 -0.47584638 0.11767134
seq7/frame00018.png -49.494553 -2.9348364 -8.02106 0.8676243 -0.0012786541 -0.482886 0.118589
seq7/frame00019.png -48.65888 -2.9569278 -8.169897 0.866107 -0.0016518632 -0.48558772 0.119465426
seq7/frame00020.png -47.692505 -2.9684587 -8.218876 0.84976625 -7.668756e-05 -0.5133306 0.120260835
seq7/frame00021.png -47.06015 -2.9663205 -8.0435095 0.8753454 -0.013953377 -0.4682263 0.119035535
seq7/frame00022.png -46.14537 -2.855112 -8.147793 0.8709694 0.01096801 -0.4711431 0.13900816
seq7/frame00023.png -45.24572 -2.8815234 -8.244453 0.8728928 0.005906825 -0.47076038 0.12831745
seq7/frame00024.png -45.004997 -2.6358786 -7.2338414 0.8351336 0.0031425625 -0.53285044 0.13699833
seq7/frame00025.png -43.840645 -2.4912162 -7.102359 0.84578 -0.036514506 -0.52014804 0.11347057
seq7/frame00026.png -43.101933 -2.4313455 -7.0163283 0.8276398 -0.040826578 -0.5501279 0.10317316
seq7/frame00027.png -42.319202 -2.3522356 -6.693804 0.8513524 -0.04057453 -0.512497 0.104720965
seq7/frame00028.png -41.665333 -2.264001 -6.2473125 0.85245717 -0.027977636 -0.5090321 0.11582887
seq7/frame00029.png -40.905792 -2.1634989 -5.967068 0.87505287 -0.040997006 -0.47049844 0.10604058
seq7/frame00030.png -40.1743 -2.1132514 -5.616581 0.89018446 -0.02068878 -0.4436802 0.10135833
seq7/frame00031.png -39.57982 -1.9276234 -4.878588 0.90867716 -0.026908038 -0.402954 0.10619255
seq7/frame00032.png -38.700333 -1.8367871 -5.0125093 0.8802188 -0.029274615 -0.46382308 0.0969092
seq7/frame00033.png -37.869473 -1.8090097 -4.7947035 0.8847851 -0.038237385 -0.4574062 0.08102483
seq7/frame00034.png -37.03971 -1.7929122 -4.6480427 0.8812528 -0.030824207 -0.46614596 0.07163033
seq7/frame00035.png -36.388714 -1.6659106 -4.4408913 0.89428186 -0.03832841 -0.44062296 0.06870661
seq7/frame00036.png -35.49904 -1.6583216 -4.436367 0.89799446 -0.019100603 -0.434456 0.06788243
seq7/frame00037.png -34.884247 -1.5905858 -4.098638 0.9014798 -0.01397429 -0.42468208 0.0836342
seq7/frame00038.png -33.94302 -1.6125737 -4.24896 0.8919649 -0.0137929125 -0.44456384 0.081431404
seq7/frame00039.png -33.20676 -1.5662546 -4.226922 0.8906776 -0.013374564 -0.44675994 0.083411455
seq7/frame00040.png -32.360172 -1.5027883 -4.132348 0.88729423 -0.009059734 -0.4545042 0.07807396
seq7/frame00041.png -31.564365 -1.449096 -4.0365233 0.89475304 -0.0059485137 -0.4382425 0.084889404
seq7/frame00042.png -30.853846 -1.4229627 -3.8982282 0.89222556 -0.014599337 -0.44298658 0.08650754
seq7/frame00043.png -30.111483 -1.3841567 -3.69558 0.90785855 -0.018011102 -0.41331095 0.06831582
seq7/frame00044.png -29.116064 -1.4154499 -3.8868575 0.9066515 -0.010143906 -0.4133489 0.08429953
seq7/frame00045.png -28.362165 -1.420776 -3.9695916 0.92461956 -0.00645881 -0.37363714 0.07389434
seq7/frame00046.png -27.582731 -1.3035554 -3.8381076 0.9262335 0.007970905 -0.36868826 0.07782832
seq7/frame00047.png -26.882252 -1.2398956 -3.583732 0.9287938 0.0011838424 -0.36087167 0.083408445
seq7/frame00048.png -26.052109 -1.1963387 -3.5019138 0.93483466 0.0116251465 -0.34590527 0.078829154
seq7/frame00049.png -25.387327 -1.1064607 -3.1590674 0.93944645 -0.003296696 -0.33383322 0.07731253
seq7/frame00050.png -24.602346 -0.9888621 -2.8065789 0.9329485 0.0076544005 -0.35221162 0.07492099
seq7/frame00051.png -23.98609 -0.8619344 -2.4567316 0.94106567 -0.006577315 -0.33166695 0.06589275
seq7/frame00052.png -23.339705 -0.77813226 -2.194898 0.94187397 -0.0062277312 -0.33035594 0.060414053
seq7/frame00053.png -22.50733 -0.736797 -2.0505373 0.95036066 -0.0016083717 -0.30496684 0.06127161
seq7/frame00054.png -21.91156 -0.66776633 -1.8592619 0.96060467 0.008333733 -0.2712801 0.059996523
seq7/frame00055.png -21.028833 -0.6418283 -1.8164765 0.9591464 0.004384359 -0.27474236 0.067209914
seq7/frame00056.png -20.303825 -0.60195196 -1.9358006 0.9611529 -0.0010838134 -0.26634634 0.07153726
seq7/frame00057.png -19.554674 -0.6118142 -1.8154907 0.9567606 -0.0006580579 -0.28543833 0.05707451
seq7/frame00058.png -18.650946 -0.62486774 -1.9452792 0.95894593 0.0026784756 -0.28008726 0.04353826
seq7/frame00059.png -17.969034 -0.5373203 -1.6181039 0.96562594 -0.012626898 -0.25556818 0.045217328
seq7/frame00060.png -17.27493 -0.5268931 -1.5607793 0.96645516 -0.02050783 -0.25317776 0.03847471
seq7/frame00061.png -16.585314 -0.5173208 -1.368473 0.9625177 -0.007677315 -0.26500028 0.05788636
seq7/frame00062.png -15.59591 -0.44955122 -1.3200581 0.9654062 -0.021253822 -0.2559445 0.0448811
seq7/frame00063.png -14.848664 -0.3462156 -0.77798235 0.96320474 -0.022634715 -0.26394886 0.04508449
seq7/frame00064.png -12.669612 -0.33417645 -0.7193553 0.9562149 -0.018762022 -0.27900958 0.08585569
seq7/frame00065.png -13.299145 -0.35362682 -0.94313586 0.96806204 -0.0017842497 -0.24646385 0.045630418
seq7/frame00066.png -11.138396 -0.18099558 -0.23630267 0.96725076 0.011398567 -0.24837469 0.051851716
seq7/frame00067.png -10.502606 -0.18367285 -0.30488515 0.9727808 0.0033114532 -0.22620486 0.049234726
seq7/frame00068.png -11.044996 -0.22945762 -0.702438 0.98624605 0.0057146316 -0.1636971 0.019898592
seq7/frame00069.png -10.370136 -0.20368353 -0.6378087 0.9920397 0.011880709 -0.124446936 0.015080862
seq7/frame00070.png -6.4447784 0.1644851 0.6694353 0.9987234 0.0051592737 -0.039578866 -0.030745046
seq7/frame00071.png -5.9894433 0.123272456 0.45275155 0.99863845 0.007349313 -0.044034977 -0.025341526
seq7/frame00072.png -7.4796147 0.0953384 0.18772157 0.99970984 -0.007095041 -0.018695887 0.0027000208
seq7/frame00073.png -7.419958 0.13859774 0.30831152 0.99993616 -0.003385853 -0.009104654 -0.0009310691
seq7/frame00074.png -6.7418637 0.20959678 0.66452026 0.9996443 -0.016590632 -0.021344092 0.0019659672
seq7/frame00075.png -6.106414 0.26426777 0.88857484 0.99980474 0.0001085743 -0.002863061 -0.019612346
seq7/frame00076.png -5.423312 0.36915994 1.3048939 0.9995871 -0.026750315 -0.015106437 -0.008021241
seq7/frame00077.png -4.7831273 0.42066148 1.435617 0.999911 -0.010098719 -0.010371079 0.00080154516
seq7/frame00078.png -3.9127939 0.56044734 1.9171561 0.99936295 -0.0057331 0.033732004 -6.821161e-05
seq7/frame00079.png -3.3573596 0.58461624 2.0639594 0.9997049 0.018849444 0.006290646 0.017938977
seq7/frame00080.png -2.558383 0.67352945 2.236103 0.99785346 -0.003760055 0.0594295 0.024595732
seq7/frame00081.png -1.9037752 0.72086537 2.3391488 0.99859095 -0.010012031 0.046744358 0.022938874
seq7/frame00082.png -1.4711334 0.769502 2.5760498 0.9975167 -0.015596168 0.059405655 0.034336086
seq7/frame00083.png -0.23823598 0.77377427 2.5012577 0.9918903 -0.013276223 0.12641469 0.007706144
seq7/frame00084.png 0.32433382 0.86020076 2.6944947 0.98891276 -0.022152603 0.1456558 0.013424006
seq7/frame00085.png 1.8165213 0.5382789 1.9399997 0.9903851 0.0026584545 0.13821018 0.0012111438
seq7/frame00086.png 1.785799 0.6977662 2.575134 0.9972904 -0.006331479 0.07422376 -0.0023330646
seq7/frame00087.png 2.6546342 0.6500843 2.189727 0.99752176 0.0024200003 0.068597026 0.019732427
seq7/frame00088.png 3.385512 0.69992983 2.5672958 0.9993723 0.0052586272 0.031741273 0.018234782
seq7/frame00089.png 3.99097 0.7142757 2.422678 0.99693376 0.004094726 0.0767494 -0.013337526
seq7/frame00090.png 4.6704774 0.6727679 2.5527465 0.9994504 0.018578526 0.029058348 0.0015101724
seq7/frame00091.png 5.4671154 0.61810756 2.1997018 0.99747485 0.027836086 0.061840855 0.023829306
seq7/frame00092.png 6.353235 0.82353115 2.3996122 0.9951677 0.026150366 0.09212563 0.023303637
seq7/frame00093.png 7.192016 0.7331964 2.2128296 0.99060273 0.0052110786 0.13576359 -0.0136295315
seq7/frame00094.png 7.5778112 0.5101185 1.6910819 0.9945761 -0.0053360607 0.10108732 -0.02688698
seq7/frame00095.png 8.137738 0.4503293 1.3498466 0.99284214 -0.01621215 0.116544046 -0.018917166
seq7/frame00096.png 8.597021 0.2641185 0.8293109 0.99534047 -0.0042323787 0.09431574 -0.021370532
seq7/frame00097.png 9.232753 0.36725593 0.7953486 0.98235965 -0.02843766 0.18245819 -0.030130748
seq7/frame00098.png 9.822599 0.293576 0.19262812 0.977321 -0.02018685 0.2038896 -0.054138117
seq7/frame00099.png 10.438528 0.0053500906 -0.89984256 0.9594403 -0.041833118 0.26932943 -0.0717187
seq7/frame00100.png 10.61314 -0.0010874644 -1.011431 0.9623613 -0.05724921 0.25759313 -0.064417556
seq7/frame00101.png 11.206315 -0.011280157 -1.1271178 0.9604011 -0.057921086 0.26437905 -0.06638903
seq7/frame00102.png 11.669808 -0.070534416 -1.4018859 0.95939827 -0.04330972 0.27486682 -0.046218555
seq7/frame00103.png 11.98389 -0.26808947 -2.0309546 0.95639616 -0.053146124 0.28284174 -0.051147033
