seq2/frame00001.png 46.667786 3.055573 10.423262 0.88690186 -0.08539149 0.45017663 -0.058492772
seq2/frame00002.png 46.625427 3.0901263 10.589174 0.8859797 -0.08486653 0.4523765 -0.056522466
seq2/frame00003.png 46.4554 3.0773003 10.535502 0.88688314 -0.08390663 0.45070153 -0.056836165
seq2/frame00004.png 48.495724 3.1707168 11.011009 0.8957575 -0.082248196 0.43372783 -0.052105393
seq2/frame00005.png 46.73044 3.1054273 10.774985 0.8911467 -0.08135002 0.44182584 -0.06360851
seq2/frame00006.png 43.0451 2.7958357 9.587755 0.8942732 -0.07726115 0.43539077 -0.06832755
seq2/frame00007.png 40.890972 2.8238425 9.411804 0.89530873 -0.04836958 0.4349868 -0.08282505
seq2/frame00008.png 39.24626 2.7549317 9.179105 0.90109086 -0.0417962 0.4233103 -0.08474077
seq2/frame00009.png 38.42493 2.6490211 8.967061 0.8982596 -0.06895858 0.4266492 -0.079803504
seq2/frame00010.png 35.531643 2.5080578 8.477093 0.89492315 -0.04569243 0.4372501 -0.07649402
seq2/frame00011.png 34.61902 2.418662 8.169699 0.90129584 -0.06682678 0.4222499 -0.069355674
seq2/frame00012.png 32.78419 2.3495255 7.7576857 0.90928406 -0.07919423 0.40523568 -0.052582093
seq2/frame00013.png 30.94888 2.1892 7.0912733 0.8943147 -0.064189844 0.4379495 -0.06525361
seq2/frame00014.png 28.121954 2.1466565 7.0829825 0.9138402 -0.06894972 0.39515588 -0.063247226
seq2/frame00015.png 27.637774 2.2026198 7.236396 0.9020376 -0.06070376 0.42244464 -0.06434737
seq2/frame00016.png 26.386951 1.9933114 6.591885 0.9034177 -0.0658626 0.41704726 -0.07417402
seq2/frame00017.png 24.659288 1.6680719 5.3599706 0.9147886 -0.06240833 0.39254943 -0.07218722
seq2/frame00018.png 22.466425 1.6570195 5.3849535 0.91752476 -0.0487181 0.38799706 -0.071391016
seq2/frame00019.png 21.994179 1.5642035 4.879822 0.9272774 -0.064245954 0.3624442 -0.06859707
seq2/frame00020.png 19.072666 1.439068 4.582224 0.94301933 -0.05124889 0.32276183 -0.0627178
seq2/frame00021.png 17.641766 1.3018018 4.201374 0.9407254 -0.028887473 0.33358023 -0.05456414
seq2/frame00022.png 15.844161 1.2553568 4.0727806 0.9413007 -0.06332571 0.32897156 -0.042260177
seq2/frame00023.png 14.431337 1.2469623 3.9237742 0.94643795 -0.08739634 0.308423 -0.036864303
seq2/frame00024.png 13.151136 1.1487569 3.6950605 0.9558236 -0.07521556 0.28301305 -0.02908422
seq2/frame00025.png 11.801563 0.89886993 2.6183794 0.93875456 -0.04800365 0.3374799 -0.049503736
seq2/frame00026.png 10.8194895 0.9773761 3.1765373 0.9239432 -0.059670877 0.37208807 -0.06704364
seq2/frame00027.png 11.112028 1.0670096 3.5363033 0.9121636 -0.087532625 0.39396214 -0.07275882
seq2/frame00028.png 9.232815 1.1427618 3.7963362 0.95043075 -0.032585967 0.30527326 -0.04955339
seq2/frame00029.png 9.471025 1.1141511 3.902051 0.940044 -0.06842065 0.3292617 -0.05698284
seq2/frame00030.png 6.7190948 0.9236499 3.367494 0.95484066 -0.09275669 0.2780048 -0.049997736
seq2/frame00031.png 6.688076 0.96082467 3.6112616 0.9631943 -0.099264085 0.24609926 -0.042828508
seq2/frame00032.png 8.548391 0.9777917 3.5011806 0.9588457 -0.09835366 0.2629791 -0.042801954
seq2/frame00033.png 14.007059 0.9412928 2.7675679 0.94616765 -0.09972897 0.29492912 -0.089274615
seq2/frame00034.png 13.837239 0.9077289 2.80748 0.96216285 -0.04493874 0.26314256 -0.053589847
seq2/frame00035.png 4.66815 0.753464 2.6958954 0.96911895 -0.119309776 0.21180113 -0.04160782
seq2/frame00036.png 2.7990353 0.8105899 3.0439227 0.9777787 -0.1331618 0.15846455 -0.034723017
seq2/frame00037.png 3.5221918 0.6388944 2.0676944 0.9732245 -0.11211614 0.19850555 -0.02924203
seq2/frame00038.png 2.618752 0.8018418 2.6941893 0.97823054 -0.055135075 0.1984681 -0.023567628
seq2/frame00039.png 2.8710332 0.89663315 3.0207617 0.9738641 -0.054686632 0.21794744 -0.03200213
seq2/frame00040.png 1.9618161 0.5925678 1.7498174 0.97988516 -0.053211287 0.188351 -0.037842028
seq2/frame00041.png 0.83294123 0.42444956 1.2250859 0.9832091 -0.04431423 0.17505653 -0.025801713
seq2/frame00042.png -1.6456766 0.3598317 1.0916526 0.98988235 -0.040632974 0.13477245 -0.018280957
seq2/frame00043.png -4.5965247 0.2407672 0.7658464 0.9928061 -0.061286926 0.10023296 -0.020950455
seq2/frame00044.png -6.1036634 0.13614456 0.33847165 0.99724746 -0.051035088 0.05229318 -0.012183619
seq2/frame00045.png -17.194647 -0.45866442 -1.0170105 0.9961745 -0.0806391 0.023591366 -0.022492982
seq2/frame00046.png -7.5623837 -0.21103075 -0.71801174 0.99690163 -0.072823875 0.02172415 -0.018893316
seq2/frame00047.png -9.185994 -0.23247406 -0.7606188 0.9977486 -0.0658601 -0.00760424 -0.0128268
seq2/frame00048.png -11.134551 -0.1968802 -0.6824006 0.99831825 -0.038096704 -0.042535044 0.0047370885
seq2/frame00049.png -12.563793 -0.55041426 -1.992823 0.9939202 -0.051398963 -0.09609274 0.00937395
seq2/frame00050.png -19.061024 -0.6874714 -1.9839841 0.98357546 -0.040545076 -0.17546663 0.011628013
seq2/frame00051.png -16.46211 -0.61237824 -1.9893496 0.9865934 -0.04170258 -0.15653042 0.019917935
seq2/frame00052.png -17.803848 -0.97964233 -3.3870065 0.96921283 -0.041176207 -0.23947802 0.04117249
seq2/frame00053.png -20.12831 -1.1348974 -3.9300125 0.9595059 -0.03730102 -0.27422515 0.052362636
seq2/frame00054.png -21.52184 -1.4405202 -4.812786 0.94895846 -0.06403228 -0.30402356 0.054875605
seq2/frame00055.png -23.984829 -1.355869 -4.2974396 0.94951504 -0.044615816 -0.3047398 0.059374332
seq2/frame00056.png -25.15343 -1.4237024 -4.178951 0.93884015 -0.075802095 -0.3323507 0.049399577
seq2/frame00057.png -27.395987 -1.6531658 -5.0561185 0.93111056 -0.051208004 -0.35653442 0.057834603
seq2/frame00058.png -29.143206 -1.9031392 -5.627313 0.93930036 -0.05373932 -0.33387485 0.057412133
seq2/frame00059.png -30.99182 -1.8340502 -5.1193457 0.9330491 -0.07405736 -0.3462116 0.06314576
seq2/frame00060.png -32.869392 -2.0790145 -5.8842835 0.9205823 -0.06473052 -0.3808147 0.057336226
seq2/frame00061.png -34.679848 -1.9912949 -5.622357 0.90840954 -0.053775895 -0.4083988 0.07211383
seq3/frame00001.png -54.35093 -2.5934184 -6.22943 0.8345747 -0.024544166 -0.5342699 0.13206686
seq3/frame00002.png -54.38763 -2.6183538 -6.324436 0.83617616 -0.028295523 -0.53324085 0.12579963
seq3/frame00003.png -51.192287 -2.352679 -5.5395355 0.8413157 -0.029101333 -0.52565587 0.12221731
seq3/frame00004.png -54.40606 -2.7180147 -6.4831643 0.8420723 -0.032372046 -0.5275177 0.108267635
seq3/frame00005.png -53.370132 -2.7282465 -6.7951627 0.8349405 -0.038358938 -0.5411842 0.09221039
seq3/frame00006.png -51.838425 -2.497565 -6.074128 0.82451564 -0.018880023 -0.5615008 0.0668397
seq3/frame00007.png -50.2548 -2.3775694 -5.795546 0.84449065 -0.030373896 -0.52721673 0.088563375
seq3/frame00008.png -51.445683 -2.5006766 -6.1304326 0.847749 -0.026412021 -0.52373904 0.080915116
seq3/frame00009.png -50.41046 -2.6734097 -6.742166 0.86217743 -0.04534076 -0.49834424 0.07944249
seq3/frame00010.png -49.664448 -2.5906773 -6.470776 0.86743015 -0.04075138 -0.49095714 0.06957935
seq3/frame00011.png -49.312008 -2.5274026 -6.2570724 0.8748818 -0.03554046 -0.47703058 0.07600514
seq3/frame00012.png -47.61822 -2.3642817 -6.0386376 0.8758814 -0.042288724 -0.47691232 0.05902816
seq3/frame00013.png -47.36923 -2.3538127 -5.8689723 0.8749711 -0.03889079 -0.4776173 0.06874975
seq3/frame00014.png -46.531567 -2.300598 -5.7882 0.8720991 -0.034180198 -0.4845887 0.059468463
seq3/frame00015.png -46.266556 -2.2540855 -5.527387 0.87842196 -0.036684293 -0.47292605 0.056805324
seq3/frame00016.png -45.314594 -2.105026 -5.084696 0.8833535 -0.031719368 -0.46404135 0.057079203
seq3/frame00017.png -44.710926 -2.0872827 -5.0250573 0.892192 -0.04580817 -0.4446744 0.06549413
seq3/frame00018.png -43.867836 -2.1707644 -5.358106 0.8983589 -0.04890013 -0.43356308 0.051110577
seq3/frame00019.png -43.337452 -2.0888171 -5.104204 0.8937125 -0.026907861 -0.44545397 0.046359837
seq3/frame00020.png -42.624977 -2.0977247 -5.1012344 0.8956846 -0.032529596 -0.4418831 0.039342724
seq3/frame00021.png -41.52755 -2.0293274 -5.032127 0.8970869 -0.04378934 -0.43743116 0.042777397
seq3/frame00022.png -40.752754 -1.9036202 -4.7117777 0.8987862 -0.049457736 -0.43380243 0.03798264
seq3/frame00023.png -40.15014 -1.9430628 -4.8879647 0.89392483 -0.041481387 -0.44202277 0.06128641
seq3/frame00024.png -39.124165 -1.9406122 -4.8924656 0.8953832 -0.055346217 -0.43906283 0.049720794
seq3/frame00025.png -38.454945 -1.8273332 -4.560465 0.8960442 -0.042228356 -0.43907058 0.04974406
seq3/frame00026.png -37.544582 -1.7544479 -4.2512875 0.9037597 -0.055783674 -0.42206523 0.045377646
seq3/frame00027.png -37.073963 -1.7357485 -4.248219 0.9032813 -0.051525254 -0.4239455 0.0390852
seq3/frame00028.png -36.244194 -1.6650513 -4.104618 0.90939265 -0.059907846 -0.41072744 0.024247346
seq3/frame00029.png -35.550983 -1.5985422 -3.8756826 0.90700173 -0.034232806 -0.41634545 0.053989932
seq3/frame00030.png -34.90854 -1.6161479 -3.917365 0.9151604 -0.043740004 -0.39595217 0.06304647
seq3/frame00031.png -33.961742 -1.5768138 -3.8597097 0.9234667 -0.036281787 -0.37904873 0.04711686
seq3/frame00032.png -33.264515 -1.522723 -3.7363234 0.925797 -0.04734679 -0.3724505 0.04320685
seq3/frame00033.png -32.704468 -1.4908023 -3.5261984 0.9332353 -0.038687207 -0.3497687 0.072245575
seq3/frame00034.png -31.895163 -1.3643498 -3.3132806 0.9311235 -0.04475953 -0.3548662 0.070908755
seq3/frame00035.png -31.04379 -1.344387 -3.2017584 0.935589 -0.03768823 -0.34605947 0.058950044
seq3/frame00036.png -30.265474 -1.3387496 -3.364011 0.92711395 -0.04972984 -0.36686555 0.058811568
seq3/frame00037.png -29.604898 -1.2296255 -3.124793 0.9173409 -0.05614192 -0.3895846 0.05997136
seq3/frame00038.png -28.433737 -1.2097707 -3.2851174 0.91938466 -0.051860444 -0.38709542 0.04541966
seq3/frame00039.png -27.754995 -1.1867192 -3.2050233 0.9195733 -0.055698443 -0.38736022 0.035453226
seq3/frame00040.png -26.572952 -1.1866939 -3.349967 0.9248453 -0.049011983 -0.37370574 0.05092138
seq3/frame00041.png -25.91661 -1.1840185 -3.340325 0.9222285 -0.055707105 -0.38060138 0.038843
seq3/frame00042.png -25.557938 -1.1885397 -3.4991403 0.9287608 -0.05343838 -0.36472514 0.040897027
seq3/frame00043.png -24.682686 -1.1073358 -3.2042127 0.9304142 -0.049171507 -0.36109427 0.040147062
seq3/frame00044.png -23.055687 -0.98574674 -2.7287538 0.9447362 -0.06913503 -0.3176696 0.041332148
seq3/frame00045.png -22.70015 -0.993232 -2.9835331 0.94015735 -0.039092757 -0.33664617 0.036656927
seq3/frame00046.png -21.844704 -1.0123354 -3.0547447 0.9445549 -0.053076945 -0.32150868 0.041109093
seq3/frame00047.png -20.419329 -0.7407398 -2.051522 0.95097053 -0.047109287 -0.3026838 0.04100255
seq3/frame00048.png -20.053204 -0.7200489 -2.091645 0.9516762 -0.048703738 -0.30004147 0.043957517
seq3/frame00049.png -19.786312 -0.71664155 -2.0867584 0.9512541 -0.041405912 -0.30286893 0.042284794
seq3/frame00050.png -18.91539 -0.515648 -1.3720045 0.9537003 -0.03666508 -0.29428136 0.051065423
seq3/frame00051.png -18.04196 -0.5535031 -1.6236806 0.9587301 -0.053663526 -0.2764501 0.04048186
seq3/frame00052.png -15.687127 -0.40755656 -1.165734 0.9722713 -0.083096005 -0.21532483 0.03537842
seq3/frame00053.png -15.501613 -0.33611313 -0.8590865 0.9791348 -0.067185305 -0.19031969 0.022580272
seq3/frame00054.png -14.273058 -0.5030923 -1.7538842 0.9860242 -0.04912036 -0.15877037 0.015475565
seq3/frame00055.png -12.930296 -0.2063629 -0.4456305 0.9857336 -0.027423758 -0.16458602 0.022798963
seq3/frame00056.png -13.261856 -0.32180795 -1.0765845 0.99071765 -0.020779278 -0.13240232 0.024741672
seq3/frame00057.png -12.989413 -0.30376473 -1.0631888 0.9890662 -0.0051584174 -0.14622274 0.021769442
seq3/frame00058.png -12.031089 -0.091926806 -0.20792344 0.9882534 -0.016566034 -0.15022969 0.020343523
seq3/frame00059.png -10.976936 -0.06354058 -0.061591364 0.9910099 -0.00820912 -0.13130072 0.021941418
seq3/frame00060.png -10.073678 0.050424065 0.34163627 0.9939234 -0.014344087 -0.10804392 0.016083969
seq3/frame00061.png -10.188905 -0.06207351 -0.08826007 0.9880604 -0.007254055 -0.15075241 0.029358553
seq3/frame00062.png -8.93919 0.08961746 0.44741163 0.99046063 -0.0045305695 -0.1371295 0.0087618325
seq3/frame00063.png -8.3945465 0.07395704 0.3140715 0.9929421 0.0021648612 -0.11735259 0.013961522
seq3/frame00064.png -7.7642026 0.0753891 0.28970873 0.995249 -0.0042775883 -0.09492691 0.021386579
seq3/frame00065.png -7.341136 0.2925021 1.0704538 0.9977741 -0.012299216 -0.06345698 0.01976198
seq3/frame00066.png -8.31855 0.08701726 0.56739855 0.9917991 -0.10050901 -0.07825988 0.0009840608
seq3/frame00067.png -5.7917304 0.43886393 1.6564971 0.9986124 -0.02151663 -0.046343766 0.0146136405
seq3/frame00068.png -5.262647 0.42407832 1.3758352 0.9997911 -0.019467084 0.006322782 0.00014507496
seq3/frame00069.png -8.225588 0.3086738 1.1201496 0.9998979 0.0031329277 0.011438439 -0.006047978
seq3/frame00070.png -3.4135618 0.35759434 1.2281098 0.9975356 -0.002003974 0.06461403 -0.025762688
seq3/frame00071.png -2.356795 0.59454143 2.0096567 0.9991611 0.017099554 0.031799052 -0.019583948
seq3/frame00072.png -1.9842281 0.56765074 2.0046499 0.9987064 -0.00689159 0.046675734 -0.018780647
seq3/frame00073.png -1.7681153 0.5302043 1.8239344 0.99959785 -0.010929741 0.029041376 -0.001793329
seq3/frame00074.png -0.27275616 0.6373615 2.270693 0.9985041 -0.0032762946 0.054253 -0.009290064
seq3/frame00075.png 0.7752486 0.5821717 1.9960003 0.9979714 -0.014929032 0.060982943 -0.010207917
seq3/frame00076.png 1.6379905 0.54476 1.8344195 0.99728733 -0.011188116 0.07120742 -0.018966388
seq3/frame00077.png 1.2969701 0.6030515 2.1445491 0.9984216 0.0030904314 0.05515558 -0.008769205
seq3/frame00078.png 3.173155 0.60369945 2.0825593 0.99521995 -0.0014149381 0.094400615 -0.025361978
seq3/frame00079.png 3.7427511 0.74858165 2.5889645 0.99172634 -0.008167143 0.12435281 -0.027125267
seq3/frame00080.png 4.723909 0.7673875 2.5316985 0.9823127 -0.007742256 0.18375582 -0.034980103
seq3/frame00081.png 5.1234064 0.9301117 3.1184785 0.98931336 0.016172282 0.1368008 -0.04714014
seq3/frame00082.png 6.3411927 0.9354175 3.1036663 0.9866927 0.0006220341 0.15596743 -0.046554744
seq3/frame00083.png 7.3349 0.9210584 2.9480472 0.982774 0.019822435 0.17599404 -0.051999852
seq3/frame00084.png 6.452586 0.9883372 3.3318396 0.9860525 0.013635922 0.15983178 -0.04427431
seq3/frame00085.png 8.223991 0.9515632 3.251298 0.9885723 0.019316688 0.14308964 -0.043929722
seq3/frame00086.png 9.533957 1.0402739 3.6120756 0.9739561 0.014795316 0.218503 -0.05831468
seq3/frame00087.png 10.070523 1.1229347 3.9336963 0.97443753 0.0031489073 0.21503879 -0.06530611
seq3/frame00088.png 12.452842 1.1356611 3.6955705 0.9549178 -0.022119362 0.28920346 -0.0635537
seq3/frame00089.png 10.850617 1.2643812 4.2680125 0.96025705 -0.028672496 0.27027148 -0.06387952
seq3/frame00090.png 12.439652 1.2633994 4.2598553 0.954354 -0.050599832 0.28873146 -0.058184613
seq3/frame00091.png 13.714532 1.3164967 4.262552 0.9510027 -0.022891313 0.30181032 -0.062381316
seq3/frame00092.png 14.535393 1.3663157 4.48431 0.948435 -0.036840126 0.30748206 -0.06736234
seq3/frame00093.png 15.497872 1.4571359 4.9723372 0.9460845 -0.04488176 0.3137288 -0.06685815
seq3/frame00094.png 15.496002 1.4492236 4.873244 0.95511645 -0.070380434 0.28112602 -0.061484445
seq3/frame00095.png 16.554966 1.5492754 5.304456 0.95503455 -0.08570637 0.27795094 -0.05683769
seq3/frame00096.png 17.695509 1.5647554 5.1760926 0.95157796 -0.07220251 0.29291454 -0.059538346
seq3/frame00097.png 18.584389 1.667596 5.6019235 0.94673574 -0.074629515 0.31039923 -0.041500796
seq3/frame00098.png 19.131556 1.6791267 5.6939735 0.9492062 -0.085575685 0.29700667 -0.05882579
seq3/frame00099.png 18.990234 1.4560993 4.850467 0.96844023 -0.07310887 0.23432869 -0.04456652
seq3/frame00100.png 19.740484 1.4541681 4.761097 0.967399 -0.080714546 0.23749706 -0.036150347
seq3/frame00101.png 19.048092 1.5825608 5.3793654 0.96807975 -0.06559822 0.23980677 -0.031210471
seq3/frame00102.png 20.13094 1.4748359 4.985722 0.9773357 -0.08413829 0.19157521 -0.032890502
seq3/frame00103.png 21.955141 1.5087632 5.117928 0.9761919 -0.08017294 0.19793986 -0.037768193
seq3/frame00104.png 22.287106 1.6080625 5.3012743 0.96657413 -0.08275498 0.2407268 -0.031649984
seq3/frame00105.png 24.41128 2.406245 8.47399 0.9501906 -0.04989208 0.30024898 -0.06782446
seq3/frame00106.png 25.100355 2.2817326 7.750522 0.93579656 -0.086561576 0.33694354 -0.057444956
seq3/frame00107.png 26.16176 2.2539122 7.5922155 0.9403658 -0.07489156 0.3259793 -0.06280199
seq3/frame00108.png 26.112207 2.1997046 7.4911094 0.9525543 -0.098425284 0.2796187 -0.06872303
seq3/frame00109.png 26.925629 2.2932162 7.72283 0.9473874 -0.07429881 0.30531004 -0.060440745
seq3/frame00110.png 27.47044 2.155931 7.342585 0.95108736 -0.08463847 0.29502103 -0.035452392
seq3/frame00111.png 21.069069 1.6253453 5.6867356 0.99624276 -0.08154152 0.027668592 0.009701022
seq3/frame00112.png 27.164406 2.0345426 6.938301 0.9808539 -0.08099199 0.17598058 -0.021983098
seq3/frame00113.png 28.84404 2.3180435 7.7362885 0.9493877 -0.08282221 0.29749313 -0.05690096
seq3/frame00114.png 30.635422 2.3930976 8.206804 0.94116867 -0.094142474 0.32038957 -0.052689515
seq3/frame00115.png 31.393778 2.6160083 9.249697 0.92624134 -0.0650531 0.36446154 -0.070682906
seq3/frame00116.png 32.068314 2.4904778 8.344911 0.92552966 -0.0652776 0.36689177 -0.06699786
seq3/frame00117.png 33.15885 2.6005297 8.791997 0.9359499 -0.051685594 0.3412504 -0.06964314
seq3/frame00118.png 32.91709 2.498412 8.291954 0.9233197 -0.06270969 0.3708829 -0.077481195
seq3/frame00119.png 33.63578 2.4715607 8.464152 0.95201874 -0.08623065 0.29071987 -0.043003827
seq3/frame00120.png 34.00689 2.5922093 9.155052 0.9504591 -0.085868984 0.2964009 -0.03942378
seq3/frame00121.png 35.25238 2.602721 9.105945 0.9434759 -0.080279335 0.3198517 -0.033245195
seq3/frame00122.png 35.78552 2.657135 9.426022 0.9285751 -0.09857416 0.35558915 -0.04224582
seq3/frame00123.png 36.93942 2.591701 8.8796 0.9331828 -0.086772665 0.34570268 -0.0466116
seq3/frame00124.png 35.840984 2.7408774 9.521697 0.94793683 -0.10483485 0.2980892 -0.03920354
seq3/frame00125.png 37.584 2.707091 9.348174 0.94536126 -0.106143095 0.30400795 -0.051424984
seq3/frame00126.png 34.97236 2.46829 8.358772 0.95443374 -0.11060768 0.27268627 -0.04976378
seq3/frame00127.png 35.68163 2.3647306 7.864089 0.96450025 -0.08543289 0.24783106 -0.034378115
seq3/frame00128.png 41.49701 2.9903016 10.593648 0.9426748 -0.083990104 0.32132995 -0.031654965
seq3/frame00129.png 41.67972 2.7597346 9.523063 0.93697244 -0.07521957 0.3382412 -0.043943677
seq3/frame00130.png 42.226048 3.0909042 10.641764 0.92049193 -0.046348464 0.38078395 -0.07457025
seq3/frame00131.png 43.164757 3.1241937 11.052178 0.91436577 -0.09345099 0.3906646 -0.049815223
seq3/frame00132.png 44.283657 3.3014686 11.653478 0.89815426 -0.102756634 0.42167976 -0.06987212
seq3/frame00133.png 46.0655 3.1916316 11.242205 0.9340754 -0.10363916 0.33628568 -0.059662845
seq3/frame00134.png 45.665646 3.2744856 11.884891 0.8961461 -0.1341187 0.41878247 -0.06035264
seq3/frame00135.png 43.423244 3.0399172 10.74215 0.92436826 -0.12353737 0.35715052 -0.052919656
seq3/frame00136.png 45.940228 3.3445446 11.958417 0.9055306 -0.12784918 0.4012625 -0.05263483
seq3/frame00137.png 48.609673 3.5385015 12.682001 0.9164485 -0.108462445 0.3799753 -0.062381502
seq3/frame00138.png 49.002388 3.5146465 12.666655 0.9196051 -0.11121621 0.37216383 -0.05852521
seq3/frame00139.png 50.46637 3.5833802 12.836081 0.92467 -0.11045641 0.35875773 -0.06386132
seq3/frame00140.png 49.312893 3.5106595 12.685869 0.90498257 -0.11500623 0.40529543 -0.060101554
seq3/frame00141.png 51.392998 3.7503889 13.522865 0.88880944 -0.09867927 0.44406518 -0.05591174
seq3/frame00142.png 50.924217 3.759171 13.464218 0.89159626 -0.08201864 0.4426521 -0.048998907
seq3/frame00143.png 50.945354 3.6464756 12.960975 0.91088355 -0.081390865 0.40100798 -0.054279957
seq3/frame00144.png 52.068478 3.6863284 13.328871 0.91052103 -0.090511456 0.4011655 -0.0435306
seq3/frame00145.png 54.808918 3.7123232 13.405657 0.92598563 -0.08512176 0.3663238 -0.033234973
seq3/frame00146.png 54.31437 3.836929 14.044088 0.92328537 -0.10245581 0.36751878 -0.043176375
seq3/frame00147.png 51.476776 3.4006746 11.963773 0.95244783 -0.110731535 0.28081745 -0.03987631
seq3/frame00148.png 56.112724 3.6430256 12.702878 0.94203913 -0.09303545 0.3170474 -0.057370074
seq3/frame00149.png 54.96119 3.8010364 13.405829 0.943076 -0.08700761 0.31714958 -0.048771884
seq3/frame00150.png 56.091606 3.8869224 13.689336 0.9335336 -0.087376595 0.34346536 -0.053730026
seq3/frame00151.png 57.9459 3.8796446 13.652762 0.9571121 -0.0746429 0.27522668 -0.05071343
seq3/frame00152.png 61.882095 4.3614225 15.698995 0.9649975 -0.060472384 0.24839541 -0.057577297
seq3/frame00153.png 60.35595 4.280157 15.349123 0.96866345 -0.071509354 0.23289968 -0.04976478
seq3/frame00154.png 60.358585 4.2600684 15.689159 0.9822903 -0.092759155 0.16206346 -0.015642907
seq3/frame00155.png 60.335175 4.339848 15.67654 0.9669787 -0.09579002 0.23157927 -0.046364732
seq3/frame00156.png 57.1647 4.0203905 14.842609 0.9564524 -0.12843488 0.2583815 -0.043088324
seq3/frame00157.png 47.289486 3.1437972 11.131297 0.9172585 -0.112278454 0.3756028 -0.07040066
seq3/frame00158.png 65.09809 4.4416633 16.163591 0.9543832 -0.087145045 0.2807596 -0.051470328
seq3/frame00159.png 64.45059 4.6534224 17.07993 0.9418544 -0.08649586 0.32263336 -0.036905155
seq3/frame00160.png 65.15826 4.8712153 18.014986 0.916253 -0.07013551 0.39047572 -0.05503278
seq3/frame00161.png 62.56115 4.6521807 17.18959 0.89842576 -0.06482261 0.43079025 -0.05516385
seq3/frame00162.png 63.579647 4.6411333 17.262377 0.8957246 -0.058002546 0.43712118 -0.05737746
seq3/frame00163.png 63.910378 4.6754704 17.234169 0.90923834 -0.074749514 0.40576822 -0.0560701
seq3/frame00164.png 65.75701 4.7294507 17.442364 0.9432208 -0.037186254 0.31993786 -0.081108235
seq3/frame00165.png 66.69656 4.90714 17.83397 0.9070398 -0.0631662 0.40823004 -0.083216496
seq3/frame00166.png 67.18108 4.8174934 17.462053 0.9144472 -0.025782315 0.39246613 -0.09440839
seq3/frame00167.png 68.16855 4.95989 18.186375 0.8775978 -0.06341891 0.4673142 -0.08531182
seq3/frame00168.png 69.21706 4.5953484 16.863386 0.86814487 -0.04824234 0.48150513 -0.1097473
seq3/frame00169.png 57.932858 4.279209 15.564043 0.84263223 -0.0656474 0.52597433 -0.09498796
seq3/frame00170.png 68.963715 4.779241 17.6253 0.86812264 -0.07727508 0.4815978 -0.09085131
seq3/frame00171.png 68.86806 4.681006 17.352257 0.9133388 -0.0630042 0.39289492 -0.086897105
seq3/frame00172.png 68.549576 4.65598 17.171385 0.8983835 -0.1022258 0.41611323 -0.0962412
seq3/frame00173.png 62.504333 4.2211523 15.300853 0.83968776 -0.07201521 0.52898103 -0.099958904
seq3/frame00174.png 63.116917 4.292327 15.43544 0.8323588 -0.0597182 0.54148877 -0.10224117
seq3/frame00175.png 67.80354 4.2901773 15.322447 0.83797085 -0.061751314 0.5288316 -0.12027145
seq3/frame00176.png 68.051 4.433975 15.914973 0.8372943 -0.07649437 0.5337411 -0.090693176
seq3/frame00177.png 67.95502 4.293991 15.372655 0.8504061 -0.0670655 0.51207876 -0.10091805
seq3/frame00178.png 71.62081 4.5225067 16.321835 0.8517361 -0.06960781 0.5092103 -0.1021797
seq3/frame00179.png 73.03739 4.506784 16.323961 0.93160486 -0.04212433 0.34784746 -0.09649627
seq7/frame00001.png -57.66721 -2.2912776 -4.6879134 0.8404266 -0.049379226 -0.53198016 0.09088433
seq7/frame00002.png -57.168114 -2.435231 -5.2544794 0.8046664 -0.0452604 -0.5841533 0.09683011
seq7/frame00003.png -58.845337 -2.4439871 -5.0527725 0.8259516 -0.040992603 -0.554843 0.09056177
seq7/frame00004.png -57.03068 -2.4337773 -5.2205563 0.79666525 -0.027778637 -0.593457 0.111154795
seq7/frame00005.png -57.760452 -2.4702117 -5.402743 0.84126 -0.015607804 -0.530587 0.10217638
seq7/frame00006.png -56.197517 -2.5348825 -5.82797 0.7993652 -0.013708845 -0.5876306 0.12478539
seq7/frame00007.png -55.827686 -2.5101123 -5.73577 0.78908366 -0.007889447 -0.60116106 0.12599039
seq7/frame00008.png -55.481262 -2.9057584 -7.1138153 0.8227906 -0.025459068 -0.5557413 0.11603611
seq7/frame00009.png -55.59912 -2.6425278 -6.268055 0.85550386 -0.016547224 -0.5070402 0.10317706
seq7/frame00010.png -55.81194 -2.6975498 -6.461273 0.8531207 -0.0111852065 -0.5109443 0.10373991
seq7/frame00011.png -54.63428 -2.8537405 -7.2182612 0.8599392 -0.012322901 -0.5007904 0.09775665
seq7/frame00012.png -53.324364 -2.8772597 -7.3795195 0.8505616 0.005953025 -0.5133913 0.114146225
seq7/frame00013.png -53.264866 -2.7169921 -6.787314 0.8573749 -0.014692185 -0.5026963 0.10943567
seq7/frame00014.png -52.392464 -2.8189201 -7.348916 0.8525607 -0.013544051 -0.5096262 0.1142423
seq7/frame00015.png -51.077953 -3.0756774 -8.348219 0.88132787 0.001715769 -0.46343356 0.09192086
seq7/frame00016.png -50.62986 -2.918943 -7.8564706 0.86351246 0.006667591 -0.49065408 0.116071425
seq7/frame00017.png -49.833664 -3.0155516 -8.227476 0.8688493 -0.019009333 -0.48059168 0.11679929
seq7/frame00018.png -49.400906 -2.9981802 -8.359274 0.8629533 0.0010132561 -0.49171457 0.11579054
seq7/frame00019.png -48.473156 -3.0280619 -8.533064 0.8680536 0.0009998482 -0.48386627 0.11125718
seq7/frame00020.png -47.507065 -2.9341278 -8.238366 0.8503601 -0.0018541417 -0.5123208 0.11997497
seq7/frame00021.png -46.750576 -3.0194747 -8.488112 0.87677586 -0.0067331973 -0.46902817 0.10615324
seq7/frame00022.png -45.855362 -2.982485 -8.382334 0.8761116 0.01969987 -0.4674326 0.1168414
seq7/frame00023.png -45.14989 -2.8776276 -8.20725 0.87351644 0.011246039 -0.47262707 0.11638023
seq7/frame00024.png -45.062943 -2.6568756 -7.4840293 0.8373556 0.0069556735 -0.5314278 0.12760577
seq7/frame00025.png -44.731926 -2.4542294 -6.650945 0.8442804 -0.03663102 -0.52182007 0.11661463
seq7/frame00026.png -43.13474 -2.3821611 -6.568924 0.82888883 -0.0402582 -0.5481882 0.10339561
seq7/frame00027.png -42.453648 -2.3378093 -6.369707 0.8571525 -0.036457695 -0.5036155 0.101136714
seq7/frame00028.png -41.26527 -2.221306 -5.9468813 0.8559346 -0.025569094 -0.50475425 0.10975554
seq7/frame00029.png -41.191887 -2.157575 -5.557702 0.879745 -0.036177017 -0.4642022 0.096477285
seq7/frame00030.png -39.924046 -2.1391125 -5.696928 0.8904925 -0.015255002 -0.44479415 0.09545905
seq7/frame00031.png -39.027153 -2.027469 -5.2128286 0.91203594 -0.017507402 -0.39951044 0.09125847
seq7/frame00032.png -38.30247 -2.0178504 -5.4058576 0.8795091 -0.02288522 -0.466167 0.09262176
seq7/frame00033.png -37.702103 -1.8061357 -4.6659493 0.8894314 -0.038953427 -0.44860297 0.078238316
seq7/frame00034.png -36.30389 -1.8339499 -4.821217 0.88603735 -0.031825066 -0.4572032 0.06903626
seq7/frame00035.png -36.182365 -1.7027206 -4.307615 0.8992814 -0.039625432 -0.43005264 0.068096355
seq7/frame00036.png -35.244392 -1.7499424 -4.63944 0.8985108 -0.016684134 -0.43389177 0.06378158
seq7/frame00037.png -34.6799 -1.7325728 -4.645948 0.90237963 -0.013668534 -0.42332962 0.079668775
seq7/frame00038.png -33.67595 -1.7617415 -4.925806 0.89027077 -0.011471283 -0.44909775 0.07474334
seq7/frame00039.png -33.48515 -1.6392356 -4.4859524 0.8881802 -0.015861828 -0.45218405 0.081300065
seq7/frame00040.png -31.97926 -1.7322862 -5.095736 0.88494647 -0.0042882073 -0.45959732 0.07539888
seq7/frame00041.png -31.312857 -1.6011066 -4.6410704 0.89217573 -0.002599584 -0.44448876 0.080553316
seq7/frame00042.png -30.884026 -1.5863731 -4.566544 0.8882719 -0.0133478185 -0.451658 0.08280476
seq7/frame00043.png -29.84769 -1.6075226 -4.7900205 0.9042329 -0.015949124 -0.42139354 0.068493605
seq7/frame00044.png -28.578278 -1.6384802 -5.0089703 0.90720236 0.0035667592 -0.4150206 0.068576865
seq7/frame00045.png -28.55731 -1.5216217 -4.417024 0.92362005 -0.0055601737 -0.37730208 0.067255616
seq7/frame00046.png -27.526514 -1.4350796 -4.317155 0.9264228 0.0119549325 -0.36913434 0.073084556
seq7/frame00047.png -26.445496 -1.3414333 -4.052566 0.93250126 0.009596133 -0.35480937 0.0667209
seq7/frame00048.png -26.023798 -1.1937596 -3.5457277 0.9365523 0.01111125 -0.34273884 0.07375803
seq7/frame00049.png -25.006859 -1.2076834 -3.571902 0.94055986 0.0062621254 -0.33354467 0.063245974
seq7/frame00050.png -24.094784 -1.1817212 -3.5387168 0.9321149 0.014984885 -0.35574204 0.066227905
seq7/frame00051.png -23.595226 -1.1099957 -3.4120364 0.9435805 0.0040333467 -0.32643864 0.056330767
seq7/frame00052.png -23.143827 -1.0810364 -3.3774998 0.9387301 -0.0011835126 -0.33974427 0.058829132
seq7/frame00053.png -22.30302 -0.946978 -2.9604201 0.9517749 0.0039357254 -0.30187857 0.05408157
seq7/frame00054.png -21.932713 -0.91767 -2.8276417 0.9586448 0.01615157 -0.2791642 0.05248173
seq7/frame00055.png -20.372686 -0.85707784 -2.7619011 0.96319336 0.016362306 -0.26321372 0.051909253
seq7/frame00056.png -19.831081 -0.75670624 -2.4810832 0.9643646 0.01011465 -0.25906026 0.053165678
seq7/frame00057.png -19.282574 -0.57970464 -1.7168523 0.96028215 0.0006382389 -0.27446553 0.049772393
seq7/frame00058.png -18.06275 -0.44761914 -1.2454844 0.96457756 -0.0030028021 -0.26032782 0.04096848
seq7/frame00059.png -17.914568 -0.5157403 -1.4493291 0.96699256 -0.01330709 -0.25032312 0.045204543
seq7/frame00060.png -16.048027 -0.43014836 -1.2060376 0.9737784 -0.022563407 -0.2244702 0.031394888
seq7/frame00061.png -16.119291 -0.36842722 -0.9223479 0.9653037 -0.008334693 -0.25595304 0.05125659
seq7/frame00062.png -15.249172 -0.2765321 -0.51468843 0.96867585 -0.022210307 -0.24417752 0.039557915
seq7/frame00063.png -15.138357 -0.35613787 -0.79353964 0.96220624 -0.023603564 -0.26675925 0.049105622
seq7/frame00064.png -13.355196 -0.33622846 -0.97222674 0.97131675 -0.010885423 -0.23207748 0.051172707
seq7/frame00065.png -13.433101 -0.31915402 -0.6445989 0.95045805 0.0006125737 -0.3030642 0.06930583
seq7/frame00066.png -11.193298 -0.27991813 -0.6519013 0.96616143 0.012132778 -0.252475 0.050916396
seq7/frame00067.png -10.283177 -0.14976358 -0.37293518 0.97059995 0.009695489 -0.23482576 0.05221994
seq7/frame00068.png -10.742839 -0.13671805 -0.32632527 0.9878082 0.0040879534 -0.15447229 0.018823693
seq7/frame00069.png -9.755276 -0.12277425 -0.35925537 0.9934628 0.010635175 -0.11259705 0.013922036
seq7/frame00070.png -8.708471 0.0031890161 -0.031524688 0.99934787 -0.0025308544 -0.036000814 -0.005405955
seq7/frame00071.png -7.5287085 0.058261164 0.24146289 0.9967473 0.015005504 -0.07913895 -0.0018002485
seq7/frame00072.png -7.598466 0.081906065 0.19903421 0.99972457 -0.008907331 -0.018040158 -0.0036537838
seq7/frame00073.png -6.870567 0.10996759 0.24448214 1.0000038 -0.0042458163 0.0014704708 -0.003332699
seq7/frame00074.png -7.1071715 0.19433221 0.696813 0.9994774 -0.015299262 -0.030382859 0.0012899636
seq7/frame00075.png -5.9349384 0.16823839 0.58604896 0.9998838 0.0029395751 -0.003038333 -0.018528791
seq7/frame00076.png -5.530835 0.29816368 1.0994407 0.9994892 -0.02783486 -0.008516616 -0.009724947
seq7/frame00077.png -4.885345 0.32563388 1.1710932 0.9998725 -0.00896429 -0.016725747 -0.0010471487
seq7/frame00078.png -4.3386197 0.48570114 1.7241532 0.99939704 -0.004021469 0.033465676 -0.009989125
seq7/frame00079.png -3.429401 0.5952951 2.153397 0.9998352 0.016870538 0.0031346332 -0.006082457
seq7/frame00080.png -2.884796 0.54844683 1.877046 0.9983101 -0.00071440946 0.05761412 -0.009488574
seq7/frame00081.png -2.5818608 0.6023948 2.0380645 0.9994888 -0.0056071933 0.033151865 0.0020065731
seq7/frame00082.png -1.7255942 0.73140603 2.528467 0.99803865 -0.019360144 0.059061274 0.0044351486
seq7/frame00083.png 1.2434299 0.645637 1.9364078 0.9863369 -0.014574952 0.16144417 -0.029994775
seq7/frame00084.png 1.4812961 0.90242934 2.9809256 0.98507184 -0.026516974 0.16785544 -0.025969453
seq7/frame00085.png 1.5634966 0.78659356 2.7362828 0.9916693 -0.0010746877 0.12731041 -0.023028292
seq7/frame00086.png 1.900028 0.7155926 2.568986 0.9970983 -0.008015904 0.07380714 -0.015258353
seq7/frame00087.png 3.3024418 0.5015412 1.550994 0.99570197 0.0068753134 0.09064463 -0.016173175
seq7/frame00088.png 3.7961533 0.5687218 1.9881313 0.9992019 0.0036259044 0.038932264 -0.0066393767
seq7/frame00089.png 4.281369 0.620623 2.1920326 0.99626446 0.0060179904 0.08382155 -0.017922614
seq7/frame00090.png 5.0937285 0.6048165 2.0482852 0.99882776 0.019939536 0.04131171 -0.012836036
seq7/frame00091.png 5.9547257 0.671385 1.9294552 0.9961945 0.035397917 0.075160176 -0.025893686
seq7/frame00092.png 6.2958946 0.5384874 1.4145682 0.99430865 0.035648324 0.09862049 -0.020537145
seq7/frame00093.png 7.7559114 0.6169037 1.8446054 0.98763204 0.0058831726 0.15308027 -0.032376315
seq7/frame00094.png 8.181331 0.37544143 0.98921496 0.99357355 -0.0038373424 0.10974541 -0.028982729
seq7/frame00095.png 9.536298 0.31693837 0.6052727 0.9880282 -0.018426705 0.15051396 -0.029891565
seq7/frame00096.png 10.193085 0.2582733 0.5706111 0.9919164 -0.008357916 0.123615965 -0.027917154
seq7/frame00097.png 9.526562 0.32942358 0.5182804 0.98134893 -0.029716685 0.18751122 -0.029842304
seq7/frame00098.png 9.82521 0.20504186 -0.06972159 0.97645944 -0.020005148 0.20741539 -0.055259835
seq7/frame00099.png 10.188571 0.21589462 -0.08803465 0.96200323 -0.045993146 0.26082614 -0.066082746
seq7/frame00100.png 10.565917 -0.019298006 -0.9574151 0.962063 -0.056671962 0.25911018 -0.06458366
seq7/frame00101.png 10.958089 -0.06644891 -1.2673805 0.960473 -0.057496496 0.26431632 -0.06491021
seq7/frame00102.png 11.609259 -0.090077266 -1.2958294 0.96090424 -0.044311848 0.26946405 -0.045844633
seq7/frame00103.png 12.055959 -0.2547685 -1.9169301 0.95697045 -0.05449192 0.28084502 -0.049411613
