seq2/frame00001.png 45.907146 3.1339383 10.8054695 0.8898197 -0.0809647 0.44596773 -0.05284504
seq2/frame00002.png 45.845512 3.0896623 10.690496 0.89067024 -0.07819214 0.44525275 -0.04884374
seq2/frame00003.png 45.07917 3.0694444 10.651871 0.8915693 -0.07638728 0.44340786 -0.051437654
seq2/frame00004.png 45.7774 3.0925643 10.551151 0.8785684 -0.070984066 0.46948427 -0.05228379
seq2/frame00005.png 42.823128 2.9602687 9.988391 0.8814184 -0.0728722 0.46243003 -0.062681176
seq2/frame00006.png 35.911343 2.5705528 8.795637 0.904993 -0.07316155 0.41270056 -0.07155643
seq2/frame00007.png 41.072464 2.782825 9.177447 0.8944788 -0.047354233 0.43694395 -0.08174143
seq2/frame00008.png 39.26912 2.801727 9.4930315 0.9018167 -0.047715772 0.42010686 -0.088361114
seq2/frame00009.png 38.40413 2.8532467 9.568504 0.9008578 -0.07063594 0.41893473 -0.090030484
seq2/frame00010.png 36.13006 2.6225128 8.910932 0.8970455 -0.047840882 0.434595 -0.06365416
seq2/frame00011.png 34.693485 2.4163282 8.163157 0.89960545 -0.06579609 0.42641625 -0.067453876
seq2/frame00012.png 32.579678 2.366205 7.711518 0.9095662 -0.0746031 0.40681177 -0.038105607
seq2/frame00013.png 30.187735 2.172868 7.201009 0.89936364 -0.060814604 0.42930666 -0.057775598
seq2/frame00014.png 29.563091 2.1462703 6.9290123 0.90573573 -0.06883762 0.4137454 -0.059636578
seq2/frame00015.png 30.367132 2.2727258 7.5793853 0.92154425 -0.06697561 0.37565106 -0.07136346
seq2/frame00016.png 28.401367 2.0550454 6.841005 0.9206671 -0.07453424 0.37190413 -0.09168651
seq2/frame00017.png 25.724386 1.9224639 6.390428 0.9511927 -0.064538896 0.29114679 -0.079588555
seq2/frame00018.png 22.785793 1.7011671 5.557965 0.91420126 -0.04708288 0.39617082 -0.07029697
seq2/frame00019.png 21.80206 1.5188966 4.964719 0.92484826 -0.06542533 0.36691216 -0.07594079
seq2/frame00020.png 19.319382 1.4465972 4.7523646 0.9408934 -0.050266493 0.32903704 -0.06364042
seq2/frame00021.png 17.50292 1.3270324 4.346009 0.94204897 -0.02656183 0.3300135 -0.054485455
seq2/frame00022.png 15.866567 1.3349103 4.4854746 0.9401911 -0.06424387 0.33193523 -0.041215647
seq2/frame00023.png 15.1316595 1.2247454 3.9930305 0.94408226 -0.08122077 0.31896207 -0.020183133
seq2/frame00024.png 12.735627 1.1413654 3.6957994 0.95562166 -0.07478471 0.28444627 -0.014363655
seq2/frame00025.png 12.138365 0.8427393 2.4306145 0.93707055 -0.046428528 0.34444723 -0.034806
seq2/frame00026.png 12.273112 0.8006674 2.7004962 0.9166586 -0.05673188 0.38779956 -0.077320725
seq2/frame00027.png 10.095023 1.1478767 4.045507 0.9297238 -0.08404962 0.34856227 -0.084542975
seq2/frame00028.png 9.692757 0.77065283 2.3231719 0.95614195 -0.025801012 0.28886056 -0.04132187
seq2/frame00029.png 10.027467 0.5701498 1.781032 0.95304453 -0.08339016 0.2799677 -0.079987615
seq2/frame00030.png 8.8254385 0.9317415 3.512309 0.94445145 -0.09473907 0.31082323 -0.049608838
seq2/frame00031.png 7.1060114 0.9349163 3.5944586 0.96131843 -0.09906639 0.25296885 -0.045889843
seq2/frame00032.png 8.501417 1.0211374 3.67529 0.96795833 -0.103239484 0.22200552 -0.05630292
seq2/frame00033.png 5.3134203 0.018474218 -0.73156965 0.9510279 -0.053995173 0.29922375 -0.055608064
seq2/frame00034.png -3.494615 -0.5051298 -2.8553164 0.9760875 -0.07079026 0.197537 -0.056021623
seq2/frame00035.png 5.2624927 0.3875959 1.3000938 0.95961684 -0.1301403 0.24121796 -0.063382246
seq2/frame00036.png 6.009106 0.5420399 1.9241421 0.9634128 -0.1370004 0.22444795 -0.051790684
seq2/frame00037.png 4.5072575 0.42129132 1.3305242 0.9760302 -0.1084606 0.18315904 -0.044102944
seq2/frame00038.png 2.5699778 0.77477276 2.4976842 0.9788315 -0.05247096 0.19722421 -0.018063711
seq2/frame00039.png 2.153522 0.68724686 2.0472188 0.9788155 -0.053607006 0.19639659 -0.021645695
seq2/frame00040.png 1.3430222 0.5654138 1.5088944 0.98256516 -0.05008333 0.17549218 -0.03614128
seq2/frame00041.png 0.51892734 0.42271873 1.195685 0.9849723 -0.040397435 0.16743313 -0.013205247
seq2/frame00042.png -1.623116 0.3040038 0.86080027 0.9912156 -0.034611605 0.12820204 0.0022469626
seq2/frame00043.png -4.7606544 0.42019495 1.5582516 0.99245167 -0.06455532 0.104503594 0.005047273
seq2/frame00044.png -5.3846135 0.19680738 0.5608439 0.99643415 -0.050701257 0.067469575 0.010070056
seq2/frame00045.png -10.948526 -0.43668258 -1.5410643 0.9980797 -0.045074113 -0.019473486 -0.036371052
seq2/frame00046.png -7.477553 -0.5207821 -1.9215521 0.9962958 -0.056629736 0.04471749 -0.04630802
seq2/frame00047.png -9.250384 -0.27735656 -0.87309664 0.9978523 -0.064944655 -0.005320149 -0.0041137473
seq2/frame00048.png -12.042595 -0.36771184 -1.1220474 0.9966647 -0.034115024 -0.06941412 0.024151511
seq2/frame00049.png -12.789924 -0.7355725 -2.6775448 0.99310094 -0.045758884 -0.106748074 0.018701507
seq2/frame00050.png -17.58614 -0.72451866 -2.2778873 0.9891289 -0.03873512 -0.14109673 0.013168899
seq2/frame00051.png -17.93499 -0.9375938 -2.8863955 0.98037606 -0.036180988 -0.19199196 0.026139686
seq2/frame00052.png -18.217043 -0.81846976 -2.570192 0.96614015 -0.049292907 -0.24812737 0.051377613
seq2/frame00053.png -19.956522 -1.0502377 -3.3613594 0.95988023 -0.044470754 -0.27008167 0.060731158
seq2/frame00054.png -19.90069 -1.5255678 -5.1589165 0.95397526 -0.058585506 -0.28902087 0.054712858
seq2/frame00055.png -23.963453 -1.3554838 -4.1722 0.92440844 -0.013164556 -0.37849838 0.043801807
seq2/frame00056.png -22.1767 -1.3196146 -3.623532 0.9201584 -0.061499026 -0.38154653 0.06332333
seq2/frame00057.png -26.816898 -1.5000567 -4.3679385 0.93466824 -0.05526223 -0.3452626 0.0628643
seq2/frame00058.png -29.034624 -1.8519254 -5.393552 0.93994856 -0.055324238 -0.33080956 0.06252353
seq2/frame00059.png -31.407778 -1.8462602 -5.2250214 0.9315906 -0.074751414 -0.3505828 0.060437866
seq2/frame00060.png -32.8877 -1.9752784 -5.528167 0.92230755 -0.06568079 -0.37579364 0.060587265
seq2/frame00061.png -34.988667 -1.9922849 -5.602271 0.9062216 -0.06452846 -0.41022414 0.07969219
seq3/frame00001.png -51.448902 -2.5482554 -6.2839103 0.86480844 -0.020349713 -0.48754346 0.11863078
seq3/frame00002.png -54.661865 -2.8924606 -7.399408 0.83149225 -0.021390228 -0.54045725 0.12715276
seq3/frame00003.png -51.64132 -2.5265062 -6.203969 0.85940903 -0.028937459 -0.4989717 0.10787877
seq3/frame00004.png -53.91368 -2.9014165 -7.486502 0.83655125 -0.02526073 -0.5378716 0.10164938
seq3/frame00005.png -47.956097 -2.3105104 -5.565642 0.8420181 -0.04041932 -0.5295961 0.09422074
seq3/frame00006.png -51.57024 -2.515186 -6.2593746 0.82984537 -0.023637034 -0.5529018 0.0708941
seq3/frame00007.png -52.349426 -2.6123164 -6.4888086 0.8317595 -0.032976866 -0.5456724 0.097651966
seq3/frame00008.png -51.281063 -2.5188887 -6.2815685 0.8436997 -0.035442572 -0.5283779 0.08738798
seq3/frame00009.png -44.920067 -2.1523092 -5.3357735 0.8699614 -0.049284052 -0.48396286 0.079485245
seq3/frame00010.png -50.143646 -2.684312 -7.1110187 0.86113703 -0.043719985 -0.50046754 0.07959429
seq3/frame00011.png -42.830284 -2.1008623 -5.32169 0.88423276 -0.042665955 -0.4589561 0.07619558
seq3/frame00012.png -44.40311 -2.225285 -5.7822948 0.87129635 -0.045202035 -0.48391485 0.06758239
seq3/frame00013.png -47.595726 -2.4510195 -6.357293 0.8674644 -0.04433668 -0.48978317 0.07567563
seq3/frame00014.png -46.80748 -2.3542366 -6.0920157 0.8699408 -0.04359376 -0.48701075 0.06486711
seq3/frame00015.png -46.405796 -2.278835 -5.825824 0.8755686 -0.0381977 -0.47779325 0.059648383
seq3/frame00016.png -39.477406 -1.8619636 -4.463765 0.88301265 -0.03347255 -0.46336338 0.0660426
seq3/frame00017.png -44.327717 -2.0749135 -5.1192365 0.89232534 -0.04027181 -0.44538668 0.060524046
seq3/frame00018.png -42.651043 -1.7989875 -4.096174 0.9078581 -0.05099887 -0.41360784 0.04529518
seq3/frame00019.png -37.167248 -1.5811597 -3.5256329 0.9053137 -0.0333239 -0.4213992 0.041767456
seq3/frame00020.png -41.50072 -1.8655251 -4.4901285 0.9035693 -0.0371955 -0.4255905 0.03177247
seq3/frame00021.png -41.49233 -1.9422212 -4.8383603 0.8967763 -0.043766834 -0.43842095 0.04026489
seq3/frame00022.png -40.700253 -1.8879919 -4.669622 0.8982132 -0.045478307 -0.43592572 0.033381455
seq3/frame00023.png -40.1557 -1.8669264 -4.712076 0.8950947 -0.040999237 -0.44000867 0.058014914
seq3/frame00024.png -39.34412 -1.8350985 -4.5077057 0.89524066 -0.054934092 -0.4393483 0.04951349
seq3/frame00025.png -38.64736 -1.6468625 -3.92284 0.8991482 -0.046549514 -0.4322636 0.049660854
seq3/frame00026.png -37.43041 -1.6337246 -3.82977 0.90673035 -0.05784499 -0.4156246 0.04020686
seq3/frame00027.png -36.537735 -1.8682462 -4.9517922 0.9049152 -0.05257086 -0.42028618 0.042329807
seq3/frame00028.png -34.763 -1.7458152 -4.508991 0.87154937 -0.04881498 -0.48543802 0.048773892
seq3/frame00029.png -30.263462 -1.0636284 -1.9633248 0.9199014 -0.0350698 -0.38704836 0.052594297
seq3/frame00030.png -32.937622 -1.3367611 -2.925971 0.93327713 -0.045640063 -0.35260564 0.051209938
seq3/frame00031.png -30.80659 -1.193007 -2.490573 0.9481511 -0.04311694 -0.31279865 0.034373254
seq3/frame00032.png -32.363174 -1.6226335 -4.343803 0.9272782 -0.054034803 -0.3684477 0.038799033
seq3/frame00033.png -29.18082 -1.1926004 -2.6464028 0.9187235 -0.027262576 -0.38699263 0.07464554
seq3/frame00034.png -31.712217 -1.3104103 -3.2054594 0.935662 -0.046561707 -0.34327745 0.066680335
seq3/frame00035.png -30.054396 -1.1137604 -2.45579 0.94034076 -0.041246895 -0.33347982 0.053750973
seq3/frame00036.png -28.346132 -1.169068 -2.7368255 0.9136952 -0.043747492 -0.39781472 0.07025554
seq3/frame00037.png -29.202929 -1.2052797 -3.0400193 0.92002565 -0.058994915 -0.38302544 0.057807285
seq3/frame00038.png -28.417791 -1.2174803 -3.1914678 0.91943514 -0.05477279 -0.38679728 0.04338488
seq3/frame00039.png -27.757517 -1.1974893 -3.154477 0.9176259 -0.054688316 -0.39199305 0.036420133
seq3/frame00040.png -27.092701 -1.1250838 -2.9077227 0.92401856 -0.0540667 -0.37562343 0.048192702
seq3/frame00041.png -25.78819 -1.201526 -3.2598686 0.92310303 -0.056000054 -0.37829542 0.040052924
seq3/frame00042.png -25.331049 -1.2101011 -3.3703802 0.9303856 -0.05103973 -0.36072448 0.041126706
seq3/frame00043.png -24.901281 -1.303371 -3.510213 0.91580045 -0.04703685 -0.39585742 0.050354395
seq3/frame00044.png -23.408237 -1.3097506 -3.7186651 0.9154965 -0.06869248 -0.39182442 0.06007254
seq3/frame00045.png -22.731445 -0.77449185 -1.9723668 0.9420232 -0.039569225 -0.33225265 0.024141397
seq3/frame00046.png -22.181892 -0.929984 -2.573659 0.94345087 -0.054530006 -0.32443202 0.04025347
seq3/frame00047.png -21.492977 -0.75384253 -1.9064912 0.9476253 -0.05079683 -0.31316894 0.03739641
seq3/frame00048.png -20.27716 -0.68617296 -1.7659485 0.95216656 -0.055193026 -0.2977344 0.04272231
seq3/frame00049.png -19.709322 -0.6259628 -1.5383301 0.94841546 -0.04136853 -0.31192434 0.04005315
seq3/frame00050.png -18.883472 -0.58275217 -1.4206905 0.9527833 -0.041174784 -0.29614314 0.0526113
seq3/frame00051.png -18.103971 -0.48395962 -0.90924567 0.95859045 -0.058852166 -0.2757101 0.04051675
seq3/frame00052.png -12.929576 -0.48064336 -0.9157011 0.9617911 -0.085568555 -0.25403345 0.055874765
seq3/frame00053.png -13.931361 -0.46774372 -0.9561072 0.95620596 -0.07936412 -0.27743596 0.048358433
seq3/frame00054.png -14.658671 -0.3335009 -0.81864053 0.98430693 -0.049058642 -0.16912507 0.009202201
seq3/frame00055.png -14.790306 -0.34116355 -0.65807486 0.97988844 -0.026714912 -0.19547856 0.028734136
seq3/frame00056.png -13.951324 -0.22440885 -0.44567794 0.98936677 -0.023036487 -0.1405928 0.027467163
seq3/frame00057.png -13.033434 -0.07102729 0.11092025 0.99046516 -0.011315598 -0.13595128 0.02182622
seq3/frame00058.png -12.64717 -0.077429615 0.088109836 0.98731816 -0.017211739 -0.15568124 0.023613844
seq3/frame00059.png -11.961945 0.017113961 0.34074008 0.98802817 -0.009395261 -0.15161656 0.025144668
seq3/frame00060.png -11.058542 0.08218467 0.6655894 0.9908889 -0.014447465 -0.1326634 0.018638577
seq3/frame00061.png -10.478055 -0.015915427 0.43295807 0.98803014 -0.010893959 -0.15000373 0.03388751
seq3/frame00062.png -9.595575 0.13770051 0.81216776 0.9893378 -0.0064182268 -0.14504136 0.010590878
seq3/frame00063.png -8.911381 0.17776379 0.9172153 0.9909616 0.00081706187 -0.13338073 0.016689545
seq3/frame00064.png -8.271209 0.281943 1.2205017 0.9936865 -0.007874252 -0.108083315 0.028766023
seq3/frame00065.png -7.297552 0.36001086 1.5168725 0.9970912 -0.0122880265 -0.06723666 0.03244583
seq3/frame00066.png -11.444101 -0.04795518 0.45817646 0.98757505 -0.054305196 -0.14692445 -0.0049890415
seq3/frame00067.png -5.70533 0.44555777 1.7545105 0.9981137 -0.021193618 -0.04909294 0.03179037
seq3/frame00068.png -5.134466 0.48798272 1.6578016 0.99955505 -0.0210579 0.017640654 0.008621671
seq3/frame00069.png -5.382131 0.6124537 2.1670983 0.99708575 -0.005126829 0.07609635 0.00402228
seq3/frame00070.png -3.5786395 0.4912898 1.7348474 0.9976547 -0.0021546204 0.062935725 -0.027477618
seq3/frame00071.png -2.611651 0.6851112 2.1922896 0.9991752 0.015596346 0.032483824 -0.018174812
seq3/frame00072.png -2.0644426 0.6430653 2.2296193 0.99904436 -0.0057766554 0.039808184 -0.019286748
seq3/frame00073.png -1.30853 0.74121064 2.5869775 0.99936783 -0.00977219 0.032574296 0.005813899
seq3/frame00074.png -0.26329577 0.7051183 2.5397553 0.99865633 -0.001359933 0.05107325 0.0026285613
seq3/frame00075.png 0.65126604 0.6998327 2.451834 0.99804777 -0.015771348 0.059513252 -0.0023012308
seq3/frame00076.png 0.9564713 0.7248114 2.6653948 0.9985442 -0.009900014 0.052684233 -0.0114931455
seq3/frame00077.png 1.4259217 0.8366738 3.0902827 0.9982323 0.00106829 0.05972981 0.010921144
seq3/frame00078.png 3.128299 0.6572448 2.515877 0.9962181 0.005025715 0.086380206 0.0029416245
seq3/frame00079.png 3.7234032 0.74874425 2.7032924 0.9928231 -0.0034879704 0.11925758 -0.004322373
seq3/frame00080.png 4.17761 0.93900454 3.127055 0.9853202 -0.0066003925 0.16966854 -0.018259205
seq3/frame00081.png 4.9882298 1.0050395 3.4691992 0.9898206 0.015696567 0.13403648 -0.046058543
seq3/frame00082.png 6.1116333 0.94469094 3.1476085 0.98714584 0.002186464 0.15385874 -0.042154465
seq3/frame00083.png 6.95867 1.0757197 3.5561793 0.9855858 0.019898325 0.16180366 -0.045178443
seq3/frame00084.png 7.569622 1.1608855 3.8447874 0.9831003 0.012085147 0.17652133 -0.046874944
seq3/frame00085.png 8.484905 1.1266747 3.9546194 0.98922324 0.018387966 0.14138712 -0.03514504
seq3/frame00086.png 9.228487 1.1806997 4.062257 0.9764658 0.013172107 0.20386577 -0.069682814
seq3/frame00087.png 10.176154 1.2823029 4.383801 0.9733939 -0.00056935987 0.21546501 -0.07787355
seq3/frame00088.png 10.745397 1.225869 4.065664 0.9631537 -0.021637632 0.26029485 -0.06368015
seq3/frame00089.png 11.674467 1.469155 4.9593043 0.95823777 -0.030536255 0.27525094 -0.07151726
seq3/frame00090.png 12.343773 1.3582466 4.4064703 0.95390725 -0.052889496 0.2884523 -0.06192984
seq3/frame00091.png 13.244673 1.428998 4.849113 0.9546719 -0.019981496 0.2901631 -0.062368445
seq3/frame00092.png 14.080959 1.4707499 4.969302 0.9514994 -0.03729437 0.2966876 -0.073155776
seq3/frame00093.png 14.997108 1.6379116 5.614509 0.9472125 -0.04641456 0.30876932 -0.0734759
seq3/frame00094.png 15.630662 1.415909 4.7906237 0.9528611 -0.07437331 0.28522098 -0.07242825
seq3/frame00095.png 16.493538 1.574023 5.49017 0.9528058 -0.094058625 0.28184485 -0.061957266
seq3/frame00096.png 17.007765 1.7216824 5.809004 0.9547307 -0.071250126 0.28169903 -0.063529335
seq3/frame00097.png 17.961815 1.7309666 5.9331923 0.9510647 -0.07184826 0.29797098 -0.040543582
seq3/frame00098.png 18.51149 1.6175808 5.485755 0.9527409 -0.084586024 0.2858943 -0.057847373
seq3/frame00099.png 19.322336 1.5306922 5.363878 0.9696938 -0.072157025 0.22895002 -0.044768874
seq3/frame00100.png 19.797033 1.5356582 5.2910814 0.96920985 -0.07550202 0.23187725 -0.03385535
seq3/frame00101.png 19.948048 1.5621958 5.4802256 0.96607816 -0.06281055 0.24929169 -0.026485087
seq3/frame00102.png 21.487946 1.7028414 5.9402394 0.9733981 -0.07972671 0.21326292 -0.028921697
seq3/frame00103.png 22.502623 1.6509513 5.7936625 0.9747824 -0.07792194 0.20720948 -0.028567258
seq3/frame00104.png 23.586807 1.67556 5.628473 0.9634278 -0.08353657 0.25320306 -0.027476994
seq3/frame00105.png 24.2376 2.5018723 8.717103 0.95080376 -0.051737998 0.2967025 -0.072468445
seq3/frame00106.png 25.406982 2.27098 7.677367 0.93379754 -0.084776655 0.34196365 -0.06266466
seq3/frame00107.png 25.485315 2.227387 7.599059 0.94214404 -0.073188566 0.31894022 -0.07305478
seq3/frame00108.png 26.453629 2.193081 7.5967937 0.9486992 -0.10054032 0.28965697 -0.0775592
seq3/frame00109.png 27.372408 2.3010547 7.693007 0.945371 -0.07310928 0.31113788 -0.06488827
seq3/frame00110.png 27.3966 2.238446 7.7394457 0.9510273 -0.08242777 0.2966306 -0.026858948
seq3/frame00111.png 28.038393 2.3555675 8.01056 0.9640812 -0.078633115 0.2509006 -0.03682503
seq3/frame00112.png 28.67704 2.3347042 8.117137 0.9625285 -0.07377476 0.259426 -0.028103678
seq3/frame00113.png 30.041182 2.4216404 8.143726 0.94803965 -0.080002956 0.3022691 -0.058496103
seq3/frame00114.png 30.50914 2.472996 8.611061 0.94304365 -0.091851704 0.3156598 -0.05088432
seq3/frame00115.png 31.702988 2.6532185 9.233762 0.92555785 -0.06372715 0.36541668 -0.07503414
seq3/frame00116.png 33.432285 2.711992 9.282599 0.9206456 -0.07435607 0.37639302 -0.07173526
seq3/frame00117.png 26.998861 2.7358868 9.3595495 0.9185586 -0.02228095 0.3879578 -0.07178458
seq3/frame00118.png 34.75471 2.6757977 9.078147 0.9234829 -0.06943225 0.36492747 -0.09554659
seq3/frame00119.png 17.781511 1.8500139 6.9954295 0.9652422 -0.08630007 0.24491666 -0.028694894
seq3/frame00120.png 33.894264 2.575856 8.832161 0.92337817 -0.08384002 0.37213355 -0.043153163
seq3/frame00121.png 34.39647 2.504085 8.553046 0.92212474 -0.074515946 0.37763458 -0.0377988
seq3/frame00122.png 35.839138 2.72435 9.659596 0.9288686 -0.09544011 0.3557525 -0.039366167
seq3/frame00123.png 34.546215 2.811347 9.766217 0.92320037 -0.08248485 0.37133527 -0.055625156
seq3/frame00124.png 34.1755 2.7248251 9.323933 0.932327 -0.103247486 0.34289145 -0.049199644
seq3/frame00125.png 34.80568 2.8485181 9.753961 0.93429923 -0.10901214 0.33441955 -0.05975975
seq3/frame00126.png 34.02685 2.6417031 9.315339 0.9728679 -0.11878347 0.19639818 -0.031447854
seq3/frame00127.png 33.38432 2.4465065 8.617172 0.9823424 -0.084708355 0.16714315 -0.008172721
seq3/frame00128.png 37.76731 2.9975917 10.45912 0.93197066 -0.08363002 0.35047963 -0.04174842
seq3/frame00129.png 38.08346 2.964173 10.310854 0.9431473 -0.07335996 0.32135656 -0.042949058
seq3/frame00130.png 38.417606 2.965832 10.173013 0.9282922 -0.028342064 0.36254844 -0.076904304
seq3/frame00131.png 38.19953 3.0713751 10.902108 0.90883154 -0.09043338 0.40434694 -0.048944455
seq3/frame00132.png 44.04788 3.2975478 11.580764 0.901837 -0.10266429 0.4134648 -0.07140648
seq3/frame00133.png 40.80006 3.2110445 11.166766 0.9094656 -0.09760314 0.39768958 -0.0719767
seq3/frame00134.png 37.984062 2.9336221 10.557332 0.90369177 -0.14866623 0.39193827 -0.08679052
seq3/frame00135.png 33.23844 2.4386337 8.740025 0.9551705 -0.12604947 0.2610125 -0.060554758
seq3/frame00136.png 39.702522 2.8893163 10.230397 0.9139382 -0.13372886 0.37919483 -0.055636603
seq3/frame00137.png 40.4068 3.2373612 11.356343 0.93303233 -0.10677147 0.33756384 -0.06338835
seq3/frame00138.png 41.061344 3.1715915 11.101737 0.8932078 -0.11734014 0.425151 -0.086644195
seq3/frame00139.png 46.3499 3.4932363 12.191256 0.91316634 -0.11573237 0.38190624 -0.0826037
seq3/frame00140.png 49.901474 3.5625734 12.765553 0.9040857 -0.12179922 0.4036355 -0.07039739
seq3/frame00141.png 51.04131 3.7704017 13.295253 0.8911363 -0.09925954 0.4394559 -0.053615943
seq3/frame00142.png 51.393093 3.896203 13.681775 0.8935594 -0.07751319 0.44020203 -0.042182233
seq3/frame00143.png 49.416298 3.6524658 12.7575445 0.89756995 -0.08005784 0.43050304 -0.051698603
seq3/frame00144.png 49.38327 3.5717895 12.446467 0.8932715 -0.08662665 0.43860164 -0.04437029
seq3/frame00145.png 49.473713 3.5640848 12.663713 0.94190294 -0.08150005 0.32490155 -0.02536478
seq3/frame00146.png 53.611034 3.8297734 13.7151375 0.92389315 -0.105633356 0.36527228 -0.04306256
seq3/frame00147.png 39.554085 3.1393573 10.957945 0.9191 -0.11019376 0.3696935 -0.08084607
seq3/frame00148.png 50.619488 3.624032 12.614921 0.899325 -0.092947885 0.41760224 -0.090334974
seq3/frame00149.png 53.57178 3.7593768 13.196131 0.9080936 -0.090485156 0.40175334 -0.07595753
seq3/frame00150.png 54.96654 3.860737 13.496428 0.88373566 -0.07659808 0.45493984 -0.07820946
seq3/frame00151.png 36.700157 2.7572234 9.67141 0.92889124 -0.08245821 0.35026583 -0.08725114
seq3/frame00152.png 36.648678 2.7607543 9.582134 0.9559677 -0.07959015 0.26998895 -0.08323867
seq3/frame00153.png 37.49511 2.8974137 9.800115 0.8977718 -0.10052025 0.41667578 -0.101050965
seq3/frame00154.png 15.122532 1.0193549 4.5858593 0.9305829 -0.108532764 0.3437981 -0.064435504
seq3/frame00155.png 30.127283 2.3348105 8.330717 0.87941414 -0.122352324 0.44842923 -0.10362168
seq3/frame00156.png 13.94051 1.2414931 4.974283 0.93553376 -0.062071417 0.34659064 -0.027774293
seq3/frame00157.png 11.846158 1.0498241 4.9002867 0.9367124 -0.118415006 0.32439393 -0.057948723
seq3/frame00158.png 9.84518 1.1162044 5.311786 0.97045803 -0.07716462 -0.22720373 0.024935436
seq3/frame00159.png 11.561089 1.2303534 6.3292227 0.98198 -0.07973851 -0.1690073 0.028537206
seq3/frame00160.png 57.37143 4.0368977 14.543193 0.9333687 -0.06847299 0.34772253 -0.056531105
seq3/frame00161.png 52.652016 3.7073195 13.8434515 0.90095204 -0.066372894 0.4253332 -0.054832205
seq3/frame00162.png 64.55752 4.5530443 16.271988 0.8918199 -0.050246067 0.44637078 -0.053964205
seq3/frame00163.png 45.50676 3.078772 11.966687 0.91154265 -0.073164836 0.39727908 -0.07739184
seq3/frame00164.png 44.61509 2.828982 10.201481 0.8387874 -0.036553707 0.5210206 -0.1533041
seq3/frame00165.png 38.218494 2.110504 8.61793 0.9447087 -0.06601176 0.30763498 -0.09259424
seq3/frame00166.png 61.66945 4.2880545 14.730055 0.9137044 -0.032356694 0.38902292 -0.11263156
seq3/frame00167.png 57.133945 3.6781585 13.342099 0.85702896 -0.0654236 0.5017778 -0.0964808
seq3/frame00168.png 60.34393 3.8634677 13.706461 0.86571115 -0.054342303 0.48439047 -0.11335057
seq3/frame00169.png 61.77431 4.258392 15.108539 0.835883 -0.06808907 0.5354035 -0.10035419
seq3/frame00170.png 63.81109 4.3079453 15.366605 0.87932754 -0.086841695 0.45682454 -0.10269173
seq3/frame00171.png 60.279995 4.085247 13.864934 0.94188243 -0.08352825 0.30258918 -0.1196661
seq3/frame00172.png 62.18303 4.100186 14.776329 0.8902543 -0.12106607 0.41635728 -0.13907138
seq3/frame00173.png 27.772932 1.6136228 7.8276772 0.90461516 -0.058586102 0.4165876 -0.06947397
seq3/frame00174.png 37.69874 2.7275512 10.767928 0.9124773 -0.062989295 0.4041925 -0.0071798274
seq3/frame00175.png 43.655476 2.9383845 11.683626 0.85776085 -0.040068805 0.508649 -0.06331627
seq3/frame00176.png 37.278217 2.5733056 10.1807 0.97442025 -0.07788589 0.20906028 0.025303219
seq3/frame00177.png 67.41852 4.1466355 14.55262 0.8507296 -0.062908776 0.51214904 -0.10015189
seq3/frame00178.png 68.22363 4.133729 14.478689 0.86077875 -0.06723295 0.49536955 -0.095877334
seq3/frame00179.png 55.904903 3.693779 13.073662 0.9578445 -0.07580819 0.25250766 -0.11412669
seq7/frame00001.png -52.987087 -2.2921765 -4.8134046 0.8278634 -0.044881742 -0.5511887 0.09396598
seq7/frame00002.png -52.90309 -2.3141754 -4.916797 0.8283565 -0.043835998 -0.5504848 0.09420288
seq7/frame00003.png -52.863323 -2.311954 -4.944405 0.8294854 -0.044785038 -0.54841805 0.095200025
seq7/frame00004.png -52.604427 -2.4238243 -5.3451157 0.8354536 -0.036880545 -0.539473 0.09875869
seq7/frame00005.png -52.0156 -2.4091558 -5.282145 0.84149975 -0.011897187 -0.5296525 0.10595593
seq7/frame00006.png -51.639744 -2.4259841 -5.4369664 0.83997744 -0.020723114 -0.53094727 0.11005274
seq7/frame00007.png -50.968464 -2.3459907 -5.175632 0.8376719 -0.018144183 -0.53427285 0.11159115
seq7/frame00008.png -50.0679 -2.5090637 -6.127617 0.8643812 -0.025906445 -0.4925783 0.09770787
seq7/frame00009.png -49.938572 -2.4124813 -5.7553077 0.85690606 -0.015169934 -0.50457096 0.104247935
seq7/frame00010.png -49.2223 -2.408975 -5.9075847 0.860692 -0.012909118 -0.49758208 0.107283175
seq7/frame00011.png -48.465107 -2.4959073 -6.23167 0.86545867 -0.014547095 -0.49065182 0.09998063
seq7/frame00012.png -47.843822 -2.5718575 -6.5417805 0.8546816 0.0028386128 -0.5048374 0.12091105
seq7/frame00013.png -52.834476 -2.9368527 -7.674511 0.8547682 -0.009184115 -0.5064564 0.11223465
seq7/frame00014.png -52.173187 -2.8532307 -7.422362 0.8555534 -0.007816055 -0.50487673 0.11382924
seq7/frame00015.png -45.563602 -2.7689612 -7.4570208 0.8797057 -0.0010126863 -0.46238837 0.11094866
seq7/frame00016.png -50.806744 -2.9335537 -8.100646 0.86043555 0.0039789253 -0.49581018 0.117897086
seq7/frame00017.png -49.838326 -2.8887303 -8.034732 0.8712538 -0.022342144 -0.47558382 0.119615555
seq7/frame00018.png -49.225407 -2.9798753 -8.289186 0.8662062 -0.004074102 -0.48378167 0.12502137
seq7/frame00019.png -48.79442 -3.0493302 -8.511818 0.8629791 -0.0045475326 -0.4897553 0.1241643
seq7/frame00020.png -47.607105 -2.9259927 -8.160506 0.85056764 -0.0012964862 -0.5109505 0.12428566
seq7/frame00021.png -46.90419 -3.0027556 -8.44726 0.87439966 -0.013803139 -0.4690111 0.12388994
seq7/frame00022.png -46.09171 -2.810814 -8.020382 0.8708208 0.010572761 -0.4697584 0.14445625
seq7/frame00023.png -45.11374 -2.8159888 -8.134705 0.8734062 0.0028040311 -0.46806043 0.13400206
seq7/frame00024.png -45.026466 -2.5882003 -7.104732 0.83430696 0.0016325145 -0.5326921 0.1416219
seq7/frame00025.png -44.152794 -2.4871478 -6.7745748 0.8467604 -0.03523663 -0.5184247 0.11460202
seq7/frame00026.png -43.23932 -2.424385 -6.5803595 0.8286982 -0.04031698 -0.54861313 0.103219435
seq7/frame00027.png -42.238846 -2.4204564 -6.7567344 0.8518257 -0.038039584 -0.51196736 0.10397241
seq7/frame00028.png -41.8781 -2.349136 -6.27313 0.8516173 -0.02643964 -0.5101545 0.11720923
seq7/frame00029.png -40.88229 -2.1998887 -5.9932055 0.8754317 -0.039660197 -0.46989286 0.10616391
seq7/frame00030.png -40.011368 -2.090881 -5.6191063 0.89083356 -0.0203158 -0.44190294 0.10367048
seq7/frame00031.png -39.831776 -1.9823244 -5.2072263 0.90682006 -0.028755626 -0.40593433 0.10952542
seq7/frame00032.png -38.691803 -1.905459 -4.9692764 0.87982595 -0.02723408 -0.4639961 0.099665076
seq7/frame00033.png -37.78518 -1.8628613 -4.945463 0.8842397 -0.036486354 -0.45841768 0.08145017
seq7/frame00034.png -36.898327 -1.7987854 -4.6104474 0.88250834 -0.028451739 -0.46383443 0.07175013
seq7/frame00035.png -36.57421 -1.7488482 -4.522915 0.89386964 -0.037815727 -0.44155246 0.0678218
seq7/frame00036.png -35.510223 -1.6625535 -4.376501 0.89855975 -0.018897673 -0.43323302 0.06779227
seq7/frame00037.png -34.90859 -1.5880502 -4.046284 0.90161294 -0.014506165 -0.4242 0.08356391
seq7/frame00038.png -33.930252 -1.6317031 -4.255666 0.89276016 -0.013495475 -0.44295558 0.08184783
seq7/frame00039.png -33.11694 -1.6167986 -4.2425666 0.8917293 -0.013152107 -0.44429487 0.084806666
seq7/frame00040.png -32.28264 -1.6202252 -4.3966246 0.886505 -0.0078445515 -0.4556219 0.079960056
seq7/frame00041.png -31.41212 -1.5909979 -4.4241858 0.8941037 -0.0047381925 -0.43896562 0.08942196
seq7/frame00042.png -30.722788 -1.5581443 -4.1142364 0.89201266 -0.011069163 -0.44355443 0.08644661
seq7/frame00043.png -29.998644 -1.4657073 -3.783913 0.90834093 -0.017489072 -0.41218936 0.06982993
seq7/frame00044.png -28.992903 -1.5855074 -4.3703065 0.9055187 -0.007817789 -0.41506428 0.087437354
seq7/frame00045.png -28.431763 -1.4087684 -3.834198 0.9245683 -0.0070007984 -0.37322626 0.075494505
seq7/frame00046.png -27.604063 -1.3100847 -3.888805 0.9254992 0.006722256 -0.3700521 0.080477595
seq7/frame00047.png -26.855793 -1.2290691 -3.5560873 0.9284539 -0.00093437405 -0.36066097 0.088603
seq7/frame00048.png -26.109974 -1.1431825 -3.3434465 0.93438184 0.009420085 -0.34659767 0.08178842
seq7/frame00049.png -25.486073 -1.0806978 -3.0392296 0.93861526 -0.005600711 -0.3345659 0.08326772
seq7/frame00050.png -24.628256 -1.0042477 -2.748828 0.9332074 0.007880022 -0.3513995 0.074262016
seq7/frame00051.png -23.992891 -0.9145298 -2.469066 0.9410223 -0.004499308 -0.3320299 0.06551616
seq7/frame00052.png -23.240858 -0.8451132 -2.298013 0.9420292 -0.0045348015 -0.32972357 0.061381586
seq7/frame00053.png -22.530764 -0.77268237 -2.079531 0.9499396 -0.00087050674 -0.30639645 0.061338365
seq7/frame00054.png -21.752916 -0.6829066 -2.0040448 0.96052974 0.00996605 -0.2708098 0.063155964
seq7/frame00055.png -21.099964 -0.74100816 -2.0672011 0.9577401 0.0069042174 -0.27821591 0.07173983
seq7/frame00056.png -20.185097 -0.71891963 -2.0179198 0.9613684 0.0015138471 -0.26437223 0.075377084
seq7/frame00057.png -19.56616 -0.65423834 -1.8177329 0.95658195 -0.0013584306 -0.28583136 0.057186835
seq7/frame00058.png -18.707256 -0.6130255 -1.7565482 0.9595754 0.0017503917 -0.2780695 0.043917388
seq7/frame00059.png -18.235634 -0.5605734 -1.4507157 0.9648018 -0.014814824 -0.2584111 0.047319412
seq7/frame00060.png -17.465714 -0.5243685 -1.4836731 0.965251 -0.02272332 -0.25732502 0.039481275
seq7/frame00061.png -16.426544 -0.5539714 -1.4412085 0.9630009 -0.006976706 -0.26280004 0.05876249
seq7/frame00062.png -15.839014 -0.4627868 -1.2524523 0.9642959 -0.02184322 -0.25978383 0.047007337
seq7/frame00063.png -15.117943 -0.3550732 -0.7276859 0.9616806 -0.024817597 -0.2682884 0.049280122
seq7/frame00064.png -14.177642 -0.315478 -0.6231321 0.96736777 -0.01758981 -0.24499992 0.06331819
seq7/frame00065.png -13.347767 -0.32962692 -0.8429061 0.96779335 -0.0035516545 -0.24688019 0.048783325
seq7/frame00066.png -12.501632 -0.37568063 -0.9891128 0.9755155 0.014037988 -0.21831615 0.021538293
seq7/frame00067.png -11.783897 -0.3523192 -0.95168364 0.9796366 0.0067931605 -0.19947411 0.023441985
seq7/frame00068.png -11.021663 -0.22425058 -0.63705134 0.9863852 0.006698198 -0.16317947 0.020814683
seq7/frame00069.png -10.416871 -0.14540204 -0.48263523 0.99192846 0.010050451 -0.1254979 0.015957016
seq7/frame00070.png -9.505112 -0.05113555 -0.3363184 0.99824095 0.00010216139 -0.058760926 -0.0005810834
seq7/frame00071.png -8.84816 0.006743446 -0.10093475 0.9981096 0.0037947134 -0.060509335 0.010061471
seq7/frame00072.png -8.088137 0.1011582 0.21379504 0.99939317 -0.006978199 -0.03372442 0.005706812
seq7/frame00073.png -7.4305644 0.16030544 0.30311716 0.99992824 -0.003447087 -0.009932274 -0.00067036937
seq7/frame00074.png -6.624454 0.20213851 0.66983026 0.9996933 -0.016134394 -0.020734338 0.0040376866
seq7/frame00075.png -6.141958 0.22657138 0.85135853 0.99979335 0.0015218273 -0.0034556899 -0.019700665
seq7/frame00076.png -5.4186573 0.37102303 1.3017585 0.9995036 -0.026733262 -0.014578829 -0.008486527
seq7/frame00077.png -4.7616286 0.45052093 1.5373093 0.9998891 -0.01028698 -0.010312289 0.0027984038
seq7/frame00078.png -3.9390483 0.52453786 1.8731471 0.9995183 -0.0035277333 0.033035934 0.0035441576
seq7/frame00079.png -3.293562 0.62564147 2.1612282 0.9996762 0.019037155 0.007176495 0.016087946
seq7/frame00080.png -2.9764636 0.66164976 2.4039972 0.99832726 -0.0025339175 0.05307495 0.020723617
seq7/frame00081.png -1.9980922 0.6942977 2.4093416 0.99870956 -0.008323611 0.04396491 0.025091564
seq7/frame00082.png -1.3675879 0.76457536 2.7080827 0.9974435 -0.015773904 0.06207364 0.029195389
seq7/frame00083.png 0.46872556 0.7155189 2.2185533 0.9902562 -0.013080501 0.13849005 -0.0015163746
seq7/frame00084.png 0.9698658 0.9864427 3.2991488 0.9914661 -0.02921731 0.120800495 -0.039705046
seq7/frame00085.png 1.6033921 0.5818686 1.9930452 0.9909811 0.00238219 0.1338834 0.0007980393
seq7/frame00086.png 1.8848029 0.6423871 2.2993731 0.99713004 -0.0055664787 0.07497545 0.0023399806
seq7/frame00087.png 2.520635 0.64091957 2.261212 0.9976048 0.0031968858 0.066629946 0.020158041
seq7/frame00088.png 3.2188363 0.74802125 2.7972212 0.99945265 0.0047542546 0.028988838 0.01984768
seq7/frame00089.png 3.963624 0.6870803 2.462254 0.99706894 0.005099073 0.07623581 -0.010278938
seq7/frame00090.png 4.839 0.73530084 2.4644558 0.99936414 0.018290099 0.030420097 0.0050355364
seq7/frame00091.png 5.6520233 0.74455 2.4930973 0.99766386 0.022612998 0.063915454 0.014767926
seq7/frame00092.png 6.4853573 0.77548844 2.4272122 0.99508417 0.023965959 0.09575795 0.011260229
seq7/frame00093.png 6.978328 0.6901158 2.1739078 0.99103963 0.0067935092 0.13291171 -0.007884801
seq7/frame00094.png 7.7027197 0.4568745 1.3706299 0.99415225 -0.0045830766 0.10466749 -0.025987122
seq7/frame00095.png 8.208885 0.42766908 1.1952363 0.99260384 -0.015164716 0.11941454 -0.017519267
seq7/frame00096.png 8.692133 0.31212443 0.8604642 0.9950917 -0.0050426377 0.09596553 -0.022926962
seq7/frame00097.png 9.337157 0.34364107 0.7245546 0.9823114 -0.028565507 0.18296851 -0.02920156
seq7/frame00098.png 9.769174 0.27530158 0.26442963 0.9772498 -0.018328268 0.20422973 -0.05514072
seq7/frame00099.png 10.404423 0.020477138 -0.66333544 0.9603915 -0.042636484 0.26592135 -0.07098766
seq7/frame00100.png 10.628718 -0.011097793 -1.0045033 0.9622594 -0.057004992 0.25749382 -0.067134365
seq7/frame00101.png 11.26174 -0.043899503 -1.1516162 0.9603366 -0.057072803 0.264378 -0.06697181
seq7/frame00102.png 11.677043 -0.0742162 -1.4183884 0.95930415 -0.044615094 0.27489322 -0.046333626
seq7/frame00103.png 11.978907 -0.23470426 -1.7803628 0.9568123 -0.052180517 0.28172103 -0.049966283
