seq2/frame00001.png 47.683796 3.1655889 10.906772 0.89725417 -0.094798796 0.42763302 -0.05511094
seq2/frame00002.png 47.302296 3.1652775 10.908843 0.8959248 -0.0959545 0.42980966 -0.05721979
seq2/frame00003.png 46.718662 3.1220028 10.747531 0.8935426 -0.09732413 0.43440717 -0.058306325
seq2/frame00004.png 48.232857 3.2092717 11.104111 0.8820597 -0.09522014 0.4569205 -0.063487336
seq2/frame00005.png 46.1836 3.096327 10.658711 0.8861519 -0.09250812 0.44987044 -0.061991513
seq2/frame00006.png 43.6057 2.8788626 9.832492 0.8895005 -0.08628939 0.44420657 -0.063003264
seq2/frame00007.png 42.05522 2.997496 10.184935 0.90070796 -0.0670839 0.42263845 -0.07358326
seq2/frame00008.png 39.60899 2.8610446 9.628027 0.9037336 -0.06515431 0.41701236 -0.07147315
seq2/frame00009.png 38.70255 2.744108 9.350363 0.90191627 -0.07600523 0.4197661 -0.06832943
seq2/frame00010.png 35.847874 2.6669347 9.188451 0.8996472 -0.07295276 0.42447314 -0.07170978
seq2/frame00011.png 35.107033 2.5268505 8.580146 0.9020982 -0.07586386 0.4197627 -0.0665484
seq2/frame00012.png 33.302265 2.4438517 8.161796 0.9094018 -0.090351194 0.4016969 -0.05989991
seq2/frame00013.png 31.198357 2.3077183 7.6507573 0.90193987 -0.080412835 0.4195256 -0.06360193
seq2/frame00014.png 28.15722 2.2387204 7.4907045 0.9084428 -0.083729774 0.40470347 -0.06267877
seq2/frame00015.png 27.907679 2.38763 8.079031 0.90727144 -0.079639755 0.40850586 -0.062160134
seq2/frame00016.png 27.065796 2.128341 7.1792345 0.90613985 -0.07223143 0.41163397 -0.06559068
seq2/frame00017.png 24.855871 1.756692 5.726641 0.91390115 -0.070776306 0.3944659 -0.0645265
seq2/frame00018.png 22.68535 1.7346725 5.6812 0.90862024 -0.06396042 0.40680906 -0.06948609
seq2/frame00019.png 22.441011 1.6319809 5.1234202 0.91701233 -0.07076143 0.3875485 -0.06250584
seq2/frame00020.png 19.301476 1.4924306 4.67941 0.9307564 -0.058178928 0.35566488 -0.060902257
seq2/frame00021.png 18.037018 1.3165243 4.2179213 0.9357315 -0.037562467 0.34541395 -0.06047702
seq2/frame00022.png 16.358284 1.4037813 4.650682 0.9327005 -0.07524606 0.34874877 -0.05327416
seq2/frame00023.png 15.138269 1.3561138 4.2463856 0.934651 -0.09326004 0.33853883 -0.054914154
seq2/frame00024.png 13.642485 1.1724131 3.6580148 0.9476626 -0.08261974 0.30403352 -0.05008863
seq2/frame00025.png 11.9949255 0.9564575 2.8315895 0.92912734 -0.06250094 0.35962823 -0.059355058
seq2/frame00026.png 12.3707075 1.0608244 3.4537013 0.9177519 -0.07083364 0.3866627 -0.057903014
seq2/frame00027.png 11.634606 1.1353837 3.808716 0.91990834 -0.08608667 0.37743548 -0.06195477
seq2/frame00028.png 10.10462 1.0805258 3.3888767 0.94215596 -0.04179083 0.3282485 -0.0535881
seq2/frame00029.png 9.552902 1.0950816 3.6690137 0.9353 -0.07222044 0.34216616 -0.054088403
seq2/frame00030.png 6.2076387 0.9198148 3.240845 0.9518357 -0.09041429 0.28903762 -0.04874668
seq2/frame00031.png 5.933515 0.8155705 2.8518217 0.96330065 -0.08189323 0.2517198 -0.043712046
seq2/frame00032.png 8.27253 1.0324978 3.620355 0.9679977 -0.08328642 0.2320613 -0.047205016
seq2/frame00033.png 6.7128005 0.5992123 1.7456193 0.9798583 -0.08224833 0.16897136 -0.066453
seq2/frame00034.png 12.813121 0.9743469 3.1066635 0.9695497 -0.054241456 0.23245566 -0.055152103
seq2/frame00035.png 3.9640377 0.7275795 2.5218976 0.9783476 -0.10107045 0.1749738 -0.044753596
seq2/frame00036.png 3.3531895 0.6993679 2.5468936 0.9832855 -0.099761054 0.1457474 -0.043402698
seq2/frame00037.png 3.791698 0.59002924 1.9266036 0.98195887 -0.09527467 0.1583417 -0.039572753
seq2/frame00038.png 2.8803456 0.7370533 2.471146 0.9826487 -0.057532117 0.17280912 -0.03271008
seq2/frame00039.png 2.8083045 0.7591307 2.516781 0.9806722 -0.06005762 0.18246123 -0.03676686
seq2/frame00040.png 2.1896935 0.6449506 2.0138574 0.9835926 -0.05330348 0.16715805 -0.04229766
seq2/frame00041.png 1.4184803 0.5076977 1.5009646 0.9852779 -0.047557693 0.16028295 -0.035503905
seq2/frame00042.png -1.157735 0.47668833 1.548605 0.9936075 -0.045674164 0.09963698 -0.026567858
seq2/frame00043.png -5.5084553 0.23099968 0.8142525 0.9944855 -0.07091646 0.06831275 -0.034829315
seq2/frame00044.png -5.8955045 0.07779661 0.08896432 0.9967737 -0.061411425 0.042214572 -0.028337346
seq2/frame00045.png -10.495118 -0.01520586 0.19899794 0.99412054 -0.066260144 -0.085541844 -0.0025649073
seq2/frame00046.png -7.216111 -0.21328214 -0.77346826 0.99676967 -0.07361973 0.014162946 -0.03064211
seq2/frame00047.png -8.5760145 -0.17696361 -0.6062453 0.997662 -0.056090347 -0.03010858 -0.023550287
seq2/frame00048.png -10.206962 -0.14046016 -0.55690783 0.99810594 -0.032798097 -0.05158886 -0.009166856
seq2/frame00049.png -12.075823 -0.40354648 -1.5170496 0.99590933 -0.04844465 -0.07589568 -0.009900942
seq2/frame00050.png -19.372988 -0.73488235 -2.2305136 0.98387337 -0.03754063 -0.17407285 0.012753726
seq2/frame00051.png -15.997927 -0.6680982 -2.3145914 0.9873377 -0.03117538 -0.15547194 0.008916038
seq2/frame00052.png -16.644196 -0.8348714 -2.9520078 0.9664426 -0.03926966 -0.25163272 0.03366586
seq2/frame00053.png -19.897766 -1.1283197 -3.9404979 0.95154506 -0.030439364 -0.3024799 0.04522992
seq2/frame00054.png -20.969036 -1.2660028 -4.2593927 0.940947 -0.057468362 -0.3300708 0.047827713
seq2/frame00055.png -24.033728 -1.3777363 -4.4671974 0.9392047 -0.034185097 -0.33824766 0.04890901
seq2/frame00056.png -25.414436 -1.499369 -4.558196 0.92567796 -0.053791076 -0.3713877 0.04932995
seq2/frame00057.png -27.157751 -1.5718142 -4.8858323 0.9216696 -0.041355968 -0.38230038 0.051528465
seq2/frame00058.png -29.325172 -1.7579812 -5.1877317 0.9395605 -0.04342036 -0.33616677 0.049003568
seq2/frame00059.png -31.12766 -1.7679359 -4.9205375 0.933438 -0.063000135 -0.3484622 0.057160072
seq2/frame00060.png -32.45754 -1.8656348 -5.1743813 0.9251051 -0.0632232 -0.36968592 0.058629785
seq2/frame00061.png -34.70665 -1.9208186 -5.366711 0.90354294 -0.043792885 -0.42124233 0.06513129
seq3/frame00001.png -54.69097 -2.568619 -6.1025968 0.8252049 -0.021312635 -0.5534955 0.110627875
seq3/frame00002.png -54.251644 -2.5472844 -6.083877 0.8268662 -0.027813092 -0.551448 0.10706971
seq3/frame00003.png -53.16559 -2.4890943 -5.867294 0.83598435 -0.031466834 -0.5386903 0.09946556
seq3/frame00004.png -53.756184 -2.6016982 -6.102028 0.8364217 -0.03953145 -0.53865314 0.09285354
seq3/frame00005.png -52.449768 -2.4461668 -5.799068 0.8419891 -0.049099613 -0.5297021 0.08866951
seq3/frame00006.png -52.360016 -2.4929564 -5.9655166 0.8137673 -0.037455797 -0.5721156 0.095183834
seq3/frame00007.png -51.53086 -2.437817 -5.880517 0.8277634 -0.03917217 -0.5512589 0.096806064
seq3/frame00008.png -51.24267 -2.3913631 -5.704972 0.8394372 -0.039853662 -0.53448945 0.08897711
seq3/frame00009.png -49.343357 -2.4432137 -6.0572476 0.86607957 -0.04915585 -0.49144092 0.07788333
seq3/frame00010.png -48.83706 -2.3935766 -5.9013047 0.8736466 -0.046352133 -0.47800493 0.077733815
seq3/frame00011.png -48.561546 -2.384833 -5.8586216 0.8880031 -0.047617286 -0.45193538 0.07113821
seq3/frame00012.png -47.534084 -2.2632043 -5.556267 0.8656862 -0.05088443 -0.49197188 0.07743256
seq3/frame00013.png -47.143414 -2.2775226 -5.6230373 0.8671041 -0.051484153 -0.4889166 0.08004302
seq3/frame00014.png -46.68577 -2.2180607 -5.4050746 0.8641526 -0.05277435 -0.49456993 0.077575594
seq3/frame00015.png -45.96901 -2.1003506 -4.9997697 0.8741776 -0.0499379 -0.47727704 0.074252985
seq3/frame00016.png -45.637745 -1.9927121 -4.582475 0.879734 -0.039810155 -0.46834752 0.07243823
seq3/frame00017.png -44.716026 -1.9404836 -4.514642 0.89693034 -0.049855933 -0.4344439 0.066410124
seq3/frame00018.png -43.785828 -2.0459507 -4.925047 0.89520246 -0.052064925 -0.4377965 0.06451417
seq3/frame00019.png -43.128574 -1.9073797 -4.45343 0.9003473 -0.044751074 -0.42913988 0.05778069
seq3/frame00020.png -42.55143 -1.8909897 -4.341055 0.90443534 -0.04758032 -0.42072487 0.054106344
seq3/frame00021.png -41.424416 -1.8920578 -4.531392 0.8989518 -0.049472846 -0.43158087 0.058191124
seq3/frame00022.png -40.815983 -1.7831389 -4.245921 0.89974344 -0.053788148 -0.4290814 0.05924305
seq3/frame00023.png -40.025993 -1.7813836 -4.2973747 0.89524734 -0.046521798 -0.43810427 0.06709887
seq3/frame00024.png -38.83477 -1.7794455 -4.3907 0.8992098 -0.056911044 -0.42903024 0.061959635
seq3/frame00025.png -37.85421 -1.6812009 -4.107971 0.89338344 -0.051739525 -0.44164562 0.0644638
seq3/frame00026.png -37.478786 -1.589492 -3.763999 0.91100854 -0.058739003 -0.40337074 0.061581537
seq3/frame00027.png -36.578945 -1.5531459 -3.698108 0.9182729 -0.062389553 -0.3869236 0.057442084
seq3/frame00028.png -36.224045 -1.5066317 -3.586824 0.9144188 -0.068249136 -0.3957569 0.05104322
seq3/frame00029.png -35.189365 -1.4304198 -3.3190024 0.9101466 -0.046862278 -0.40625772 0.06708612
seq3/frame00030.png -34.6191 -1.4307868 -3.3838215 0.9212587 -0.04290894 -0.38200152 0.058724236
seq3/frame00031.png -33.52499 -1.3582246 -3.170384 0.9250429 -0.045158897 -0.3729475 0.055643596
seq3/frame00032.png -33.162666 -1.3382794 -3.113378 0.93113965 -0.04914015 -0.35820776 0.046865642
seq3/frame00033.png -32.704266 -1.3869307 -3.194126 0.93591964 -0.030584384 -0.3461416 0.058269244
seq3/frame00034.png -31.794224 -1.2261541 -2.8553042 0.9343408 -0.044772554 -0.34836695 0.059830308
seq3/frame00035.png -30.983242 -1.1553382 -2.5743356 0.93211955 -0.042033166 -0.3544877 0.060968455
seq3/frame00036.png -30.590553 -1.1671648 -2.7787113 0.9289703 -0.049160555 -0.36140293 0.062315922
seq3/frame00037.png -30.380344 -1.1407347 -2.7724495 0.91637456 -0.05306826 -0.3921523 0.06119607
seq3/frame00038.png -28.026072 -1.0556663 -2.7757468 0.92189527 -0.06219598 -0.38008636 0.04276741
seq3/frame00039.png -27.412714 -1.036087 -2.7426002 0.91365176 -0.06474345 -0.3982528 0.05088629
seq3/frame00040.png -26.947475 -1.0540384 -2.8922997 0.92763823 -0.055007245 -0.36637753 0.04575575
seq3/frame00041.png -25.952936 -1.0327129 -2.8748946 0.92145663 -0.06844128 -0.37948784 0.046379995
seq3/frame00042.png -25.876976 -1.0059314 -2.895644 0.9294591 -0.054683257 -0.3617872 0.04629377
seq3/frame00043.png -24.987066 -0.97301674 -2.7689414 0.9321668 -0.05429011 -0.35401836 0.053581547
seq3/frame00044.png -22.728441 -0.8349998 -2.3375888 0.9418065 -0.07239924 -0.32592967 0.038060352
seq3/frame00045.png -22.704744 -0.8458711 -2.4834604 0.93374634 -0.041229315 -0.35150352 0.05369402
seq3/frame00046.png -21.1061 -0.7956133 -2.3697762 0.94563746 -0.05529237 -0.3175986 0.040985424
seq3/frame00047.png -20.545673 -0.62600505 -1.6830721 0.95125705 -0.05346859 -0.3006116 0.043572836
seq3/frame00048.png -19.981901 -0.60234165 -1.7245476 0.954168 -0.048752323 -0.2923412 0.041499853
seq3/frame00049.png -19.210203 -0.4284179 -1.1103461 0.9563465 -0.042301714 -0.2865206 0.037939053
seq3/frame00050.png -18.20315 -0.31244615 -0.70153755 0.9591208 -0.03360918 -0.2777404 0.043258954
seq3/frame00051.png -16.973942 -0.34709528 -0.9399709 0.9639973 -0.05628115 -0.25732163 0.03587851
seq3/frame00052.png -14.93122 -0.25830814 -0.713003 0.9745626 -0.09299539 -0.20184839 0.026438972
seq3/frame00053.png -13.135092 -0.25901434 -0.81588006 0.9857942 -0.07605352 -0.14884694 0.016297579
seq3/frame00054.png -13.920355 -0.33981484 -1.2428411 0.98901135 -0.054424547 -0.13620354 0.01569565
seq3/frame00055.png -13.140013 -0.14055055 -0.2759941 0.9892648 -0.03096961 -0.14185818 0.014195115
seq3/frame00056.png -13.127932 -0.26123053 -0.9931899 0.9934404 -0.022592342 -0.111680135 0.007951083
seq3/frame00057.png -13.0317135 -0.24079087 -0.89058566 0.9925584 -0.016924426 -0.11916072 0.016726887
seq3/frame00058.png -11.131027 0.015947968 0.11582909 0.98945963 -0.017250247 -0.14330846 0.016015437
seq3/frame00059.png -10.912906 0.059902012 0.31612626 0.9898941 -0.013193635 -0.1400284 0.019992664
seq3/frame00060.png -10.006619 0.030329347 0.16737726 0.9928059 -0.014591374 -0.117328994 0.015647538
seq3/frame00061.png -9.707171 -0.012487739 0.014025845 0.9882446 -0.006092196 -0.15181027 0.01838525
seq3/frame00062.png -8.794897 0.1105946 0.4516392 0.9882828 -0.0064174565 -0.15128653 0.022205409
seq3/frame00063.png -8.512741 0.120743275 0.4819198 0.9898932 0.0015664165 -0.1401011 0.022360649
seq3/frame00064.png -7.744486 0.11706278 0.38546506 0.99394435 -0.0048291837 -0.10823143 0.016978867
seq3/frame00065.png -7.2807736 0.29383802 1.0118303 0.99814934 -0.019549876 -0.057000507 0.006425769
seq3/frame00066.png -9.673166 0.14596042 0.6081346 0.99675137 -0.05740881 -0.05480939 -0.011677643
seq3/frame00067.png -5.696435 0.48284274 1.7628214 0.9985894 -0.019991346 -0.049038712 2.2691087e-05
seq3/frame00068.png -5.1488223 0.4232777 1.2709589 0.9987435 -0.030194113 0.03642548 -0.01731584
seq3/frame00069.png -7.501026 0.37099266 1.2878739 0.9992352 -0.02146665 0.028155265 -0.015080065
seq3/frame00070.png -3.0172248 0.34669036 1.086411 0.99707854 -0.011415767 0.071451075 -0.024833392
seq3/frame00071.png -2.3574352 0.75294864 2.5485845 0.99884576 0.01063233 0.04213318 -0.021551033
seq3/frame00072.png -1.5619751 0.60450053 2.0653546 0.99869704 -0.014496245 0.04310474 -0.019115932
seq3/frame00073.png -1.1440026 0.5799557 1.985791 0.9991786 -0.015819065 0.035793614 -0.013074062
seq3/frame00074.png 0.0305607 0.5602945 1.9593453 0.998844 -0.009379247 0.043550335 -0.018726457
seq3/frame00075.png 0.38189098 0.62093997 2.0993767 0.99747604 -0.025626365 0.0643044 -0.016467381
seq3/frame00076.png 1.9205579 0.53649914 1.6993083 0.9969075 -0.018050486 0.07315458 -0.02153317
seq3/frame00077.png 1.7478479 0.6184453 2.101613 0.9982893 -0.002883918 0.05455707 -0.021341313
seq3/frame00078.png 3.402617 0.65044427 2.1835127 0.9973829 -0.0033718676 0.0657422 -0.02650566
seq3/frame00079.png 4.173376 0.82944536 2.8495867 0.9936647 -0.019335892 0.106340215 -0.030169332
seq3/frame00080.png 4.9135523 0.835098 2.78889 0.9838532 -0.021396 0.17418122 -0.03571855
seq3/frame00081.png 5.6733074 0.98715186 3.3725715 0.9913746 0.01491226 0.12295725 -0.04169041
seq3/frame00082.png 6.9832644 1.0187163 3.405548 0.9877124 -0.002384122 0.1489524 -0.046865392
seq3/frame00083.png 7.49418 0.9498799 3.1405375 0.98793024 0.017742695 0.14626864 -0.048242997
seq3/frame00084.png 7.484938 1.1070943 3.7554734 0.9864356 0.00930301 0.15697192 -0.044937193
seq3/frame00085.png 8.828902 1.0058182 3.4468644 0.9900499 0.015967265 0.13348134 -0.041730832
seq3/frame00086.png 9.976395 1.0830348 3.7255707 0.9792324 0.024277667 0.1946184 -0.05250801
seq3/frame00087.png 10.516306 1.2212721 4.2399573 0.9764901 0.0051517263 0.20909925 -0.052223083
seq3/frame00088.png 12.568068 1.1570979 3.7234483 0.9516048 -0.03371785 0.30041146 -0.05596736
seq3/frame00089.png 11.464322 1.3993889 4.7468767 0.9569971 -0.036005393 0.28238222 -0.05602543
seq3/frame00090.png 12.494662 1.3549756 4.5855837 0.9511058 -0.06652662 0.29730237 -0.05239748
seq3/frame00091.png 14.091089 1.3693409 4.4471917 0.94768345 -0.03154942 0.31182614 -0.060917713
seq3/frame00092.png 14.907511 1.5091897 5.031863 0.94445944 -0.041068148 0.32042983 -0.061086196
seq3/frame00093.png 15.721933 1.6085163 5.514066 0.94309765 -0.047506366 0.32376483 -0.058461647
seq3/frame00094.png 15.667079 1.5670737 5.3257236 0.9549139 -0.081630036 0.2809361 -0.049189944
seq3/frame00095.png 16.946943 1.709963 5.8663664 0.9522341 -0.08580893 0.28847477 -0.05081524
seq3/frame00096.png 17.802359 1.6771516 5.5973654 0.95164907 -0.07538467 0.29355633 -0.049289457
seq3/frame00097.png 18.71216 1.7553726 5.9818306 0.948943 -0.07702075 0.30189487 -0.049337707
seq3/frame00098.png 19.205845 1.8077011 6.206646 0.9548451 -0.08017779 0.28157407 -0.0515625
seq3/frame00099.png 19.096241 1.5523745 5.304808 0.9767895 -0.06786068 0.20027992 -0.035458274
seq3/frame00100.png 19.747831 1.5381231 5.1674223 0.9757816 -0.07433779 0.20259096 -0.035411164
seq3/frame00101.png 19.71837 1.6786261 5.8016844 0.97224677 -0.06973371 0.21999805 -0.040177323
seq3/frame00102.png 20.693447 1.6510687 5.7032175 0.9808923 -0.077637956 0.17336282 -0.04293776
seq3/frame00103.png 22.325508 1.6750408 5.811673 0.9823678 -0.074438564 0.16652301 -0.041535687
seq3/frame00104.png 22.51001 1.7472354 5.8970213 0.97136337 -0.090596996 0.21602148 -0.041219555
seq3/frame00105.png 23.778645 2.2855802 8.022869 0.9505379 -0.04988314 0.30073288 -0.0594198
seq3/frame00106.png 25.311813 2.3208961 7.963889 0.93661445 -0.08810762 0.3344115 -0.05544539
seq3/frame00107.png 26.223877 2.3347754 7.9290533 0.94096196 -0.07707003 0.325379 -0.0531592
seq3/frame00108.png 26.211239 2.3412695 8.068129 0.9565856 -0.091241 0.27076095 -0.0570319
seq3/frame00109.png 27.140781 2.3860343 8.116019 0.94664085 -0.07519372 0.3090916 -0.05269633
seq3/frame00110.png 27.645185 2.2904654 7.928937 0.9510697 -0.08488902 0.29256517 -0.051461045
seq3/frame00111.png 26.051254 2.1665535 7.536286 0.97760516 -0.07309632 0.19372606 -0.03766624
seq3/frame00112.png 27.266308 2.2533076 7.805789 0.9709122 -0.07522516 0.2228111 -0.043605447
seq3/frame00113.png 28.916298 2.4186814 8.151331 0.95708185 -0.076753475 0.27478585 -0.05084606
seq3/frame00114.png 31.11848 2.5203414 8.68064 0.9445314 -0.08873042 0.3117379 -0.053321004
seq3/frame00115.png 31.580677 2.7507653 9.766107 0.92583585 -0.06687303 0.36652175 -0.06314157
seq3/frame00116.png 32.426197 2.5552883 8.636701 0.9253451 -0.082895204 0.3652659 -0.058185577
seq3/frame00117.png 32.774876 2.5968924 8.799305 0.94495666 -0.077683315 0.31291097 -0.056156404
seq3/frame00118.png 33.056633 2.5519674 8.619082 0.94477516 -0.08736331 0.31032887 -0.05840176
seq3/frame00119.png 33.701847 2.5452173 8.735451 0.95606846 -0.08363369 0.27739474 -0.045320094
seq3/frame00120.png 34.29484 2.6387293 9.247041 0.94771564 -0.08831393 0.30306992 -0.048039764
seq3/frame00121.png 34.66708 2.598434 9.039541 0.9449732 -0.08578968 0.3119302 -0.049643226
seq3/frame00122.png 35.788277 2.7194507 9.612191 0.9273463 -0.100170754 0.3565118 -0.05305684
seq3/frame00123.png 36.92158 2.7283945 9.319385 0.9292631 -0.088520996 0.35418892 -0.05692815
seq3/frame00124.png 35.966087 2.796049 9.672977 0.9480411 -0.10206306 0.29832435 -0.042977866
seq3/frame00125.png 37.468033 2.7364511 9.404368 0.9494281 -0.10150712 0.2940858 -0.042448565
seq3/frame00126.png 36.069214 2.6510947 9.045905 0.9585323 -0.10317125 0.26131138 -0.047935408
seq3/frame00127.png 35.876907 2.6139517 8.876728 0.9666234 -0.08495657 0.23660855 -0.049939122
seq3/frame00128.png 38.15867 2.7976725 9.740337 0.94707775 -0.089338765 0.30487427 -0.044607896
seq3/frame00129.png 38.730534 2.7482238 9.39952 0.9383821 -0.079014376 0.33154958 -0.056768343
seq3/frame00130.png 42.511456 3.0790653 10.62351 0.9145028 -0.08634131 0.39059293 -0.060703795
seq3/frame00131.png 42.517635 3.083308 10.820531 0.91168034 -0.10384293 0.39394927 -0.054377906
seq3/frame00132.png 45.203087 3.4007459 11.980135 0.9064685 -0.10580945 0.40566212 -0.050562277
seq3/frame00133.png 45.014893 3.2543142 11.329348 0.91545564 -0.0974482 0.3864518 -0.055977114
seq3/frame00134.png 46.30626 3.4730587 12.648953 0.9073207 -0.12653027 0.39817035 -0.04721616
seq3/frame00135.png 43.657116 3.1265535 10.908158 0.91991365 -0.102444455 0.37503853 -0.05264443
seq3/frame00136.png 46.5993 3.4859698 12.48419 0.91684407 -0.10971026 0.38041925 -0.051969867
seq3/frame00137.png 49.205715 3.6733632 13.157652 0.91632646 -0.10246162 0.38406613 -0.04980642
seq3/frame00138.png 50.27155 3.7006063 13.280354 0.9158778 -0.0955622 0.38583776 -0.05521143
seq3/frame00139.png 53.075157 3.8420527 13.799769 0.92609656 -0.103245415 0.35927767 -0.04945661
seq3/frame00140.png 49.4048 3.6221998 13.028955 0.9073168 -0.09874554 0.40479416 -0.05707196
seq3/frame00141.png 52.53782 3.8730261 14.013757 0.8974529 -0.09915478 0.42591438 -0.056058027
seq3/frame00142.png 52.352745 3.8923666 14.028877 0.8961362 -0.083787024 0.43220103 -0.05705516
seq3/frame00143.png 51.975098 3.7692308 13.391419 0.9066147 -0.085422896 0.40947533 -0.05576563
seq3/frame00144.png 53.229706 3.7940018 13.62105 0.90077317 -0.09253777 0.42021582 -0.0580247
seq3/frame00145.png 56.780304 3.8843157 14.071677 0.92433107 -0.0950492 0.36686274 -0.044470146
seq3/frame00146.png 56.9219 4.076762 14.992318 0.9273729 -0.10773526 0.35592514 -0.039656956
seq3/frame00147.png 53.500668 3.6587825 13.0662985 0.9502877 -0.114908636 0.28766587 -0.030163351
seq3/frame00148.png 56.56322 3.8468716 13.65392 0.94353676 -0.101771995 0.3115229 -0.046855014
seq3/frame00149.png 56.540012 3.9317188 14.046171 0.9453585 -0.10068137 0.3067728 -0.04602975
seq3/frame00150.png 57.087677 4.058011 14.461955 0.936399 -0.09302599 0.33474022 -0.04960132
seq3/frame00151.png 60.312355 4.149791 14.910314 0.9553678 -0.1073702 0.27149644 -0.043919303
seq3/frame00152.png 62.564304 4.473282 16.413046 0.9764623 -0.11145308 0.18129165 -0.034395885
seq3/frame00153.png 62.483246 4.409609 16.00712 0.966284 -0.12147774 0.22502539 -0.030319216
seq3/frame00154.png 62.693676 4.545173 16.884745 0.9655875 -0.13398816 0.22176711 -0.019470634
seq3/frame00155.png 62.635925 4.661115 17.181168 0.96123546 -0.13576235 0.23765981 -0.032564767
seq3/frame00156.png 59.39973 4.3126745 15.963704 0.9479819 -0.14250089 0.28054607 -0.04882899
seq3/frame00157.png 53.662357 3.731255 13.539798 0.9372573 -0.13931407 0.31489336 -0.053814188
seq3/frame00158.png 65.3366 4.568624 16.79371 0.95284045 -0.12285554 0.274754 -0.03721113
seq3/frame00159.png 65.327324 4.851844 17.856674 0.93726677 -0.10732644 0.3289027 -0.042681772
seq3/frame00160.png 66.45931 4.9692287 18.382065 0.9162002 -0.0869397 0.38726586 -0.055127356
seq3/frame00161.png 64.884186 4.8410807 17.897726 0.8865523 -0.08132526 0.45072675 -0.06608897
seq3/frame00162.png 65.13389 4.8119044 17.864374 0.88785833 -0.07312844 0.44861338 -0.07212235
seq3/frame00163.png 65.51346 4.837428 17.809595 0.901256 -0.0873884 0.41976255 -0.06194384
seq3/frame00164.png 67.41372 4.9076195 18.06151 0.9368141 -0.10066255 0.33171573 -0.04795045
seq3/frame00165.png 68.07261 5.0097384 18.266878 0.9155094 -0.079827935 0.38781005 -0.07090982
seq3/frame00166.png 68.243065 4.908298 17.93833 0.91481805 -0.07348957 0.3905875 -0.07107753
seq3/frame00167.png 68.96243 5.0175557 18.347845 0.8738071 -0.06403384 0.47299683 -0.09281983
seq3/frame00168.png 69.88917 4.72195 17.305449 0.8728581 -0.04002306 0.47751173 -0.09202752
seq3/frame00169.png 62.132153 4.5337944 16.446007 0.8251939 -0.05406942 0.5547807 -0.091521904
seq3/frame00170.png 70.4958 4.985539 18.266512 0.852452 -0.07383505 0.51100683 -0.082475364
seq3/frame00171.png 70.72745 5.015022 18.57445 0.89823335 -0.082707845 0.42484057 -0.076680936
seq3/frame00172.png 68.73039 4.85692 17.75514 0.8843076 -0.09488466 0.4515115 -0.07203647
seq3/frame00173.png 67.18288 4.553462 16.400993 0.8282181 -0.064309694 0.550344 -0.0844059
seq3/frame00174.png 64.82311 4.4092283 15.768 0.8233193 -0.055325367 0.55693734 -0.09550147
seq3/frame00175.png 67.57367 4.4053326 15.720279 0.82283396 -0.054339383 0.55726546 -0.09751066
seq3/frame00176.png 70.99331 4.639921 16.643244 0.8175177 -0.07601776 0.5641238 -0.08668923
seq3/frame00177.png 69.50008 4.4573107 15.960597 0.8221345 -0.06209016 0.55842143 -0.09130746
seq3/frame00178.png 73.65985 4.7050114 16.952415 0.8389891 -0.06698543 0.53203315 -0.0917856
seq3/frame00179.png 74.07648 4.7395024 17.448915 0.93479866 -0.08226983 0.3382904 -0.06996158
seq7/frame00001.png -58.71198 -2.3261175 -4.567065 0.82323784 -0.049420368 -0.55935615 0.08356567
seq7/frame00002.png -58.5246 -2.3397963 -4.6459055 0.8238922 -0.047153726 -0.5586886 0.08252206
seq7/frame00003.png -58.513496 -2.3548367 -4.690362 0.8270466 -0.048648547 -0.55432165 0.080322266
seq7/frame00004.png -57.930126 -2.4376104 -5.0708075 0.81685257 -0.036385357 -0.5685251 0.09078622
seq7/frame00005.png -57.659 -2.411865 -5.132406 0.83102703 -0.02700796 -0.54671896 0.09853146
seq7/frame00006.png -56.830093 -2.4551275 -5.3640337 0.81819904 -0.027501153 -0.56570613 0.099123165
seq7/frame00007.png -56.778984 -2.479156 -5.451538 0.81647813 -0.029505089 -0.5672919 0.10288526
seq7/frame00008.png -56.282413 -2.771676 -6.4491143 0.84500074 -0.025535278 -0.5272993 0.08502983
seq7/frame00009.png -56.162292 -2.621882 -6.0823927 0.8549037 -0.018903568 -0.51114 0.08690864
seq7/frame00010.png -55.480007 -2.6297612 -6.1783457 0.8539666 -0.018301662 -0.5125852 0.08834527
seq7/frame00011.png -54.4792 -2.7366943 -6.761814 0.8492183 -0.01426615 -0.52045715 0.08887888
seq7/frame00012.png -53.701145 -2.8452804 -7.1577935 0.8421137 -0.0012941734 -0.52993333 0.09982591
seq7/frame00013.png -53.902042 -2.7011795 -6.6192617 0.8551748 -0.017335204 -0.5097865 0.0921618
seq7/frame00014.png -52.906322 -2.8120975 -7.2335315 0.8526919 -0.016517948 -0.5130442 0.09707575
seq7/frame00015.png -51.047455 -2.9855287 -8.011175 0.88134533 -0.000103675506 -0.46480757 0.0835949
seq7/frame00016.png -51.228966 -2.9514954 -7.9744883 0.8562517 0.007884017 -0.5072029 0.097146206
seq7/frame00017.png -50.28512 -2.948641 -8.00431 0.87294036 -0.014178784 -0.47965628 0.087623864
seq7/frame00018.png -50.234795 -3.0714948 -8.618636 0.86887085 0.002578181 -0.48637012 0.09267042
seq7/frame00019.png -48.885674 -3.0529273 -8.637515 0.8678015 0.0015725867 -0.4880607 0.09292716
seq7/frame00020.png -48.181152 -2.90331 -8.076433 0.84840536 -0.0015165489 -0.52039427 0.09729594
seq7/frame00021.png -46.819695 -2.9463875 -8.37195 0.88047487 -0.0064118286 -0.4664606 0.08404963
seq7/frame00022.png -46.067917 -2.9463108 -8.350471 0.86924845 0.033337843 -0.48446333 0.093243375
seq7/frame00023.png -45.54756 -2.9075227 -8.284768 0.87374395 0.018677367 -0.47781578 0.089089416
seq7/frame00024.png -45.683464 -2.6903598 -7.5689335 0.82478505 0.011073599 -0.5543093 0.11103084
seq7/frame00025.png -45.302956 -2.4437084 -6.4574804 0.84327185 -0.027553244 -0.52838475 0.094776995
seq7/frame00026.png -43.510506 -2.352173 -6.3898206 0.8131608 -0.03343393 -0.57162035 0.10357466
seq7/frame00027.png -42.746128 -2.2929733 -6.117615 0.8472741 -0.03174737 -0.52157336 0.09641262
seq7/frame00028.png -41.586304 -2.1862319 -5.8291035 0.8376488 -0.020191139 -0.5359396 0.103274204
seq7/frame00029.png -41.37453 -2.1229427 -5.381584 0.8700865 -0.030342791 -0.4844145 0.08564509
seq7/frame00030.png -40.00924 -2.0414937 -5.3319607 0.89313835 -0.012985451 -0.44345427 0.074857846
seq7/frame00031.png -39.001022 -2.007663 -5.2537475 0.9221092 -0.014147817 -0.38174576 0.062139574
seq7/frame00032.png -37.968346 -1.9180764 -5.0891714 0.87629795 -0.020782009 -0.47425774 0.08173821
seq7/frame00033.png -37.658043 -1.7714653 -4.4697475 0.8751123 -0.040856577 -0.47549814 0.08044651
seq7/frame00034.png -36.16497 -1.7839857 -4.6262474 0.87324345 -0.035947323 -0.4795814 0.07772067
seq7/frame00035.png -36.031914 -1.619594 -3.9561222 0.8839399 -0.040647585 -0.4595017 0.07642898
seq7/frame00036.png -35.093636 -1.7143487 -4.567116 0.90278786 -0.025959384 -0.4235589 0.0701243
seq7/frame00037.png -34.77455 -1.7335572 -4.6455936 0.89883345 -0.016408563 -0.43237123 0.06968281
seq7/frame00038.png -33.537014 -1.716664 -4.759823 0.88036484 -0.016300086 -0.46794114 0.076281585
seq7/frame00039.png -33.834015 -1.6716903 -4.581462 0.88224375 -0.021530988 -0.4644729 0.07418728
seq7/frame00040.png -32.312057 -1.7783078 -5.230486 0.87297267 -0.0147644365 -0.48189372 0.074607775
seq7/frame00041.png -31.630297 -1.6146804 -4.6879654 0.8848192 -0.011170121 -0.46038246 0.07061806
seq7/frame00042.png -31.646261 -1.6904951 -4.9029427 0.8754152 -0.020289535 -0.47690555 0.075618416
seq7/frame00043.png -30.29245 -1.6478432 -4.9160647 0.89819574 -0.020466689 -0.4347681 0.06175172
seq7/frame00044.png -28.892797 -1.6002277 -4.8835974 0.89363223 -0.012359228 -0.44351903 0.06785649
seq7/frame00045.png -28.630224 -1.5174599 -4.4982786 0.92114043 -0.008379888 -0.38462767 0.05857302
seq7/frame00046.png -27.53621 -1.4290891 -4.30851 0.9213392 0.014665577 -0.3834152 0.06297121
seq7/frame00047.png -26.443073 -1.2977446 -3.8808603 0.9316846 0.0030292855 -0.3588808 0.05558594
seq7/frame00048.png -25.916466 -1.2093395 -3.6493587 0.93162155 0.014792971 -0.3586727 0.05643869
seq7/frame00049.png -24.737072 -1.0749549 -3.2205248 0.9475804 0.0041551134 -0.31651598 0.043470014
seq7/frame00050.png -23.268225 -1.0894645 -3.3379703 0.9364021 0.009758942 -0.34575075 0.05902641
seq7/frame00051.png -23.383736 -1.0514311 -3.2214835 0.9349737 -0.0042937268 -0.35089502 0.052348398
seq7/frame00052.png -22.630991 -1.0442415 -3.3100486 0.93254393 -0.0022019923 -0.35656422 0.056920346
seq7/frame00053.png -22.067848 -0.87159204 -2.6744685 0.9415903 0.0009811826 -0.33276153 0.05173852
seq7/frame00054.png -21.931816 -0.92181265 -2.868361 0.9581264 0.012406733 -0.28259853 0.043864682
seq7/frame00055.png -20.118969 -0.7742709 -2.4332352 0.9530683 0.005651247 -0.2987436 0.04798945
seq7/frame00056.png -19.254519 -0.6789892 -2.2262301 0.9630046 0.0002496513 -0.26635793 0.040173996
seq7/frame00057.png -19.261156 -0.4806706 -1.3398755 0.9586328 -0.010983379 -0.28140318 0.04251274
seq7/frame00058.png -17.684813 -0.35809472 -0.9215091 0.9635774 -0.010471749 -0.2643528 0.03717384
seq7/frame00059.png -16.068232 -0.35897344 -1.0358733 0.9705839 -0.017087448 -0.23811099 0.03136313
seq7/frame00060.png -15.751954 -0.31997347 -0.79061615 0.97056335 -0.023508744 -0.23821405 0.025685621
seq7/frame00061.png -16.053284 -0.2674555 -0.5724585 0.9633323 -0.0040655066 -0.2656406 0.039155662
seq7/frame00062.png -14.529146 -0.09397575 0.12929925 0.96784616 -0.018760981 -0.24904457 0.029412389
seq7/frame00063.png -14.685086 -0.21919501 -0.2859259 0.95899206 -0.02815829 -0.27906534 0.04090062
seq7/frame00064.png -13.088944 -0.28015465 -0.7991546 0.96483886 -0.0137941325 -0.25878417 0.043466184
seq7/frame00065.png -13.5098295 -0.1148424 0.0063757077 0.95772177 -0.006076656 -0.28423145 0.046181045
seq7/frame00066.png -11.774487 -0.13733368 -0.19517222 0.96895057 0.0071092853 -0.2439898 0.0395991
seq7/frame00067.png -10.973836 -0.09654789 -0.21543995 0.973444 0.002989309 -0.2259289 0.035958134
seq7/frame00068.png -10.454951 -0.060539767 -0.06955209 0.98453015 -0.001896565 -0.17361669 0.022672001
seq7/frame00069.png -9.408271 -0.057782263 -0.1679711 0.99223053 0.0068120537 -0.12385794 0.013208109
seq7/frame00070.png -8.491087 0.041769028 0.0760716 0.99734837 -0.0033180667 -0.07262772 -0.0013259791
seq7/frame00071.png -8.060257 -0.020482123 -0.12105789 0.9966971 0.0010773453 -0.080986 0.0012663015
seq7/frame00072.png -7.379975 0.102059096 0.2611899 0.9982581 -0.011901266 -0.057750672 -0.0008435153
seq7/frame00073.png -6.2673697 0.17437032 0.42912003 0.9997599 -0.0068863323 -0.0074366936 -0.012680939
seq7/frame00074.png -7.05465 0.21702856 0.7595014 0.99859494 -0.021201486 -0.048547383 -0.009555131
seq7/frame00075.png -5.710583 0.19039047 0.6250086 0.99976 -0.0021741132 -0.014955392 -0.014344827
seq7/frame00076.png -5.3500333 0.38663313 1.4445655 0.9989856 -0.0335779 -0.025952393 -0.012263206
seq7/frame00077.png -4.7503386 0.32645854 1.1401696 0.9996378 -0.016341843 -0.024819577 -0.0054109027
seq7/frame00078.png -3.9286072 0.51597327 1.7689407 0.9995641 -0.0062210555 0.022229485 -0.01675769
seq7/frame00079.png -3.197845 0.6041267 2.103808 0.99956685 0.018638026 0.00077582226 -0.023607511
seq7/frame00080.png -2.489234 0.52636975 1.719141 0.9980925 -0.0083749965 0.055203564 -0.023897672
seq7/frame00081.png -2.4322376 0.6261908 2.1253674 0.99945545 -0.018468088 0.024850285 -0.011772457
seq7/frame00082.png -1.3529176 0.72014916 2.421651 0.99746656 -0.027795127 0.06376843 -0.016338203
seq7/frame00083.png 1.3092041 0.7083975 2.195807 0.98929185 -0.029886365 0.13762443 -0.037426744
seq7/frame00084.png 1.7954066 0.87971985 2.9295745 0.98597497 -0.03677682 0.15791517 -0.03938643
seq7/frame00085.png 2.588862 0.791149 2.628696 0.9915752 -0.018543152 0.1238351 -0.032824792
seq7/frame00086.png 2.5269709 0.7567885 2.7135434 0.99761003 -0.012289854 0.06307858 -0.025339456
seq7/frame00087.png 3.714458 0.50746095 1.6085796 0.99872816 0.00011385557 0.048677985 -0.017529322
seq7/frame00088.png 3.8855743 0.65659297 2.2840304 0.999664 0.0065374733 0.014161025 -0.019475125
seq7/frame00089.png 4.761193 0.6027131 2.086905 0.9973687 0.0057748705 0.06781561 -0.027159775
seq7/frame00090.png 5.5109596 0.64726067 2.1049185 0.9989653 0.01659483 0.03560433 -0.023873936
seq7/frame00091.png 5.8454833 0.7142478 2.2437105 0.99845344 0.021008708 0.04281467 -0.027498305
seq7/frame00092.png 7.0788984 0.5621606 1.6050695 0.9956217 0.02334151 0.0828738 -0.035233654
seq7/frame00093.png 8.6740265 0.64132476 1.9304123 0.9886415 -0.0023396823 0.14415163 -0.042755295
seq7/frame00094.png 9.168277 0.42889893 1.0821595 0.9926954 -0.0050471555 0.11527018 -0.0339009
seq7/frame00095.png 10.351451 0.46304134 1.1439748 0.9919066 -0.022242323 0.12026267 -0.032082893
seq7/frame00096.png 10.770413 0.3432756 0.81425846 0.9936876 -0.008438073 0.10671588 -0.03525654
seq7/frame00097.png 10.09983 0.33885026 0.5487271 0.9848758 -0.028089907 0.16773438 -0.035095014
seq7/frame00098.png 10.1374 0.25341484 0.06894819 0.9758996 -0.022891145 0.21098572 -0.049924064
seq7/frame00099.png 10.56781 0.28482047 0.1263862 0.9621366 -0.05174364 0.26259476 -0.05278538
seq7/frame00100.png 10.6183195 0.02500081 -0.8488437 0.96274936 -0.057242185 0.25864285 -0.05446255
seq7/frame00101.png 11.1195965 -0.0768892 -1.2851707 0.9601527 -0.059856705 0.2676293 -0.054843638
seq7/frame00102.png 11.719772 -0.039447516 -1.11355 0.9601408 -0.05243733 0.26992705 -0.051034145
seq7/frame00103.png 11.886144 -0.21049044 -1.761203 0.95921385 -0.058816932 0.27261224 -0.04567014
