seq4/frame00001.png -2.7028105 -5.434564 -11.898892 0.9515906 0.09868523 -0.22054729 0.19019541
seq4/frame00002.png -1.2808796 -4.5231824 -9.877181 0.9663523 0.049993448 -0.1865413 0.16987756
seq4/frame00003.png 3.9855008 -2.6615176 -5.939055 0.9862868 0.101208836 -0.10757762 0.07488182
seq4/frame00004.png 3.8761 -3.215137 -7.0818243 0.9811112 0.13715291 -0.11101065 0.0785731
seq4/frame00005.png 2.4681842 -6.2449327 -13.732625 0.92498714 0.26198944 -0.19854043 0.19093992
seq4/frame00006.png 2.6090686 -4.6044984 -10.080531 0.97949004 0.13495374 -0.10862937 0.10288136
seq4/frame00007.png -0.64043903 -3.9226978 -8.480112 0.9893289 -0.03653102 -0.09524892 0.10396635
seq4/frame00008.png 2.4185243 -3.5195262 -7.713097 0.9730512 0.12706861 -0.15539011 0.113702714
seq4/frame00009.png 6.5144343 -3.4093747 -7.5706797 0.9945303 -0.061864316 -0.025552562 0.07949783
seq4/frame00010.png 14.746421 0.47654003 1.0305817 0.9958418 -0.051168647 0.03895932 0.063783035
seq4/frame00011.png 5.929895 -1.9429668 -4.0018353 0.9961381 0.0011034606 0.063122265 0.060341757
seq4/frame00012.png 7.5063844 -1.6422217 -3.4014819 0.997235 -0.022363352 0.04869807 0.05078736
seq4/frame00013.png 10.112889 -0.40685752 -0.74858445 0.9952721 -0.061330296 0.054085623 0.052711476
seq4/frame00014.png 14.17031 -2.006882 -4.712351 0.9964295 -0.05819831 0.046151757 0.040536974
seq4/frame00015.png 11.634991 -1.8797596 -3.967731 0.99570733 0.04227375 0.052072868 0.06311467
seq4/frame00016.png 16.911444 -0.3074937 -0.8521943 0.9528457 0.20673218 0.21296522 -0.062493987
seq4/frame00017.png 17.254248 0.02292927 -0.035254724 0.9964475 -0.060940154 0.045493264 0.034727905
seq4/frame00018.png 12.136339 -0.524734 -1.0611341 0.9532688 0.20609091 0.21661545 -0.043480895
seq4/frame00019.png 12.274204 0.15705742 0.46811336 0.9947658 -0.081529036 0.0395806 0.04640325
seq4/frame00020.png 16.39424 0.37093794 0.6700341 0.9882448 0.012229762 0.1503723 0.023105765
seq4/frame00021.png 14.745491 2.4894965 5.677631 0.9932724 -0.017349964 0.10683285 0.041081127
seq4/frame00022.png 18.771225 0.09305492 -0.08855267 0.98539984 0.019476451 0.16777459 0.020254014
seq4/frame00023.png 19.332994 1.7083257 3.5553088 0.9914147 -0.060339473 0.11431422 0.021949258
seq4/frame00024.png 25.649567 3.0532281 6.7138433 0.96471804 0.1648949 0.19750686 -0.055362687
seq4/frame00025.png 11.057157 0.87733287 2.1578598 0.9786136 0.07105463 0.18752952 -0.04555737
seq4/frame00026.png 12.10602 2.814091 6.857195 0.9944347 -0.03739055 0.09648001 0.017423347
seq4/frame00027.png 17.30468 3.2182448 7.8028917 0.996371 -0.038330473 0.073026255 0.01944477
seq4/frame00028.png 10.621646 2.5947475 6.277191 0.98814255 -0.052306853 0.14184938 -0.02750463
seq4/frame00029.png 13.234196 3.0866609 7.9586177 0.99722207 0.0024990197 0.07005317 0.02534064
seq4/frame00030.png 10.776251 2.399577 6.010673 0.9947891 0.029894045 0.09498327 0.018808285
seq4/frame00031.png 13.141099 2.4710906 5.843105 0.99074465 -0.05166591 0.12395012 -0.022082603
seq4/frame00032.png 23.349949 5.770515 14.102204 0.99415475 -0.054947656 0.087245576 0.0319857
seq4/frame00033.png 14.31967 4.187214 10.017725 0.9930791 -0.044426598 0.10766424 -0.013884086
seq4/frame00034.png 27.836735 1.9137275 4.665316 0.9901421 -0.04546072 0.13223433 0.0058330386
seq4/frame00035.png 18.586752 6.45415 15.194336 0.9703404 0.084445894 0.21473168 -0.07296525
seq4/frame00036.png 8.213658 1.4447117 3.638814 0.9935654 -0.04459155 0.103734024 -0.008849951
seq4/frame00037.png 34.111294 5.6670194 13.218321 0.94770443 0.14857455 0.26994154 -0.08236664
seq4/frame00038.png 21.655067 4.1937313 9.915917 0.9842572 -0.04385961 0.16969258 -0.025869476
seq4/frame00039.png 15.025061 4.027773 9.450752 0.99344546 -0.018466298 0.11030897 -0.024142992
seq4/frame00040.png 29.145365 3.4364045 7.5726104 0.9806874 -0.013302519 0.19131808 -0.038214024
seq4/frame00041.png 17.37954 3.2683377 7.627674 0.99182254 -0.014211731 0.12671024 -0.01009844
seq4/frame00042.png 15.575478 4.71833 11.027609 0.9930648 -0.055445958 0.10287472 0.011737634
seq4/frame00043.png 24.550066 5.4360986 12.500278 0.9831764 -0.045719426 0.17299402 -0.035722993
seq4/frame00044.png 14.947845 4.9292564 11.501737 0.9911089 -0.05932914 0.119139135 -0.008647963
seq4/frame00045.png 19.253857 3.0243912 7.036257 0.99135613 -0.04272383 0.12452553 0.0005203077
seq4/frame00046.png 31.020674 4.603277 10.551013 0.9785049 0.019739417 0.20528385 -0.0024918565
seq4/frame00047.png 28.445127 1.9479771 4.4737163 0.9790172 -0.029136335 0.1962117 -0.045539714
seq4/frame00048.png 26.25454 3.3646235 8.1024475 0.9893867 -0.06024459 0.13169733 -0.008404502
seq4/frame00049.png 38.620586 1.8998388 3.876041 0.9833336 0.049138002 0.17503285 -0.0074687926
seq4/frame00050.png 18.521774 2.8448036 6.672435 0.9951207 -0.053206094 0.081966914 0.013995803
seq4/frame00051.png 13.38417 3.039832 7.240678 0.9930201 -0.036812432 0.11224346 0.0016595926
seq4/frame00052.png 11.770195 2.3028376 5.7241507 0.9968177 -0.031787686 0.068050206 0.027865173
seq4/frame00053.png 19.409397 5.3165197 12.652193 0.9753507 0.062088322 0.2034875 -0.05771432
seq4/frame00054.png 14.661514 2.8804636 6.9450207 0.9892687 -0.058493584 0.13207619 -0.022856556
seq4/frame00055.png 15.332106 1.4948329 3.8790822 0.9940226 -0.07124235 0.08175736 0.005201759
seq4/frame00056.png 12.932511 1.5665143 3.6242611 0.98114645 -0.042490058 0.18534867 -0.034724075
seq8/frame00001.png 5.950879 5.832898 14.350267 0.990007 -0.070382096 0.12219553 0.0050494396
seq8/frame00002.png 9.48968 7.44959 18.20019 0.9913459 -0.053785946 0.11998686 0.0042226505
seq8/frame00003.png 5.3877606 5.4972363 13.735585 0.99296254 -0.05116173 0.10591219 0.017940126
seq8/frame00004.png 9.424611 8.214477 20.256365 0.9937789 -0.064306974 0.089578964 0.017114814
seq8/frame00005.png 5.169554 4.515921 11.169312 0.9992989 0.002504816 -0.005886101 0.03665464
seq8/frame00006.png 5.522493 6.7705436 16.632473 0.997921 -0.05897009 -0.004114784 0.024567757
seq8/frame00007.png 4.6776805 5.3844967 13.204119 0.9904333 -0.030910183 0.13149399 -0.026307829
seq8/frame00008.png 6.5055223 6.036703 14.76782 0.9848809 -0.013788779 0.16921468 -0.03283531
seq8/frame00009.png 16.250565 5.463728 13.211183 0.9960961 -0.008763439 0.0878719 -0.005029405
seq8/frame00010.png 4.3011317 5.023483 12.535994 0.9963037 -0.029697994 0.07858662 0.018146714
seq8/frame00011.png 7.8978086 8.410332 20.727476 0.9974223 -0.020978443 0.06880321 0.008213517
seq8/frame00012.png 7.0745926 4.6479726 11.358489 0.99954927 -0.0030394709 -0.0049173366 0.027907223
seq8/frame00013.png -3.7536323 5.8835597 14.9758415 0.99838585 -0.0073273587 -0.056146182 0.00072979263
seq8/frame00014.png -4.5893583 6.175664 15.808104 0.9965702 -0.013275523 -0.08094082 -0.008687462
seq8/frame00015.png -4.892806 6.595251 16.77581 0.995876 -0.00303034 -0.08892413 -0.017574878
seq8/frame00016.png -2.4448245 6.229332 15.864829 0.99721944 -0.017896805 -0.07245102 0.009145641
seq8/frame00017.png -3.8062885 7.111926 18.112503 0.9982058 -0.02510425 -0.031813357 -0.04371897
seq8/frame00018.png -2.3232892 7.067044 17.859653 0.99831194 -0.024055721 -0.028804064 -0.04262935
seq8/frame00019.png -2.29396 5.7107844 14.531583 0.99911886 -0.01028453 -0.00767974 -0.038447388
seq8/frame00020.png -3.6511536 6.173902 15.771991 0.9987572 -0.023815727 -0.01965103 -0.03936349
seq8/frame00021.png -4.5515313 6.1249914 15.680871 0.99821424 -0.027734455 -0.035265967 -0.038844727
seq8/frame00022.png -0.6602259 6.187615 15.636163 0.99833465 -0.044416517 0.019393552 -0.028771648
seq8/frame00023.png -1.3774085 6.340247 16.151236 0.99560654 -0.040927492 0.058285363 -0.06121131
seq8/frame00024.png -8.289471 7.337558 19.022686 0.9950889 -0.050779648 -0.08388561 0.006645257
seq8/frame00025.png -8.019618 6.8129764 17.592949 0.9950682 -0.041310392 -0.08843826 0.014302339
seq8/frame00026.png -7.356485 6.341175 16.460981 0.99766266 -0.048894156 -0.04531481 0.0065595047
seq8/frame00027.png -6.194623 6.3365445 16.35267 0.99537903 -0.07479247 -0.06063315 -0.006536413
seq8/frame00028.png -4.4756236 7.0892577 18.242643 0.9982305 -0.033170167 0.020611962 -0.045543823
seq8/frame00029.png -0.39243168 7.073858 18.11476 0.9958554 -0.042478792 0.053327285 -0.060320742
seq8/frame00030.png 2.2340229 6.285944 15.920568 0.9978843 -0.031192116 0.01845157 -0.05411635
seq8/frame00031.png -1.9828856 5.632719 14.567641 0.997855 -0.033743765 0.04240008 -0.037197433
seq8/frame00032.png -3.8946507 7.844021 19.989613 0.99843276 -0.03947209 0.028827166 -0.02819091
seq8/frame00033.png -5.2179885 7.524532 19.466932 0.9981685 -0.056277007 -0.0006922272 -0.024733001
seq8/frame00034.png -9.287663 8.703025 22.523214 0.99748045 -0.028786015 -0.0644822 0.0025192194
seq8/frame00035.png -4.770183 7.683326 19.68577 0.9993618 -0.014893865 -0.020687565 -0.027053552
seq8/frame00036.png -8.149086 7.7732697 20.176989 0.9995223 -0.020347152 -0.020354167 -0.014319584
seq8/frame00037.png -10.325909 8.5287285 22.202312 0.99215996 -0.07936145 -0.09370726 0.02533371
seq8/frame00038.png -8.273909 7.1034474 18.688805 0.9933638 -0.109165154 -0.037457887 -0.00093027647
seq8/frame00039.png -6.8853793 9.329919 24.073711 0.9903186 -0.1246666 -0.06018734 0.0024574567
seq8/frame00040.png -4.864853 6.79085 17.577997 0.99655455 -0.07106779 -0.0011880839 -0.04367713
seq8/frame00041.png -7.48142 7.4055624 19.238956 0.9975422 -0.063419096 -0.0090436665 -0.028312165
seq8/frame00042.png -5.0561376 6.547338 16.988386 0.9994871 -0.018349657 0.02401046 0.0032482715
seq8/frame00043.png -11.483948 8.237866 21.577377 0.99743146 -0.05165429 -0.046716064 0.018060388
seq8/frame00044.png -9.713314 7.0685735 18.41719 0.9936093 -0.029046873 -0.09467262 0.0534416
seq8/frame00045.png -10.171058 6.9346256 18.229012 0.99152 -0.041106038 -0.109073445 0.056319408
seq8/frame00046.png -13.866333 8.491197 22.3882 0.9931816 -0.05223764 -0.09324783 0.046940096
seq8/frame00047.png -14.554625 7.3057976 19.272917 0.98204774 -0.08088722 -0.1611591 0.054668657
seq8/frame00048.png -12.896392 6.728772 17.713291 0.9821318 -0.10138654 -0.1507225 0.049190555
seq8/frame00049.png -10.062803 7.869886 20.264135 0.98782754 -0.11391275 -0.104236014 0.018086787
seq8/frame00050.png -12.525162 7.8960085 20.767118 0.9906677 -0.11399623 -0.07405347 0.010822092
seq8/frame00051.png -11.927096 7.1247754 18.608839 0.98291683 -0.110893756 -0.14047505 0.043031298
seq8/frame00052.png -14.708474 7.8140297 20.414465 0.97367775 -0.11367809 -0.19160688 0.048136134
seq8/frame00053.png -11.129591 6.8302608 17.707033 0.98410106 -0.14237173 -0.10692785 0.008281825
seq8/frame00054.png -10.210084 6.25358 16.081514 0.9776484 -0.1304908 -0.15690808 0.05019354
seq8/frame00055.png -9.300887 9.301092 24.13377 0.9979863 -0.040205743 0.0016325692 -0.04826382
seq8/frame00056.png -14.645322 7.239278 18.98259 0.98665345 -0.09624165 -0.12141319 0.049198043
seq8/frame00057.png -12.131578 7.0347815 18.360361 0.9876662 -0.10202658 -0.10503299 0.054779287
seq8/frame00058.png -8.680079 5.2712774 13.59811 0.9796301 -0.08902026 -0.17070818 0.057818174
seq8/frame00059.png -13.8322315 5.9644327 15.591355 0.9774994 -0.11851825 -0.1645991 0.057518333
seq8/frame00060.png -14.835015 6.570633 17.234076 0.98084897 -0.09372909 -0.15562077 0.06948395
seq8/frame00061.png -14.204786 8.009812 20.72045 0.98549986 -0.107653946 -0.12819351 0.027705409
seq8/frame00062.png -12.453194 7.3869877 19.048841 0.97963595 -0.08735788 -0.17064866 0.0590402
seq8/frame00063.png -14.022665 8.78547 22.552969 0.9836397 -0.047639325 -0.1738172 0.0041199154
seq8/frame00064.png -15.611541 6.5049267 17.041906 0.9770992 -0.08203176 -0.1786262 0.08172318
seq8/frame00065.png -13.90748 5.983558 15.695721 0.97307146 -0.07020641 -0.20261182 0.084835745
seq8/frame00066.png -15.994023 3.9446292 10.651994 0.977766 -0.025741342 -0.16283864 0.12951322
seq8/frame00067.png -16.322369 4.5036287 12.094397 0.9757851 -0.042159446 -0.18546267 0.10855476
seq8/frame00068.png -16.9121 4.3701763 11.716634 0.9760839 -0.06835951 -0.18159969 0.09775251
seq8/frame00069.png -16.2808 4.8869615 12.913861 0.9763417 -0.09194074 -0.17649925 0.08448874
seq8/frame00070.png -16.939272 3.839842 10.394821 0.9751349 -0.05964413 -0.183375 0.10815478
seq8/frame00071.png -14.218376 3.7440941 9.931686 0.974287 -0.074539974 -0.19166239 0.09148905
seq8/frame00072.png -15.030191 4.0175343 10.6089325 0.9663576 -0.08980606 -0.22002825 0.0982678
seq8/frame00073.png -16.36807 4.538042 12.079262 0.9723797 -0.100620106 -0.19228058 0.08573968
seq8/frame00074.png -11.153084 6.6746883 16.954685 0.98884434 -0.11046316 -0.09496584 0.031743597
seq8/frame00075.png -12.180638 4.3467426 11.208609 0.9669281 -0.085058145 -0.2260751 0.0818141
seq8/frame00076.png -14.660737 5.0765805 13.305306 0.9728723 -0.114136815 -0.18319382 0.083945245
seq8/frame00077.png -14.1028185 5.0057993 13.079714 0.96537554 -0.1088122 -0.22349434 0.079480134
seq8/frame00078.png -8.157723 5.9335794 14.845108 0.9904563 -0.02820754 -0.13515776 -0.0010147981
seq8/frame00079.png -12.360735 4.0135136 10.427882 0.98119867 -0.015362219 -0.18571797 0.049957313
seq8/frame00080.png -9.582259 3.2846675 8.458792 0.984227 -0.07238437 -0.14880343 0.062570006
seq8/frame00081.png -13.830787 3.6627297 9.567408 0.9656848 -0.0773303 -0.22586505 0.10248448
seq8/frame00082.png -12.75496 2.5162895 6.8161554 0.9729315 -0.0756561 -0.20100246 0.086174
seq8/frame00083.png -12.434224 3.115943 8.207079 0.97149545 -0.04988405 -0.21112503 0.09603236
seq8/frame00084.png -15.95424 2.1871517 6.0155945 0.9691808 -0.04570596 -0.21772774 0.10616207
seq8/frame00085.png -14.769303 1.2053725 3.4201634 0.9547038 -0.043401238 -0.2734314 0.10955385
seq8/frame00086.png -15.3825865 1.1069218 3.3137162 0.9530275 -0.04198383 -0.26125184 0.14760761
seq8/frame00087.png -15.13432 0.94835687 2.918725 0.95845044 -0.028286327 -0.24730456 0.13913989
seq8/frame00088.png -14.655397 0.9942616 2.9932148 0.95885366 -0.02666651 -0.25322658 0.12631863
seq8/frame00089.png -15.713724 0.66088694 2.239222 0.9478492 -0.0252853 -0.28426087 0.1421131
seq8/frame00090.png -13.076393 0.5241612 1.686309 0.9673842 -0.0034776772 -0.22571823 0.1145039
seq8/frame00091.png -10.447499 0.6747212 1.9414719 0.9636991 0.021322891 -0.24414968 0.10536496
seq8/frame00092.png -11.698084 -0.050021 0.09588502 0.9446349 0.023897024 -0.30040792 0.12947804
seq8/frame00093.png -11.6070595 -0.18483312 -0.3447265 0.9282317 -0.005288495 -0.33717987 0.15697652
seq8/frame00094.png -14.377674 -0.22641446 -0.16712542 0.9482917 -0.035489906 -0.28633723 0.13203016
seq8/frame00095.png -18.045582 -0.0016817921 0.69813335 0.9543505 -0.054205023 -0.25876585 0.13917483
seq8/frame00096.png -15.416594 1.5073196 4.2336917 0.9462895 -0.06924418 -0.29588002 0.11055578
seq8/frame00097.png -13.495827 -0.806718 -1.692303 0.94334275 -0.022244664 -0.29271692 0.15487948
seq8/frame00098.png -16.705523 -1.338944 -2.7724242 0.9450168 0.00030149875 -0.2802126 0.16833578
seq8/frame00099.png -16.187027 -1.9290664 -4.2203903 0.9482585 0.015028485 -0.26143694 0.17941393
seq8/frame00100.png -14.447197 -1.8971913 -4.209157 0.93789923 0.022496833 -0.29939845 0.17359534
seq8/frame00101.png -15.36243 -1.1515727 -2.4124544 0.89416134 0.013720376 -0.40721917 0.185685
seq8/frame00102.png -10.631269 -1.6615307 -3.78518 0.91324407 0.07554841 -0.3591761 0.17720222
seq8/frame00103.png -14.267928 -1.8028351 -4.0106945 0.91722363 0.029213447 -0.34751582 0.19253829
seq8/frame00104.png -12.625574 -2.4696393 -5.5289927 0.9141057 -0.008166824 -0.34650823 0.21022579
seq8/frame00105.png -13.754342 -2.3605416 -5.3632016 0.9203635 0.04012029 -0.32646376 0.21156162
seq8/frame00106.png -6.2768145 -2.9589515 -7.0622673 0.9178949 0.08614541 -0.32651967 0.20832841
seq8/frame00107.png -8.796894 -2.8670013 -6.733551 0.8934112 0.022394842 -0.40236714 0.19830802
seq8/frame00108.png -4.4094257 -3.0916014 -7.1450124 0.93921214 0.10847943 -0.267524 0.1859542
seq8/frame00109.png -4.879247 -3.2886186 -7.709581 0.93868905 0.1032425 -0.28367317 0.16678923
seq8/frame00110.png -11.562592 -2.7092402 -6.0814157 0.91941905 0.04831717 -0.3405881 0.1909811
seq8/frame00111.png -9.374657 -2.6014128 -5.851601 0.91343915 0.04383902 -0.35219973 0.19903289
seq8/frame00112.png -9.4060335 -2.678964 -6.1954627 0.9147093 0.060682274 -0.3472551 0.1974592
seq8/frame00113.png -12.006711 -2.4578295 -5.536343 0.9099598 0.03026373 -0.36674368 0.19138086
seq8/frame00114.png -10.08188 -2.5907605 -5.7192345 0.9312816 0.06497905 -0.31123275 0.17788163
seq8/frame00115.png -12.197978 -1.955944 -4.177276 0.9245671 0.025229324 -0.33515093 0.17945997
seq8/frame00116.png -11.937773 -1.972667 -4.4596148 0.8956202 0.00028940642 -0.39016235 0.2135771
seq8/frame00117.png -12.7916355 -1.6202801 -3.5576031 0.8944224 0.01998367 -0.39633003 0.20637709
seq8/frame00118.png -12.789396 -2.498886 -5.4915795 0.88083476 0.007976856 -0.42438817 0.20970474
seq8/frame00119.png -15.286296 -1.8568931 -3.8310924 0.9203933 0.0018329177 -0.34392202 0.18622957
seq8/frame00120.png -11.83986 -2.8354006 -6.326919 0.9074919 0.048945222 -0.3595107 0.2116638
seq8/frame00121.png -13.78793 -2.582469 -5.6871963 0.90263766 0.018136937 -0.3755627 0.2089375
seq8/frame00122.png -13.323446 -2.456244 -5.108436 0.9167213 0.039319314 -0.3453517 0.19738097
seq8/frame00123.png -12.896209 -1.3997308 -2.978511 0.8933557 -0.010367784 -0.39762118 0.2092339
seq8/frame00124.png -15.742794 -1.3793831 -2.7129986 0.89668214 0.007085708 -0.3905241 0.20837462
seq8/frame00125.png -17.036106 -1.0834756 -1.8442304 0.91347235 -0.0015914873 -0.3512727 0.20558119
seq8/frame00126.png -17.525434 -1.9080868 -3.8796031 0.9103566 0.015233538 -0.34990567 0.22049971
