seq4/frame00001.png -9.127356 -5.146486 -12.081119 0.9444468 0.08401685 -0.27807736 0.15365954
seq4/frame00002.png -9.388023 -5.1927876 -12.171005 0.9409438 0.085692495 -0.28700837 0.15797698
seq4/frame00003.png -9.437874 -5.124503 -11.992991 0.94399107 0.075399436 -0.28086877 0.15601388
seq4/frame00004.png -9.4212055 -5.07657 -11.895512 0.95183367 0.04114993 -0.26477447 0.14901702
seq4/frame00005.png -6.602113 -5.4337664 -12.508459 0.96644115 0.053091463 -0.21211241 0.13471168
seq4/frame00006.png -7.0331793 -4.9687715 -11.498705 0.96148145 0.05648108 -0.23349053 0.13415486
seq4/frame00007.png -7.4351716 -4.8156323 -11.160775 0.96240073 0.046946213 -0.23237291 0.13228437
seq4/frame00008.png -6.383328 -3.7728043 -8.794792 0.9681877 0.022316374 -0.21950045 0.11885259
seq4/frame00009.png -4.508085 -4.312301 -9.853271 0.98074406 0.015292281 -0.16484584 0.10366505
seq4/frame00010.png -4.5525374 -3.8546948 -8.937848 0.9823472 0.006057237 -0.15969798 0.09779854
seq4/frame00011.png -0.477321 -3.3121467 -7.6814027 0.9980979 -0.0036577717 -0.04035427 0.04687995
seq4/frame00012.png -2.186203 -3.0047886 -6.8976545 0.9962105 -0.006300827 -0.07010468 0.05080885
seq4/frame00013.png -0.25040415 -3.1807377 -7.3609977 0.99859893 -0.013653699 -0.031830467 0.040130038
seq4/frame00014.png -0.6938381 -2.9643297 -6.807253 0.99941885 -0.011477897 -0.019134376 0.025004389
seq4/frame00015.png -0.37102187 -2.206757 -5.0601134 0.99933535 -0.024935428 -0.016857145 0.019132575
seq4/frame00016.png 1.2173278 -2.357711 -5.6138864 0.99857146 -0.04599202 0.025892477 0.0041881017
seq4/frame00017.png 0.59798956 -2.1481097 -5.0646534 0.9991108 -0.039079584 0.007543238 0.01216653
seq4/frame00018.png 0.8134435 -2.3491902 -5.586764 0.9987213 -0.048053153 0.009142157 0.009483931
seq4/frame00019.png 1.7090204 -2.0167677 -4.803694 0.99811083 -0.05717102 0.02340932 0.005351849
seq4/frame00020.png 2.472681 -1.4576095 -3.5766659 0.9965497 -0.07888099 0.024585502 0.009035969
seq4/frame00021.png 2.5971057 -1.5072849 -3.6686573 0.9963004 -0.082557365 0.020574415 0.0147512015
seq4/frame00022.png 2.5299742 -1.3086787 -3.2078426 0.9960228 -0.08784026 0.016983537 0.012352061
seq4/frame00023.png 1.7437431 -1.5123831 -3.5859628 0.99840987 -0.052793693 0.01961546 0.0074904757
seq4/frame00024.png 2.6632 -1.2133541 -2.9649267 0.99803215 -0.048777036 0.037822463 -0.00055740564
seq4/frame00025.png 2.0204153 -0.7605025 -1.7322186 0.9990565 -0.039898228 0.020284897 0.006418025
seq4/frame00026.png 3.014676 -0.790234 -2.0287282 0.99842167 -0.035249617 0.04326131 -0.006067868
seq4/frame00027.png 3.4415853 -0.61802757 -1.6579293 0.9985209 -0.018968826 0.050708752 -0.003056905
seq4/frame00028.png 3.4303179 -0.3489785 -1.0595558 0.99835974 -0.031171318 0.04778214 -0.0028380365
seq4/frame00029.png 4.580827 -0.25190124 -0.93325573 0.99649084 -0.03877967 0.07150829 -0.015535915
seq4/frame00030.png 5.0445523 -0.01235424 -0.41834655 0.99555296 -0.054830454 0.07437776 -0.018376054
seq4/frame00031.png 5.6724105 0.08674636 -0.17142035 0.9957778 -0.024569327 0.086503275 -0.017275507
seq4/frame00032.png 6.6424427 0.29275167 0.34388688 0.9918185 -0.03664217 0.11780183 -0.03223025
seq4/frame00033.png 5.507074 1.125123 2.3917372 0.9968923 -0.02636011 0.07367528 -0.01285182
seq4/frame00034.png 7.4095306 1.1003585 2.1535091 0.99198 -0.04417147 0.11212412 -0.03563766
seq4/frame00035.png 7.744053 1.0552161 2.1650205 0.99171376 -0.04600012 0.114658624 -0.033842184
seq4/frame00036.png 8.139402 0.99353296 1.8688338 0.9921886 -0.056395497 0.10797058 -0.024830017
seq4/frame00037.png 9.340136 1.1342131 2.0501835 0.9898896 -0.038925357 0.13123642 -0.03577717
seq4/frame00038.png 8.712167 1.6166614 3.172446 0.9909186 -0.051953033 0.12144228 -0.02688267
seq4/frame00039.png 10.3487215 1.6880351 3.3220768 0.9858809 -0.03957286 0.15617663 -0.04522255
seq4/frame00040.png 11.232945 1.9924765 3.8474195 0.9835469 -0.03441856 0.17109397 -0.04798511
seq4/frame00041.png 11.791272 1.973118 3.735296 0.98060083 -0.03232809 0.18463802 -0.059252687
seq4/frame00042.png 11.9962435 1.9191041 3.4928274 0.9811224 -0.046611767 0.17921501 -0.056288812
seq4/frame00043.png 12.891987 2.1191456 3.9007275 0.9775313 -0.047450084 0.19656101 -0.05883488
seq4/frame00044.png 13.000731 1.7912883 3.105852 0.9790727 -0.03546516 0.19189471 -0.057670366
seq4/frame00045.png 13.1930065 0.9207183 0.9771112 0.96929234 -0.03718361 0.2296429 -0.07944116
seq4/frame00046.png 13.175707 0.8058835 0.6882466 0.9742786 -0.03896987 0.21031334 -0.07165199
seq4/frame00047.png 12.78228 0.6919715 0.49270868 0.9728682 -0.040134102 0.21568473 -0.07306154
seq4/frame00048.png 12.710878 0.5924146 0.33920187 0.9720286 -0.04229748 0.21810764 -0.07615994
seq4/frame00049.png 12.073735 0.6950978 0.68456525 0.9787363 -0.050589595 0.19010568 -0.057680428
seq4/frame00050.png 11.017938 0.2600975 -0.2457487 0.9800151 -0.052788116 0.18226306 -0.059655096
seq4/frame00051.png 8.0055685 0.7561337 1.2833778 0.9897627 -0.08406297 0.11040797 -0.035378404
seq4/frame00052.png 5.802685 0.9876659 2.0669255 0.99324405 -0.07735761 0.08120485 -0.028528675
seq4/frame00053.png 6.5317526 1.2379211 2.611479 0.9911676 -0.08114692 0.098370016 -0.035128184
seq4/frame00054.png 7.2477665 0.92441607 1.7469169 0.991113 -0.06729806 0.11055965 -0.03058269
seq4/frame00055.png 6.1918406 0.61335325 0.9790032 0.99378353 -0.054806504 0.09343913 -0.024785848
seq4/frame00056.png 6.9251056 0.1335842 -0.08024979 0.9925618 -0.045925055 0.10946823 -0.029638499
seq8/frame00001.png 1.2266546 4.270354 10.27961 0.99930197 -0.03417358 0.00616222 0.015516264
seq8/frame00002.png 1.234881 4.222389 10.1480665 0.9991369 -0.035946146 0.007468017 0.013681164
seq8/frame00003.png 2.251934 4.3403068 10.385079 0.99938154 -0.026849292 0.018722385 0.011062208
seq8/frame00004.png 1.621842 4.279083 10.249577 0.99950254 -0.022545027 0.0030042075 0.02093326
seq8/frame00005.png -0.105035946 4.4525805 10.896784 0.9986323 -0.039727207 -0.02323061 0.022776462
seq8/frame00006.png -1.4605317 4.434558 10.935642 0.99791694 -0.043966886 -0.038115602 0.02900403
seq8/frame00007.png -2.528279 4.287888 10.690247 0.9966568 -0.05556897 -0.053969886 0.025158308
seq8/frame00008.png -2.3136034 4.224291 10.464915 0.9979174 -0.05282335 -0.034507357 0.009464376
seq8/frame00009.png -2.219664 4.403041 10.80592 0.99700135 -0.057480123 -0.04972365 0.011496993
seq8/frame00010.png -0.6138897 4.736089 11.633492 0.9981041 -0.05948583 -0.016082961 -0.0011866089
seq8/frame00011.png -0.65231127 4.380543 10.699557 0.9989803 -0.044974755 -0.005773822 0.0008260537
seq8/frame00012.png -0.18851696 4.170753 10.167911 0.9992563 -0.037744027 -0.010644624 0.0018991348
seq8/frame00013.png -4.4102674 4.5606604 11.432622 0.9954952 -0.04924619 -0.07700911 0.026826335
seq8/frame00014.png -5.5523944 4.8512416 12.063783 0.99479127 -0.044411268 -0.086129405 0.031577438
seq8/frame00015.png -5.8496747 4.6774874 11.76762 0.9935624 -0.048327323 -0.09561645 0.038530197
seq8/frame00016.png -7.1892037 5.052832 12.680319 0.9913624 -0.061080135 -0.10936795 0.038415935
seq8/frame00017.png -7.4063034 4.8994803 12.40826 0.9910996 -0.059447058 -0.11476386 0.033579353
seq8/frame00018.png -7.4556446 5.1931353 13.114087 0.9915496 -0.061139163 -0.110229515 0.0307776
seq8/frame00019.png -10.449032 5.060676 13.083366 0.986643 -0.065610126 -0.14367579 0.040363975
seq8/frame00020.png -12.1731205 5.317822 13.790247 0.9808817 -0.072455436 -0.17358188 0.0507074
seq8/frame00021.png -12.117607 5.0513525 13.199233 0.9811999 -0.08070956 -0.16901788 0.045570366
seq8/frame00022.png -11.220242 4.788892 12.447936 0.9845199 -0.069128625 -0.15370083 0.04711247
seq8/frame00023.png -11.027579 4.6913905 12.338598 0.98487717 -0.09349277 -0.14151213 0.03612007
seq8/frame00024.png -14.7305355 5.62635 14.551497 0.9739733 -0.07190142 -0.20476866 0.06523563
seq8/frame00025.png -15.919979 5.7992835 15.144264 0.9733001 -0.074997015 -0.20671815 0.06685931
seq8/frame00026.png -15.989849 5.754063 15.202731 0.9754389 -0.079185024 -0.19331224 0.07038008
seq8/frame00027.png -14.8001 5.8619823 15.269711 0.9780104 -0.06818379 -0.18727528 0.061446194
seq8/frame00028.png -12.404245 5.189117 13.785878 0.9853724 -0.088724986 -0.14043732 0.037702907
seq8/frame00029.png -10.643971 4.682506 12.398777 0.99074113 -0.0885637 -0.10206079 0.019110108
seq8/frame00030.png -11.052287 4.7007613 12.453018 0.98910385 -0.08543307 -0.116867006 0.027467865
seq8/frame00031.png -15.70154 5.7313886 15.235117 0.9789466 -0.087883875 -0.17696787 0.050923076
seq8/frame00032.png -14.195114 6.3189216 16.671116 0.9837601 -0.072236165 -0.15622301 0.049518667
seq8/frame00033.png -13.747785 6.004348 15.838531 0.98301053 -0.07440899 -0.15893835 0.054011397
seq8/frame00034.png -16.056097 6.475647 17.067509 0.97302073 -0.09329082 -0.20350435 0.055819202
seq8/frame00035.png -15.305127 5.818065 15.36951 0.97141206 -0.104519226 -0.20630252 0.053362276
seq8/frame00036.png -16.081615 6.0109572 15.854206 0.9692542 -0.100105345 -0.2171527 0.057831567
seq8/frame00037.png -17.880676 6.4204907 16.892187 0.97013855 -0.07056401 -0.22107762 0.07112628
seq8/frame00038.png -17.506598 6.225206 16.48867 0.9724809 -0.087232195 -0.20685302 0.061806448
seq8/frame00039.png -16.032091 6.5509195 17.170582 0.97647476 -0.09652177 -0.18558082 0.051662873
seq8/frame00040.png -13.558742 4.8364367 12.774609 0.97865385 -0.103280574 -0.1749043 0.03144065
seq8/frame00041.png -16.424896 5.617203 14.85858 0.96661556 -0.08599167 -0.23098971 0.071187735
seq8/frame00042.png -15.440999 5.1053596 13.529377 0.9658444 -0.063896894 -0.23765513 0.08042085
seq8/frame00043.png -18.921686 5.142371 13.690913 0.95542294 -0.066625886 -0.27196655 0.0938182
seq8/frame00044.png -20.002779 4.7002435 12.521276 0.9450346 -0.060539752 -0.30122066 0.11187766
seq8/frame00045.png -20.089922 4.8509007 12.905524 0.9522031 -0.049993318 -0.28216985 0.105454795
seq8/frame00046.png -21.86164 4.751912 12.73392 0.9391099 -0.065364435 -0.31550035 0.11931342
seq8/frame00047.png -22.534985 4.8654633 13.112483 0.94383055 -0.06127768 -0.30614698 0.1087073
seq8/frame00048.png -22.531075 5.1934633 13.954318 0.94535935 -0.07346127 -0.30046755 0.10327032
seq8/frame00049.png -21.581863 5.25623 14.111492 0.95089066 -0.08631038 -0.28096172 0.09720287
seq8/frame00050.png -22.936388 5.2270794 14.055894 0.9485956 -0.06984472 -0.29055476 0.10467828
seq8/frame00051.png -22.095495 4.7993627 12.911072 0.94782615 -0.081271045 -0.2921313 0.09853924
seq8/frame00052.png -22.773972 4.5011897 12.277245 0.94515055 -0.07742453 -0.29989272 0.104438655
seq8/frame00053.png -18.955767 4.173139 11.216853 0.9562292 -0.11700037 -0.2555001 0.08093332
seq8/frame00054.png -20.18564 3.7046685 10.03998 0.95177203 -0.117982075 -0.26775387 0.09266286
seq8/frame00055.png -22.940107 3.8583312 10.46485 0.9494333 -0.07317434 -0.28529653 0.10861497
seq8/frame00056.png -23.66536 3.69532 10.055409 0.9424147 -0.0758362 -0.3051091 0.11398149
seq8/frame00057.png -24.022074 3.7237008 10.2079735 0.9412994 -0.07005148 -0.3096865 0.114963524
seq8/frame00058.png -23.313885 3.1376927 8.719987 0.9412202 -0.08134785 -0.30793482 0.11258712
seq8/frame00059.png -22.201792 3.3624341 9.249422 0.9435671 -0.105783015 -0.296692 0.10189855
seq8/frame00060.png -25.1619 2.955549 8.255586 0.9298211 -0.06465296 -0.33977956 0.12555654
seq8/frame00061.png -22.720314 2.63862 7.417293 0.9384666 -0.093528256 -0.3126121 0.11294486
seq8/frame00062.png -24.577536 2.5850594 7.3516855 0.939862 -0.07164517 -0.3111986 0.121027686
seq8/frame00063.png -24.629997 2.4898152 7.0590086 0.93587226 -0.07154854 -0.32141346 0.12545891
seq8/frame00064.png -24.104431 2.381119 6.7052126 0.9384414 -0.06800126 -0.31486997 0.12484243
seq8/frame00065.png -25.695803 2.4412036 6.8822856 0.9316157 -0.05018037 -0.33564988 0.12953871
seq8/frame00066.png -26.216465 1.8743422 5.3655577 0.9236897 -0.024563774 -0.3546376 0.14281279
seq8/frame00067.png -26.615349 1.9360054 5.6137686 0.9240011 -0.036943726 -0.3544428 0.13823643
seq8/frame00068.png -26.309608 1.7081908 5.0773826 0.92041355 -0.051177263 -0.36163086 0.13947824
seq8/frame00069.png -25.605192 1.8516295 5.416325 0.9253504 -0.061390433 -0.3501516 0.1325983
seq8/frame00070.png -26.272923 1.5404083 4.6034603 0.9200053 -0.050090004 -0.36227435 0.14022064
seq8/frame00071.png -26.65628 1.7138952 5.0547786 0.9197107 -0.05122392 -0.36237654 0.14157607
seq8/frame00072.png -25.383821 1.7403883 5.1943426 0.9196429 -0.05447204 -0.36372477 0.13811293
seq8/frame00073.png -25.722342 1.8400081 5.5327377 0.92474914 -0.07063089 -0.34996986 0.13180536
seq8/frame00074.png -23.237299 2.2931802 6.522204 0.92699915 -0.08887237 -0.34430304 0.119800255
seq8/frame00075.png -25.035759 1.9352041 5.6878505 0.9196198 -0.062031325 -0.3634377 0.13548905
seq8/frame00076.png -23.660881 1.8344553 5.395653 0.92175734 -0.07043627 -0.35782075 0.13178314
seq8/frame00077.png -24.292877 1.7931749 5.269289 0.9238456 -0.06496368 -0.35391876 0.13059978
seq8/frame00078.png -24.315552 1.6409256 4.8615637 0.92578614 -0.06853314 -0.34834284 0.12979919
seq8/frame00079.png -24.543997 1.1783556 3.679998 0.92619246 -0.040365368 -0.34942406 0.13576257
seq8/frame00080.png -24.124004 0.9203739 3.005956 0.9250919 -0.040817324 -0.35208064 0.13669662
seq8/frame00081.png -23.47025 0.90011704 2.968724 0.92531157 -0.045315284 -0.35138738 0.13517879
seq8/frame00082.png -23.973835 0.44592083 1.7615902 0.92164135 -0.044898063 -0.3595284 0.13948734
seq8/frame00083.png -22.639603 0.63137764 2.1741054 0.91986036 -0.02988057 -0.36547256 0.13896649
seq8/frame00084.png -23.378372 0.0016568415 0.49250907 0.91019744 -0.00819578 -0.38456157 0.15385562
seq8/frame00085.png -24.628824 -0.112073064 0.25905102 0.9060916 -0.010950375 -0.39353016 0.15486412
seq8/frame00086.png -26.005531 -0.6094711 -0.9834639 0.9035873 -0.009136626 -0.39527044 0.16464734
seq8/frame00087.png -26.115242 -0.703603 -1.3195131 0.89919657 -0.0054338407 -0.40456715 0.16659221
seq8/frame00088.png -24.833773 -0.9193247 -1.8939514 0.9021891 -0.007370416 -0.39820963 0.16605502
seq8/frame00089.png -26.58133 -1.1638309 -2.4494522 0.8862467 0.0024305503 -0.42877495 0.17527053
seq8/frame00090.png -23.782402 -1.0999314 -2.3338437 0.904035 -0.0068884506 -0.39562306 0.16168584
seq8/frame00091.png -22.816408 -1.1765863 -2.5295765 0.9142756 -0.014973936 -0.3745292 0.15389775
seq8/frame00092.png -24.046139 -1.3795955 -3.0228326 0.90545434 -0.015150103 -0.39165124 0.16266288
seq8/frame00093.png -26.465155 -1.5595957 -3.4340796 0.894509 -0.008590595 -0.41169766 0.17417689
seq8/frame00094.png -26.257933 -2.0596557 -4.64445 0.89492923 -0.0110394 -0.41202354 0.17063282
seq8/frame00095.png -26.624426 -2.1499522 -4.8687434 0.89521307 -0.017058639 -0.4113465 0.17082612
seq8/frame00096.png -24.509855 -2.4513726 -5.667438 0.89799064 -0.012444541 -0.4049911 0.17142504
seq8/frame00097.png -27.336546 -2.3707683 -5.417285 0.8876247 -0.003344761 -0.42314065 0.18158893
seq8/frame00098.png -27.496592 -2.7514873 -6.427253 0.88650584 -0.0018265862 -0.42528236 0.18251364
seq8/frame00099.png -28.130901 -2.8126428 -6.5810156 0.8823115 0.0061762845 -0.43143964 0.18772985
seq8/frame00100.png -28.049595 -2.926923 -6.7746935 0.88515335 -0.00015047987 -0.42775437 0.182988
seq8/frame00101.png -26.417786 -2.8318012 -6.6832056 0.87569535 0.01004281 -0.4439722 0.18988837
seq8/frame00102.png -25.519127 -2.6710305 -6.2707353 0.8775316 -0.001264855 -0.4407531 0.18885855
seq8/frame00103.png -26.155903 -2.807664 -6.6033187 0.8719866 0.0080364505 -0.4500383 0.19245265
seq8/frame00104.png -25.636848 -2.982357 -7.04525 0.8714863 0.0173131 -0.45007956 0.1939733
seq8/frame00105.png -24.281559 -3.0504012 -7.2857103 0.87405473 0.024458144 -0.44593516 0.19083752
seq8/frame00106.png -24.239931 -3.3281405 -7.999552 0.86824155 0.019544858 -0.45541805 0.19614835
seq8/frame00107.png -22.445805 -3.298202 -8.017628 0.8704958 0.0341871 -0.44944304 0.19727679
seq8/frame00108.png -23.180946 -3.90815 -9.495346 0.87247 0.040102206 -0.4458858 0.19574721
seq8/frame00109.png -22.997988 -3.985528 -9.723851 0.86919135 0.04292609 -0.4506617 0.19892453
seq8/frame00110.png -22.528614 -4.5130544 -10.990888 0.8843818 0.05113009 -0.42229307 0.19216539
seq8/frame00111.png -22.551392 -4.271729 -10.391414 0.86942875 0.04753225 -0.4497152 0.19921686
seq8/frame00112.png -22.301405 -4.288201 -10.484135 0.87419206 0.050042827 -0.44055182 0.19867226
seq8/frame00113.png -22.046648 -4.2432017 -10.326384 0.8787623 0.04205523 -0.43489644 0.19209565
seq8/frame00114.png -22.353788 -4.311539 -10.422249 0.88264114 0.036526505 -0.42835316 0.18973993
seq8/frame00115.png -22.944395 -4.4397645 -10.6467705 0.87490416 0.037792854 -0.44307685 0.19197087
seq8/frame00116.png -24.003918 -3.6543605 -8.808322 0.8742077 0.01780057 -0.44457945 0.19401662
seq8/frame00117.png -22.877928 -3.551315 -8.505696 0.8717392 0.017484574 -0.44997394 0.19318509
seq8/frame00118.png -24.355888 -4.106195 -9.827792 0.8743964 0.023911588 -0.44429094 0.19393216
seq8/frame00119.png -24.167751 -4.263691 -10.175863 0.87470526 0.022508143 -0.4450955 0.19041404
seq8/frame00120.png -25.470848 -3.8734112 -9.224574 0.8721102 0.026687855 -0.44702703 0.19687879
seq8/frame00121.png -25.146809 -3.8562975 -9.198593 0.86836094 0.022283213 -0.4542683 0.19802707
seq8/frame00122.png -24.55662 -4.127943 -9.8229685 0.8743236 0.02419562 -0.44424322 0.19407664
seq8/frame00123.png -24.028345 -3.6487398 -8.625183 0.8711875 0.013939114 -0.4505532 0.19486982
seq8/frame00124.png -24.026846 -3.4908252 -8.237492 0.8649113 0.016734991 -0.46137312 0.19667277
seq8/frame00125.png -24.090427 -3.7285938 -8.806891 0.88233024 0.014621265 -0.4304308 0.18983604
seq8/frame00126.png -24.775438 -4.1631045 -9.861392 0.8802066 0.021995699 -0.43315253 0.19292839
