seq4/frame00001.png -10.987216 -4.882546 -11.372739 0.9391674 0.03505818 -0.30566877 0.15236972
seq4/frame00002.png -10.977306 -4.89969 -11.420624 0.9408992 0.029974118 -0.30357352 0.14701982
seq4/frame00003.png -10.921783 -4.8779397 -11.312936 0.9412147 0.025493143 -0.3033572 0.14665091
seq4/frame00004.png -10.78347 -4.9539523 -11.64062 0.9450688 0.007774458 -0.30152306 0.12600626
seq4/frame00005.png -8.117889 -4.7308607 -11.292977 0.9681689 -0.017789513 -0.22228093 0.11415289
seq4/frame00006.png -7.740642 -4.58851 -10.773015 0.97349024 -0.012672907 -0.20076115 0.10954356
seq4/frame00007.png -7.159278 -4.410578 -10.327253 0.9776552 -0.0086411415 -0.19265638 0.08300297
seq4/frame00008.png -4.563298 -4.2058554 -9.963596 0.98210585 -0.0068317647 -0.16966704 0.08156795
seq4/frame00009.png -4.7624435 -4.1418653 -9.67859 0.9819128 -0.016219048 -0.16582845 0.08977339
seq4/frame00010.png -6.249293 -3.710639 -8.735806 0.97186434 -0.01479487 -0.21388175 0.097294025
seq4/frame00011.png -2.1736705 -4.0924478 -9.883874 0.9988566 0.023102429 -0.03792563 0.017609615
seq4/frame00012.png -2.3592796 -4.1915646 -10.125599 0.9952996 0.036584962 -0.07923352 0.04361082
seq4/frame00013.png 0.93821156 -3.1607246 -7.5516863 0.9987512 -0.010337149 -0.029118475 0.03984999
seq4/frame00014.png -3.641097 -3.2225366 -7.3307266 0.9966282 -0.01485699 -0.07927891 0.015969194
seq4/frame00015.png -5.683928 -2.532973 -6.25411 0.98589367 -0.01136912 -0.15464115 0.06285448
seq4/frame00016.png -0.8289545 -2.4832368 -6.333906 0.9993242 -0.030065559 -0.022870418 -0.0050029145
seq4/frame00017.png 1.0080377 -2.9987652 -7.216282 0.9985199 -0.020520303 0.042241197 -0.028348412
seq4/frame00018.png -0.2583635 -2.3204737 -5.544659 0.99913496 -0.040963 0.0008054563 -0.0025090356
seq4/frame00019.png 4.673876 -2.0284514 -5.301749 0.9953011 -0.05768683 0.07454405 -0.018147416
seq4/frame00020.png 1.4894588 -1.9237432 -4.639795 0.99635047 -0.07608633 0.03520438 -0.014390805
seq4/frame00021.png 3.0247815 -1.2061754 -2.9831827 0.9947649 -0.09684023 0.030343262 0.008178154
seq4/frame00022.png 3.48816 -0.85789627 -2.2835553 0.9949793 -0.09494147 0.033688053 0.0071866256
seq4/frame00023.png -0.2291782 -1.2804574 -2.7883222 0.9979941 -0.061998807 -0.004545898 0.0135106845
seq4/frame00024.png 2.004557 -0.89934194 -2.3960764 0.9971132 -0.060575467 0.04476951 0.007613763
seq4/frame00025.png 1.8690541 -0.9006038 -2.1993175 0.99838984 -0.035718855 0.0430299 -0.010000895
seq4/frame00026.png 2.2745447 -0.64366233 -1.6462325 0.99410915 -0.027684337 0.101614 -0.02671838
seq4/frame00027.png 2.6216946 -0.41627938 -1.1401774 0.99754506 -0.011347932 0.06959122 -0.0070223873
seq4/frame00028.png 2.7952971 -0.17342255 -0.4888839 0.99493206 -0.03109473 0.09391429 -0.014017394
seq4/frame00029.png 4.0557175 0.0018103449 -0.39231506 0.9875131 -0.04709311 0.1447053 -0.04143936
seq4/frame00030.png 4.357522 0.32514846 0.4070713 0.9860817 -0.0728042 0.14440711 -0.037836097
seq4/frame00031.png 4.9691916 0.41831136 0.46578377 0.9882255 -0.033797566 0.1449491 -0.036834102
seq4/frame00032.png 5.5404406 0.5327462 0.85827076 0.9879061 -0.029649327 0.14912385 -0.0304953
seq4/frame00033.png 6.2468777 0.670648 1.2038429 0.9866284 -0.00776954 0.15724193 -0.04305496
seq4/frame00034.png 6.884716 0.8412143 1.7326367 0.97706014 -0.04260303 0.20480914 -0.042204928
seq4/frame00035.png 7.4156156 0.97743756 2.172804 0.9884227 -0.04511475 0.14394607 -0.018627487
seq4/frame00036.png 7.881308 1.1489763 2.5337074 0.98814684 -0.041431602 0.14809014 -0.004998084
seq4/frame00037.png 8.473116 1.3359011 2.9803207 0.990147 -0.041970175 0.13156545 -0.020281142
seq4/frame00038.png 9.0470705 1.7772238 3.6193502 0.98608387 -0.027875328 0.16358972 -0.013408423
seq4/frame00039.png 9.45654 1.8453342 3.6872735 0.9777529 -0.028304527 0.20572883 -0.031143935
seq4/frame00040.png 10.305585 2.0497746 4.2825723 0.9804656 -0.008668997 0.18992928 -0.051337935
seq4/frame00041.png 10.751084 2.084054 4.270722 0.97562665 -0.025163885 0.21053898 -0.05625699
seq4/frame00042.png 11.171685 2.058812 3.9846559 0.97743744 -0.039766725 0.19850376 -0.059732784
seq4/frame00043.png 12.081249 2.115013 4.0892973 0.9795178 -0.03232311 0.19347432 -0.045478825
seq4/frame00044.png 10.788599 1.7275321 2.6168396 0.9772033 -0.04285157 0.20009288 -0.05668768
seq4/frame00045.png 12.307224 1.7614831 2.9739928 0.96799797 -0.06000327 0.23025866 -0.08072852
seq4/frame00046.png 12.230966 1.6497391 2.7455587 0.97838384 -0.04175441 0.19207737 -0.06440979
seq4/frame00047.png 11.93748 1.3435233 2.1036892 0.97399014 -0.04260999 0.20000736 -0.09715816
seq4/frame00048.png 11.655622 1.1748092 1.8339589 0.9722352 -0.05412713 0.21304542 -0.079297595
seq4/frame00049.png 11.178307 1.0638037 1.5894692 0.97653985 -0.0695819 0.191581 -0.069698855
seq4/frame00050.png 10.52636 1.0118552 1.4253176 0.9679525 -0.084318615 0.21948214 -0.08882895
seq4/frame00051.png 9.822544 0.7773507 1.0033143 0.96098876 -0.10817428 0.23927094 -0.087721646
seq4/frame00052.png 2.3507757 8.027535e-05 0.0907334 0.9874895 -0.104894154 0.104615375 -0.055176597
seq4/frame00053.png 4.872762 -1.7768987 -4.147897 0.98581684 -0.05540588 0.12936264 -0.092097074
seq4/frame00054.png 9.038308 -0.5791233 -1.4500177 0.9874892 -0.049174882 0.12353474 -0.08350412
seq4/frame00055.png 7.339738 0.47262985 0.7967013 0.9741629 -0.064424284 0.2097515 -0.052874908
seq4/frame00056.png 6.661763 0.43806165 0.66089284 0.9855686 -0.032265235 0.14961204 -0.07261041
seq8/frame00001.png 1.5221304 4.074152 9.647084 0.9992731 -0.032036524 0.020281073 -0.0014707431
seq8/frame00002.png 1.4243674 4.082345 9.608872 0.9993153 -0.031531062 0.01875382 0.0008153733
seq8/frame00003.png 1.4429572 4.204368 10.049085 0.99932694 -0.03120692 0.019162863 0.0020156435
seq8/frame00004.png 1.424817 4.155207 9.782241 0.9992708 -0.01751492 -0.00585782 0.03316159
seq8/frame00005.png 1.7625196 4.6249022 10.895596 0.9945767 -0.023991145 -0.099464424 0.016794825
seq8/frame00006.png 0.15866542 4.537464 10.4781275 0.9950406 -0.041601695 -0.08931979 -0.011775862
seq8/frame00007.png -0.5478955 4.4564066 10.673311 0.9919696 -0.021306051 -0.12179205 -0.027300876
seq8/frame00008.png 2.440018 5.4459634 13.496402 0.9931242 -0.025070049 0.10688213 -0.04027759
seq8/frame00009.png -1.9444085 4.510674 10.75009 0.9887281 0.011811747 -0.14705841 -0.026300782
seq8/frame00010.png -0.3495496 5.2826986 13.241565 0.9991974 -0.033024233 0.016031422 0.015870294
seq8/frame00011.png -3.3856175 4.5207896 11.137488 0.9892567 0.0027085708 -0.14545755 0.014504251
seq8/frame00012.png -4.199353 4.569575 11.224701 0.9905174 -0.0013699256 -0.13694248 0.0121125635
seq8/frame00013.png -5.0291204 4.533015 11.30957 0.99360937 0.010871962 -0.1115823 0.0066700205
seq8/frame00014.png -5.698353 4.601321 11.352984 0.9919031 -4.072305e-05 -0.12686713 -0.0023963093
seq8/frame00015.png -6.4177456 4.5715814 11.294332 0.9932654 0.016516991 -0.1141473 -0.009401641
seq8/frame00016.png -7.1506767 4.5532236 11.412726 0.9915111 -0.005888876 -0.12921277 0.01149404
seq8/frame00017.png -7.889751 4.5088015 11.364216 0.9921827 0.01108564 -0.1147411 -0.04695155
seq8/frame00018.png -8.505775 4.6464396 11.834307 0.9900493 0.007194033 -0.13394918 -0.04175034
seq8/frame00019.png -9.068763 4.728209 11.924103 0.99548596 0.0008636808 -0.08700009 -0.037535734
seq8/frame00020.png -9.322025 4.619534 11.702184 0.99336404 -0.00473012 -0.11148675 -0.02924509
seq8/frame00021.png -10.372231 4.844779 12.398518 0.99337083 -0.014144998 -0.1072538 -0.037559018
seq8/frame00022.png -10.898583 4.752185 12.1180935 0.99421054 -0.018201167 -0.10407964 -0.018944282
seq8/frame00023.png -12.459642 4.777077 12.481042 0.9948359 -0.010601192 -0.08858702 -0.04807268
seq8/frame00024.png -12.581599 4.961929 12.84254 0.9815883 -0.04083022 -0.18673958 0.005855379
seq8/frame00025.png -12.824323 5.1851597 13.251035 0.98926705 -0.039308187 -0.13980548 0.016546782
seq8/frame00026.png -15.597869 5.1457415 13.438843 0.9897225 -0.042584922 -0.13668402 0.0035351098
seq8/frame00027.png -14.516439 5.6264544 14.283276 0.9838834 -0.07985825 -0.1602344 0.004282759
seq8/frame00028.png -14.753958 5.8268967 15.239925 0.99402195 -0.023862386 -0.09149808 -0.054006934
seq8/frame00029.png -14.9330845 5.855248 15.497071 0.99618626 -0.039355367 0.0054986747 -0.07781193
seq8/frame00030.png -12.368097 6.476404 16.802452 0.99572825 -0.048466016 0.03858538 -0.06951281
seq8/frame00031.png -9.086115 4.175828 11.2577715 0.99890095 -0.026053244 -0.019636009 -0.032864556
seq8/frame00032.png -15.453406 5.9395576 15.770122 0.99376786 -0.029252198 -0.10690491 -0.012825527
seq8/frame00033.png -13.935124 6.7310286 17.369967 0.9952117 -0.040596284 -0.08785712 -0.010711994
seq8/frame00034.png -15.824423 6.745183 17.421429 0.9840997 -0.026672352 -0.17546704 -0.008732543
seq8/frame00035.png -16.012411 6.837394 17.571869 0.97792494 -0.025481546 -0.20650779 -0.021550355
seq8/frame00036.png -15.8525915 6.7660756 17.424768 0.9774223 -0.024062833 -0.20995787 -0.004973214
seq8/frame00037.png -17.767693 6.869074 17.860903 0.98058873 -0.07756952 -0.17805664 0.02546076
seq8/frame00038.png -17.942019 6.9312625 18.502449 0.9821048 -0.111348525 -0.15209986 0.0015861443
seq8/frame00039.png -14.389469 6.5377483 16.41216 0.98787296 -0.11099025 -0.1077762 -0.013503908
seq8/frame00040.png -13.918511 5.5523396 15.411857 0.981477 -0.05573652 -0.17414723 -0.05765876
seq8/frame00041.png -19.416172 7.150735 18.743942 0.96258307 -0.063523665 -0.26304463 -0.008723119
seq8/frame00042.png -20.472418 6.7826147 17.567549 0.95116 -0.043741193 -0.3054317 0.016661944
seq8/frame00043.png -20.309946 6.4599624 16.6725 0.9596447 -0.051932286 -0.274522 0.033421867
seq8/frame00044.png -20.816069 6.558269 16.887022 0.9448955 -0.051065255 -0.3167111 0.06657423
seq8/frame00045.png -20.756964 5.994735 15.674334 0.95649976 -0.053267106 -0.28134075 0.055898335
seq8/frame00046.png -20.665329 5.999936 15.754832 0.94576555 -0.053641453 -0.31214184 0.072380595
seq8/frame00047.png -21.553162 5.6559315 14.786568 0.9556534 -0.08003938 -0.2721201 0.0787134
seq8/frame00048.png -22.35676 5.654489 14.341477 0.9620473 -0.10540098 -0.24215312 0.07045195
seq8/frame00049.png -24.324692 11.949918 31.185762 0.95268595 -0.06599214 -0.29620942 -0.020070957
seq8/frame00050.png -19.791002 10.214316 25.818974 0.97132355 -0.022156429 -0.23161013 -0.049093448
seq8/frame00051.png -22.211147 5.6216917 13.952301 0.9715232 -0.10701013 -0.20548409 0.049318317
seq8/frame00052.png -24.102827 5.1508217 13.137345 0.962376 -0.10745221 -0.2425255 0.059550095
seq8/frame00053.png -19.800663 5.575006 13.82832 0.9794608 -0.12886427 -0.15274577 0.02704634
seq8/frame00054.png -18.62735 5.4222956 13.521998 0.9857721 -0.12735787 -0.103735335 0.037026796
seq8/frame00055.png -16.049557 3.9643223 10.279617 0.9912377 -0.079904936 -0.10037586 0.029681103
seq8/frame00056.png -32.52675 6.0924344 16.919075 0.9233023 -0.0019072163 -0.3841052 0.012129947
seq8/frame00057.png -25.836605 4.031488 10.193134 0.9651109 -0.09049178 -0.23991016 0.05316345
seq8/frame00058.png -19.128202 11.689326 29.630459 0.9823776 -0.0295517 -0.15797408 -0.095830366
seq8/frame00059.png -25.761663 4.0912757 10.60515 0.95594674 -0.1151829 -0.26424953 0.054792736
seq8/frame00060.png -25.856493 3.8356526 9.626697 0.9621958 -0.08253601 -0.24606967 0.0820094
seq8/frame00061.png -26.40502 4.055621 10.037473 0.96251667 -0.108569875 -0.24274932 0.052769326
seq8/frame00062.png -28.133862 2.2709332 6.347165 0.9602055 -0.07227348 -0.2643172 0.0540789
seq8/frame00063.png -28.2023 2.0040612 5.537425 0.96332467 -0.06995997 -0.2508724 0.065130726
seq8/frame00064.png -12.317457 -0.54237324 -1.4525356 0.94056326 -0.00497033 -0.33686957 0.04358573
seq8/frame00065.png -28.851297 1.6073959 4.6387205 0.9522777 -0.034698714 -0.2963449 0.0642257
seq8/frame00066.png -24.053736 2.0901172 5.628649 0.9541047 -0.008804886 -0.28186178 0.100916035
seq8/frame00067.png -26.512465 2.1348622 5.850471 0.9494014 -0.02637756 -0.30280572 0.07958242
seq8/frame00068.png -27.264599 1.8479778 4.953712 0.93715 -0.040152065 -0.33829284 0.07568912
seq8/frame00069.png -25.886358 2.13306 5.5175714 0.9486274 -0.064311214 -0.29997605 0.077044964
seq8/frame00070.png -25.617382 1.7645661 4.5068197 0.9403707 -0.042875957 -0.32781944 0.08140953
seq8/frame00071.png -24.98801 1.865692 4.629836 0.9451974 -0.054864325 -0.30934995 0.08893687
seq8/frame00072.png -24.22072 1.8641442 4.398199 0.9356706 -0.068291984 -0.3350817 0.08627172
seq8/frame00073.png -23.46441 2.2307851 5.4346957 0.9397034 -0.08738312 -0.31852916 0.08885024
seq8/frame00074.png -22.510815 2.2924747 5.4739695 0.9305664 -0.11949914 -0.33944228 0.06708305
seq8/frame00075.png -22.197165 2.1539068 5.1905584 0.92890984 -0.08338442 -0.35069305 0.08457622
seq8/frame00076.png -21.44881 2.1593666 5.1254306 0.9323622 -0.09734545 -0.33649513 0.090066046
seq8/frame00077.png -20.953638 1.9288646 4.6729226 0.93899035 -0.08914536 -0.31858614 0.09458636
seq8/frame00078.png -20.646635 1.7435583 4.2355647 0.9449443 -0.07918275 -0.30308124 0.0941391
seq8/frame00079.png -20.441362 1.2863355 3.2975981 0.9426444 -0.06255644 -0.3105666 0.10544342
seq8/frame00080.png -20.085758 0.99414307 2.7673454 0.94078475 -0.05722248 -0.31840095 0.10109337
seq8/frame00081.png -19.758726 0.8531845 2.3530943 0.9411471 -0.061394144 -0.31961924 0.09080686
seq8/frame00082.png -19.985067 0.47924742 1.4136178 0.94667935 -0.052177776 -0.3063515 0.08490512
seq8/frame00083.png -20.102203 0.39154667 0.85122526 0.93179923 -0.04184795 -0.35246792 0.07676348
seq8/frame00084.png -20.216478 -0.014132122 0.08366888 0.9307541 -0.020259662 -0.35372895 0.09014324
seq8/frame00085.png -24.649527 2.7598288 7.0100517 0.9218231 -0.08908543 -0.34859297 0.14411218
seq8/frame00086.png -39.867725 2.0993176 6.9500813 0.8562099 -0.1358318 -0.4667173 0.17505245
seq8/frame00087.png -21.204134 -0.825173 -2.0564141 0.92460847 -0.012967304 -0.36090797 0.12144658
seq8/frame00088.png -23.685446 -3.8705325 -9.386665 0.84269994 -0.03223205 -0.5238479 0.12011316
seq8/frame00089.png -21.915281 -1.2971804 -3.332127 0.9107984 -0.004607938 -0.39557374 0.118103445
seq8/frame00090.png -22.43804 -1.2250352 -3.0777457 0.92129564 0.012674167 -0.3762856 0.09695819
seq8/frame00091.png -22.998005 -1.315183 -3.4267118 0.92714447 0.0056041656 -0.367206 0.07428701
seq8/frame00092.png -20.108849 -0.850917 -2.0816872 0.9337437 0.0037237753 -0.34075013 0.11036172
seq8/frame00093.png -23.771614 -1.873879 -4.613978 0.9151369 0.008332568 -0.38318732 0.12466988
seq8/frame00094.png -24.113605 -2.1507668 -5.444642 0.9116202 -0.016022496 -0.391954 0.12301534
seq8/frame00095.png -22.829649 -4.138166 -10.037515 0.8837388 -0.03461355 -0.4528403 0.11298992
seq8/frame00096.png -21.986183 -4.958143 -12.046202 0.8836106 -0.015546796 -0.4620926 0.073414996
seq8/frame00097.png -25.394783 -2.7189255 -6.617506 0.9038775 -0.0018954653 -0.41258118 0.113139175
seq8/frame00098.png -27.30111 -3.577876 -8.921715 0.89916307 0.0056510502 -0.42257044 0.114708565
seq8/frame00099.png -25.522776 -3.193761 -8.034167 0.8988857 -0.0060342206 -0.41343358 0.14516996
seq8/frame00100.png -25.5843 -3.245315 -8.270442 0.8844915 -0.011658826 -0.44461372 0.1411846
seq8/frame00101.png -24.150822 -5.480757 -13.750817 0.81790286 -0.040323064 -0.55261075 0.15473083
seq8/frame00102.png -24.726824 -3.575758 -9.158582 0.85655284 -0.0037325327 -0.49221995 0.15471451
seq8/frame00103.png -22.127312 -3.4617267 -8.755481 0.8610501 -0.0061078095 -0.47809845 0.17346205
seq8/frame00104.png -23.516994 -3.8117604 -9.730825 0.84722143 0.002484005 -0.4998474 0.17999291
seq8/frame00105.png -22.96293 -3.8636413 -9.743658 0.8555791 0.0150412535 -0.487451 0.17360434
seq8/frame00106.png -24.223335 -4.2822714 -10.995651 0.8459418 0.008131758 -0.502018 0.17953755
seq8/frame00107.png -27.067392 -6.2182717 -15.0752735 0.824783 0.043399774 -0.5472862 0.1359048
seq8/frame00108.png -21.491997 -4.2164025 -10.666727 0.8722296 0.0012405027 -0.45219257 0.18657145
seq8/frame00109.png -16.334112 -4.478167 -11.198043 0.8774857 0.009445402 -0.4421926 0.18545692
seq8/frame00110.png -18.865545 -4.5882416 -11.382102 0.8917247 0.00090781436 -0.41523337 0.17996976
seq8/frame00111.png -21.336073 -4.7833457 -12.061105 0.86414397 0.013850864 -0.47304606 0.17112352
seq8/frame00112.png -20.161493 -4.5922055 -11.48695 0.87382954 0.015060766 -0.44785592 0.18830188
seq8/frame00113.png -24.589804 -6.4275813 -15.799751 0.80292696 -0.06096915 -0.5619856 0.18945232
seq8/frame00114.png -23.32375 -4.965557 -12.247499 0.856027 -0.005947543 -0.49340367 0.15344885
seq8/frame00115.png -24.128431 -4.86818 -11.746425 0.83871174 -0.03259932 -0.51801753 0.1653266
seq8/frame00116.png -24.378891 -4.9303513 -12.226484 0.8292244 -0.010102454 -0.5262107 0.18751368
seq8/frame00117.png -25.312632 -4.7781997 -11.806023 0.8166217 -0.02585244 -0.5451213 0.18800437
seq8/frame00118.png -25.338118 -4.2230854 -10.199667 0.8361456 -0.041869573 -0.51258135 0.19087517
seq8/frame00119.png -26.576674 -4.9512057 -11.942697 0.8308425 -0.03326368 -0.5314663 0.16171813
seq8/frame00120.png -29.168594 -6.1531796 -14.512895 0.7958528 -0.05698144 -0.5676163 0.20329963
seq8/frame00121.png -27.859722 -4.867003 -11.862126 0.8282867 -0.013329387 -0.53386945 0.16939504
seq8/frame00122.png -28.438492 -4.8288913 -11.825602 0.8356595 -0.0057805115 -0.525304 0.16017652
seq8/frame00123.png -29.9685 -3.8474033 -9.069234 0.8220003 -0.045323122 -0.53901714 0.17815661
seq8/frame00124.png -29.870724 -3.481433 -8.037206 0.8265892 -0.043476652 -0.53526056 0.16834728
seq8/frame00125.png -31.393179 -4.3440933 -9.809728 0.83196956 -0.045353733 -0.52536285 0.1723756
seq8/frame00126.png -30.687675 -4.2578115 -9.79837 0.8243129 -0.062154666 -0.52273536 0.20832068
