seq4/frame00001.png -7.539142 -3.757143 -8.256403 0.9537136 -0.0018149408 -0.23632245 0.18603216
seq4/frame00002.png -7.4675975 -3.5138583 -7.6855392 0.95641893 -0.0043137064 -0.22698808 0.18410996
seq4/frame00003.png -7.9585953 -3.5375469 -7.7285624 0.95353484 -0.017223464 -0.24117634 0.17954807
seq4/frame00004.png -4.018977 -3.2325218 -7.256239 0.976226 -0.017599601 -0.14739296 0.15771915
seq4/frame00005.png -1.0253834 -3.0702767 -7.1256046 0.9943698 -0.03676069 -1.633423e-06 0.09925277
seq4/frame00006.png -3.1505685 -2.9543595 -6.6758647 0.9932568 -0.032150824 -0.036986228 0.10590144
seq4/frame00007.png -0.8646373 -3.1656713 -7.408496 0.99562943 -0.028694322 0.0066147093 0.088685974
seq4/frame00008.png -6.291581 -2.5230203 -5.5999513 0.98876536 -0.057375822 -0.10046643 0.09482411
seq4/frame00009.png -5.0018783 -1.620059 -3.43749 0.9888665 -0.07983625 -0.08613836 0.09198078
seq4/frame00010.png -3.149465 -2.3380415 -5.331159 0.99269277 -0.054851715 -0.06401661 0.08618433
seq4/frame00011.png -1.3843484 -3.6445673 -8.570634 0.9982201 0.018403117 0.029476862 0.0478035
seq4/frame00012.png -3.3208725 -2.8809075 -6.7572985 0.99743295 -0.011147385 -0.05559692 0.043505628
seq4/frame00013.png 0.03850659 -3.2807229 -7.717145 0.9962614 -0.008885402 0.07931579 0.03354606
seq4/frame00014.png -1.6774365 -3.1996837 -7.4186864 0.99930215 -0.0154699385 -0.029488597 0.01884967
seq4/frame00015.png -1.3119584 -3.1199777 -7.249079 0.99970317 -0.011492758 0.022315226 -0.0017678919
seq4/frame00016.png -0.554247 -2.9940665 -6.988362 0.9988265 -0.02011669 0.041595977 -0.010243068
seq4/frame00017.png -0.66003233 -2.6817396 -6.1695433 0.9984765 -0.02998032 0.037576824 -0.026598915
seq4/frame00018.png 1.6048539 -2.479431 -5.877867 0.99770963 -0.04639935 0.04726724 -0.013097963
seq4/frame00019.png 0.90966314 -2.5455332 -5.8913107 0.99296784 -0.056251545 0.09490605 -0.044257026
seq4/frame00020.png 1.5744896 -2.2888312 -5.272098 0.99251086 -0.07613885 0.09441049 -0.020178696
seq4/frame00021.png 0.29215783 -1.8771769 -4.1562304 0.9935273 -0.08656434 0.074293084 0.0051443954
seq4/frame00022.png 3.3468885 0.24202216 0.540874 0.98628074 -0.053878907 0.1541596 -0.024374584
seq4/frame00023.png 2.1969728 -1.4254167 -3.2929626 0.99703425 -0.06366169 0.043859113 0.0037860204
seq4/frame00024.png 3.8742645 -1.1197491 -2.7290375 0.9950695 -0.056113195 0.082095966 -0.00027893923
seq4/frame00025.png 1.8465068 -0.90798825 -2.156991 0.9983074 -0.036088664 0.04408884 -0.0109633105
seq4/frame00026.png 2.9638348 -0.503157 -1.2818358 0.99688214 -0.029253993 0.0706079 -0.02192014
seq4/frame00027.png 4.6384096 -0.32493123 -1.1005489 0.9975227 -0.012608978 0.06822052 -0.008361968
seq4/frame00028.png 4.100448 0.06685762 -0.13530008 0.99610674 -0.036021948 0.07904671 -0.013908609
seq4/frame00029.png 3.6006498 -0.06009441 -0.28905034 0.98837614 -0.045363598 0.13986471 -0.03844548
seq4/frame00030.png 4.251041 0.33154804 0.59660584 0.98703516 -0.06998596 0.13875659 -0.04186576
seq4/frame00031.png 4.749302 0.25913885 0.2836564 0.9882584 -0.030785179 0.1458559 -0.034315526
seq4/frame00032.png 5.6568313 0.5242026 0.9068665 0.9880469 -0.029645924 0.14780197 -0.032563575
seq4/frame00033.png 6.046111 0.7776544 1.4310181 0.98750454 -0.0065295803 0.15309379 -0.036690958
seq4/frame00034.png 6.248864 1.2198497 2.507429 0.97924066 -0.047287885 0.19326164 -0.037056092
seq4/frame00035.png 7.750113 1.0468954 2.007223 0.98722714 -0.04659985 0.15110989 -0.017903
seq4/frame00036.png 8.240338 1.284386 2.5562613 0.98750544 -0.044876285 0.15133874 -0.007952966
seq4/frame00037.png 8.754985 1.5528038 3.1198008 0.9891723 -0.046526384 0.1375086 -0.021421041
seq4/frame00038.png 7.0002365 2.4402077 5.1353917 0.9909471 -0.037864916 0.12818068 -0.0153261265
seq4/frame00039.png 7.8361783 2.9179983 6.1259227 0.9841045 -0.04392609 0.16886789 -0.03343098
seq4/frame00040.png 9.608189 2.255272 4.4668655 0.9830602 -0.011582958 0.1752003 -0.052814644
seq4/frame00041.png 8.236186 2.9251297 6.126356 0.98318374 -0.034866605 0.16976547 -0.057296164
seq4/frame00042.png 10.392438 2.234152 4.3539057 0.980412 -0.04198784 0.18340376 -0.05808779
seq4/frame00043.png 6.066145 2.8933597 6.214335 0.99273497 -0.038563233 0.10216333 -0.05088721
seq4/frame00044.png 10.441993 1.811383 3.4571993 0.98507947 -0.040493045 0.1587491 -0.051942974
seq4/frame00045.png 10.603154 1.7334771 3.4170544 0.9740503 -0.05608021 0.20370659 -0.080814175
seq4/frame00046.png 10.422259 1.6093621 3.0717669 0.9842195 -0.039247334 0.16040447 -0.062624104
seq4/frame00047.png 10.597426 1.4051166 2.616102 0.9789563 -0.040372275 0.17584325 -0.09530172
seq4/frame00048.png 10.376564 1.6017429 2.8361783 0.97722816 -0.058180563 0.18959287 -0.075962454
seq4/frame00049.png 10.117237 1.2266519 2.1798282 0.9794387 -0.06950398 0.1729559 -0.075958066
seq4/frame00050.png 8.037969 0.9142658 1.0975811 0.989394 0.012149128 0.121630214 -0.078223705
seq4/frame00051.png 8.2906275 1.6676528 3.024349 0.9934783 -0.01833159 0.10169824 -0.047934514
seq4/frame00052.png 3.1137846 3.0612137 6.9482427 0.9988585 -0.04404466 0.017341057 0.0047701285
seq4/frame00053.png 2.9388356 2.534029 5.5784655 0.9976569 -0.03427127 0.057073914 -0.012886512
seq4/frame00054.png 6.5675125 0.68538004 0.877664 0.9898348 -0.018400662 0.13760382 -0.031111877
seq4/frame00055.png 7.3987517 0.91634065 1.8189182 0.9760271 -0.070356585 0.19768132 -0.058586564
seq4/frame00056.png 6.682749 0.47309083 0.6521843 0.9842984 -0.036095962 0.15210843 -0.08161789
seq8/frame00001.png 1.2874637 4.0799327 9.753816 0.9993892 -0.0304516 0.015132521 -0.0022451659
seq8/frame00002.png 1.3770326 4.137142 9.826815 0.9992789 -0.030834885 0.021045744 0.001323492
seq8/frame00003.png 1.23109 4.175945 9.987989 0.9993045 -0.030394454 0.018061347 0.00055928685
seq8/frame00004.png 1.3533125 4.14023 9.83867 0.999285 -0.016123828 -0.005411154 0.0321263
seq8/frame00005.png 2.15792 3.9578333 9.2623205 0.9962361 -0.01379827 -0.084391735 0.01883449
seq8/frame00006.png 1.1684606 4.1881814 9.988662 0.99586946 -0.038896695 -0.08137658 -0.008306197
seq8/frame00007.png 1.6494268 4.1075273 9.780117 0.9949959 -0.015827868 -0.09697959 -0.018385727
seq8/frame00008.png 3.1486847 4.008708 9.203774 0.9992461 0.024691066 0.0028179158 -0.030407166
seq8/frame00009.png 1.8468504 3.9072735 9.107454 0.9972072 0.01965879 -0.07225552 -0.0042258687
seq8/frame00010.png -1.0188978 4.465416 10.584504 0.9991705 -0.007377184 -0.025758697 -0.029301604
seq8/frame00011.png -1.1059681 4.27849 10.014882 0.99150026 0.00911077 -0.12900534 0.011178096
seq8/frame00012.png -3.9205651 4.3847136 10.520632 0.9925302 -0.0017954113 -0.1215851 0.0073600635
seq8/frame00013.png -5.950187 4.2900953 10.502551 0.99250615 0.01333944 -0.12046865 0.017337654
seq8/frame00014.png -5.0763445 4.1165853 10.086472 0.99287874 0.003189298 -0.11863544 0.00960475
seq8/frame00015.png -5.9813285 4.109157 10.15654 0.9938431 0.022123141 -0.107738145 0.010118212
seq8/frame00016.png -5.4507766 3.918129 9.691351 0.9949847 0.0002822241 -0.09905118 0.016380012
seq8/frame00017.png -5.4264836 3.7977338 9.435711 0.99782324 0.026202118 -0.06042895 -0.0033893678
seq8/frame00018.png -5.1007576 4.1332564 10.184009 0.9975857 0.019185524 -0.064634174 -0.0046546482
seq8/frame00019.png -6.588104 4.027045 9.908433 0.99801654 0.016589727 -0.061936583 0.00581865
seq8/frame00020.png -6.559492 3.5633428 8.767752 0.9967638 0.011562511 -0.07880767 0.0071200402
seq8/frame00021.png -7.6148386 3.8888977 9.542954 0.9960309 -0.001249639 -0.08927299 -0.0010919848
seq8/frame00022.png -6.9996324 3.7090933 9.132471 0.99812794 -0.006348589 -0.060382694 0.0054087117
seq8/frame00023.png -7.1474743 3.8885562 9.598385 0.99610776 0.019770145 -0.08612286 0.0055474495
seq8/frame00024.png -7.548677 4.090628 10.181996 0.99286824 -0.027479313 -0.114250794 0.022287367
seq8/frame00025.png -7.6170835 4.251042 10.6071205 0.9967722 -0.025692247 -0.07296437 0.022441223
seq8/frame00026.png -7.5564747 4.3737593 10.842424 0.9976196 -0.032101884 -0.054935727 0.029983053
seq8/frame00027.png -8.476373 4.1724496 10.483858 0.98992056 -0.06493818 -0.1251689 0.008300009
seq8/frame00028.png -7.3736587 4.229087 10.400306 0.9979264 0.020541824 -0.059944946 0.014113112
seq8/frame00029.png -4.771522 4.427849 10.633866 0.9959441 0.01198608 -0.089808635 -0.004732412
seq8/frame00030.png -4.3823404 4.357049 10.541091 0.99675256 0.015113039 -0.077764906 -0.014033274
seq8/frame00031.png -6.974221 4.210453 10.310791 0.9984493 -0.0011779753 -0.055228073 0.006704087
seq8/frame00032.png -6.047085 4.60396 11.232936 0.9980286 0.008280135 -0.06081587 0.01757125
seq8/frame00033.png -6.873581 4.419552 10.792801 0.99801034 0.0010446531 -0.057437655 0.023638623
seq8/frame00034.png -8.255642 3.8910155 9.672025 0.9909838 0.014505787 -0.13003331 0.028503023
seq8/frame00035.png -8.189904 3.9444916 9.811137 0.989038 0.011344886 -0.1444586 0.027238397
seq8/frame00036.png -8.737606 3.9225357 9.825715 0.9803074 0.0069868215 -0.19430366 0.0362002
seq8/frame00037.png -9.243034 3.4839551 8.738042 0.99027956 -0.017146567 -0.13503903 0.025562614
seq8/frame00038.png -8.187562 4.176889 10.768604 0.99473214 -0.07455709 -0.066795655 0.023242893
seq8/frame00039.png -6.865387 4.078415 10.173988 0.9921335 -0.03609378 -0.11806636 -0.021847326
seq8/frame00040.png -6.657547 3.8989635 9.784127 0.995651 -0.03270422 -0.0788488 -0.037916888
seq8/frame00041.png -8.916458 4.0832477 10.244509 0.98743165 -0.030935824 -0.15439525 0.014927283
seq8/frame00042.png -9.559977 3.7512083 9.476383 0.973792 -0.00132343 -0.22423038 0.03650246
seq8/frame00043.png -9.529447 3.7128031 9.332959 0.9870445 0.0025759693 -0.14717439 0.06381069
seq8/frame00044.png -10.716461 3.603504 9.128492 0.96369404 -0.008858673 -0.25136596 0.09015157
seq8/frame00045.png -11.032583 3.5515623 8.9705925 0.9738449 -0.0053897547 -0.21761765 0.06385058
seq8/frame00046.png -11.113521 3.4399116 8.717264 0.96629405 0.00023923273 -0.24699447 0.07378304
seq8/frame00047.png -11.721171 3.2053955 8.403876 0.9773255 -0.041009683 -0.1904977 0.08323142
seq8/frame00048.png -12.012503 3.6333063 9.735158 0.98153573 -0.07503591 -0.1488233 0.09280101
seq8/frame00049.png -11.49454 3.135307 8.561127 0.97537005 -0.05307312 -0.2137314 0.01111341
seq8/frame00050.png -11.52366 3.1307662 8.51691 0.98921084 -0.06690956 -0.106386565 0.07524719
seq8/frame00051.png -11.559245 3.0310476 8.3604 0.9901776 -0.06739049 -0.1011941 0.068781525
seq8/frame00052.png -11.900615 3.6199403 9.579036 0.9861576 -0.083330765 -0.119512916 0.07859599
seq8/frame00053.png -10.033526 3.4251564 8.814266 0.9861121 -0.062930316 -0.15396798 0.0038319945
seq8/frame00054.png -12.074524 2.4886162 6.8658857 0.9677018 -0.047215287 -0.24724466 0.017463798
seq8/frame00055.png -12.030443 3.2078161 8.430775 0.9578465 -0.07459108 -0.2751695 0.035660364
seq8/frame00056.png -12.125959 3.1748898 8.373137 0.9480536 -0.07720756 -0.30566055 0.040684525
seq8/frame00057.png -11.869022 2.9650283 8.031845 0.9916424 -0.061139166 -0.07914358 0.08059493
seq8/frame00058.png -11.422751 2.9147782 7.768902 0.97563916 -0.038662527 -0.21522422 0.017081898
seq8/frame00059.png -11.392963 2.6517458 7.076921 0.9837843 -0.04989043 -0.16982117 0.028720379
seq8/frame00060.png -12.965471 3.0488908 8.215425 0.98735464 -0.061086833 -0.11092912 0.09622139
seq8/frame00061.png -11.705517 3.0539424 8.205409 0.9630557 -0.06357038 -0.26154438 -0.00091598067
seq8/frame00062.png -11.511952 3.0324662 7.943617 0.97017026 -0.04539456 -0.23818144 0.009729726
seq8/frame00063.png -13.205067 1.7355572 4.651494 0.967105 -0.018178763 -0.24819851 0.053662103
seq8/frame00064.png -13.21082 1.8691987 5.000103 0.9529419 -0.05345418 -0.29077792 0.06691057
seq8/frame00065.png -12.415868 2.5579386 6.6205897 0.9406065 -0.052155685 -0.3262004 0.078725114
seq8/frame00066.png -12.461089 1.9556234 5.2716064 0.9457897 0.012415312 -0.3059237 0.10873074
seq8/frame00067.png -13.540869 1.5610895 4.2906346 0.9789871 0.008764844 -0.17080176 0.11076823
seq8/frame00068.png -13.51125 2.305561 6.152649 0.9786933 -0.028663771 -0.17122452 0.110245354
seq8/frame00069.png -12.80608 2.8677485 7.6848125 0.98400766 -0.056892402 -0.1356776 0.10025311
seq8/frame00070.png -12.917171 3.0379589 8.017393 0.9781723 -0.044306763 -0.17397855 0.10401409
seq8/frame00071.png -12.664004 3.1181073 8.240505 0.9787691 -0.056493916 -0.16035657 0.11432495
seq8/frame00072.png -12.852427 3.032489 8.048228 0.9712276 -0.07004643 -0.19885643 0.10991097
seq8/frame00073.png -11.698215 1.2630535 3.1470969 0.9681611 -0.023154045 -0.2381248 0.07364229
seq8/frame00074.png -10.141649 3.1495225 7.7272806 0.98492694 -0.05083298 -0.15310441 0.062876366
seq8/frame00075.png -13.318773 2.149058 5.866503 0.9576255 -0.07577646 -0.2567938 0.105895385
seq8/frame00076.png -11.703639 0.73546594 1.8840739 0.96628326 -0.016629554 -0.22893816 0.11664428
seq8/frame00077.png -12.788884 1.3851528 3.4966204 0.9666672 -0.03448643 -0.23315006 0.09968969
seq8/frame00078.png -13.101903 1.788226 4.891243 0.96727777 -0.07344068 -0.2167613 0.10957986
seq8/frame00079.png -13.609 1.88807 5.2140365 0.96688086 -0.061305583 -0.21427342 0.12457353
seq8/frame00080.png -13.263357 2.0415714 5.6256022 0.96609235 -0.06258284 -0.21711554 0.12481874
seq8/frame00081.png -13.677709 1.7026305 4.741142 0.96243125 -0.064783074 -0.24242291 0.10405671
seq8/frame00082.png -13.802626 1.3373096 3.8161323 0.96792567 -0.057208996 -0.2225602 0.10157661
seq8/frame00083.png -12.941958 1.3064598 3.6943197 0.9614908 -0.04521968 -0.25643185 0.08779133
seq8/frame00084.png -14.066808 0.6642714 2.1677847 0.95525056 -0.022582125 -0.2747651 0.107503496
seq8/frame00085.png -14.410333 0.55252486 1.9449606 0.9486682 -0.03334968 -0.2911398 0.11892374
seq8/frame00086.png -14.737727 0.28549618 1.375452 0.95312047 -0.025569018 -0.25893286 0.15421365
seq8/frame00087.png -14.611152 0.22016184 1.1939621 0.95375985 -0.016511697 -0.25715128 0.15445977
seq8/frame00088.png -14.61024 -0.010851158 0.6368205 0.9549676 -0.0032846432 -0.26328912 0.13665038
seq8/frame00089.png -14.563356 -0.00042372663 0.6369555 0.94901514 -0.009514208 -0.27073216 0.16121733
seq8/frame00090.png -14.647478 -0.19088095 0.12503481 0.95848143 0.0045253458 -0.2489471 0.13917223
seq8/frame00091.png -14.68251 -0.29410252 -0.09893374 0.9591945 -0.0033576507 -0.2554531 0.12131169
seq8/frame00092.png -14.66314 -0.4885141 -0.5044142 0.9581751 0.008236916 -0.24688014 0.14432032
seq8/frame00093.png -14.921577 -1.1696311 -2.1298192 0.95014906 0.011789329 -0.2574188 0.175671
seq8/frame00094.png -15.294329 -0.7571611 -0.95686716 0.9500896 -0.025300575 -0.24712585 0.18862912
seq8/frame00095.png -15.354246 -0.72489256 -0.91828245 0.96196765 -0.029719245 -0.22147122 0.15771528
seq8/frame00096.png -15.269619 -0.8390671 -1.235713 0.96360826 -0.030398576 -0.22980177 0.13343593
seq8/frame00097.png -15.037887 -1.3615259 -2.3365154 0.9400689 -0.018607588 -0.27612936 0.19898187
seq8/frame00098.png -14.960768 -1.6014016 -2.829064 0.9434544 -0.024368418 -0.2554648 0.20978972
seq8/frame00099.png -14.600727 -1.7061869 -3.104058 0.9346521 -0.0291235 -0.2954095 0.19586952
seq8/frame00100.png -14.89979 -1.4833801 -2.5637887 0.92570996 -0.033132445 -0.3003184 0.22752194
seq8/frame00101.png -14.644638 -1.5993603 -2.868766 0.920403 -0.01735194 -0.31940576 0.22474699
seq8/frame00102.png -14.974927 -1.5969284 -2.8529963 0.9145439 -0.018693252 -0.33129948 0.23117878
seq8/frame00103.png -15.094849 -1.3225721 -2.2589648 0.91224474 -0.021844905 -0.33030063 0.24152647
seq8/frame00104.png -14.574597 -1.5731013 -2.8864756 0.90085715 -0.018316986 -0.36394688 0.23613378
seq8/frame00105.png -14.601324 -1.5052232 -2.808439 0.9090596 -0.010019608 -0.34158865 0.23839115
seq8/frame00106.png -14.689229 -1.5338819 -2.7232742 0.9039827 -0.022754714 -0.35001934 0.2443896
seq8/frame00107.png -14.113422 -1.7730229 -3.409089 0.9087302 -0.0035844448 -0.33930326 0.24302866
seq8/frame00108.png -13.88263 -2.0322537 -3.8109558 0.91227996 -0.0285843 -0.32116547 0.25235656
seq8/frame00109.png -13.480099 -2.3368833 -4.4955897 0.91235125 -0.021119397 -0.31447077 0.26127058
seq8/frame00110.png -13.334982 -2.6063755 -5.0422406 0.92227805 -0.029383218 -0.28688434 0.25755382
seq8/frame00111.png -14.045445 -2.0756955 -3.8614187 0.9168085 -0.023357505 -0.32231972 0.23464501
seq8/frame00112.png -13.1071205 -2.284733 -4.7506475 0.91304547 0.023725605 -0.3267635 0.242874
seq8/frame00113.png -13.701075 -2.274798 -4.369598 0.9164812 0.0061948597 -0.3117304 0.25061136
seq8/frame00114.png -14.36652 -1.3807237 -2.4589999 0.88995564 -0.077727385 -0.39128074 0.22112899
seq8/frame00115.png -13.849526 -1.6877829 -3.522372 0.9283601 0.016206456 -0.30670568 0.20913108
seq8/frame00116.png -14.051267 -1.9147767 -3.7456625 0.907473 -0.004525843 -0.34228382 0.24374351
seq8/frame00117.png -13.613484 -1.7290484 -3.595483 0.90457356 0.014935618 -0.35630497 0.23330887
seq8/frame00118.png -13.616123 -1.9558884 -4.0959997 0.91986394 0.031724714 -0.3211646 0.22273155
seq8/frame00119.png -12.880432 -2.0212 -4.3168225 0.9244479 0.033890657 -0.3087251 0.22138216
seq8/frame00120.png -11.955215 -2.2807226 -4.959825 0.925159 0.05610321 -0.2888079 0.23965469
seq8/frame00121.png -13.54001 -1.9861153 -4.1477594 0.92452526 0.05728592 -0.3011537 0.22657396
seq8/frame00122.png -13.262333 -2.0041807 -4.2233343 0.92362386 0.036468763 -0.31601864 0.21391742
seq8/frame00123.png -14.077356 -1.7836472 -3.6332498 0.91796386 0.036841713 -0.32630712 0.22246876
seq8/frame00124.png -14.227636 -1.4733622 -2.923945 0.9102747 0.024671135 -0.35392436 0.21319799
seq8/frame00125.png -14.059826 -1.7471397 -3.5622354 0.9216097 0.03655139 -0.31554225 0.22314191
seq8/frame00126.png -13.649077 -1.8636144 -3.8777897 0.91517943 0.03101343 -0.32886782 0.23055829
