seq1/frame00001.png 20.415415 0.095400706 -0.69644326 0.8676258 -0.056668047 0.48766956 -0.07869274
seq1/frame00002.png 16.482777 0.026471544 -1.3375585 0.87013435 -0.044028975 0.4864457 -0.066060536
seq1/frame00003.png 16.255938 0.04094921 -1.4325012 0.87462306 -0.03220204 0.48117402 -0.04971834
seq1/frame00004.png 17.528145 0.06518191 -1.0590137 0.8567947 -0.039906897 0.51106334 -0.05524786
seq1/frame00005.png 15.716427 0.018560134 -1.5759544 0.82723653 0.0036802776 0.5519953 -0.10398455
seq1/frame00006.png 13.15951 0.028163506 -0.6992548 0.84502816 0.00074010453 0.5189192 -0.12910526
seq1/frame00007.png 17.59254 0.08622623 -0.03229704 0.836723 -0.014289053 0.53671634 -0.10820325
seq1/frame00008.png 16.603216 0.08630485 -0.028694078 0.8355676 -0.007415432 0.5455625 -0.06410174
seq1/frame00009.png 15.882995 0.17638063 0.26492292 0.8529347 0.06332834 0.5119578 -0.080370486
seq1/frame00010.png 13.8912325 0.117426835 0.3220902 0.8610676 0.0403533 0.5048032 -0.046905544
seq1/frame00011.png 10.978203 0.18110982 2.3378887 0.9151552 0.00903879 0.40107462 -0.037739497
seq1/frame00012.png 10.451544 0.18331774 2.6588454 0.94750214 0.011552791 0.31951457 -0.009761666
seq1/frame00013.png 11.008967 0.21389869 3.4210927 0.96824116 0.00094014953 0.24953878 -0.009364242
seq1/frame00014.png 10.462341 0.21431975 3.460033 0.9620335 0.0012169271 0.27014375 -0.03943342
seq1/frame00015.png 7.3044977 0.2058161 3.6989655 0.979866 0.020334935 0.19838801 -0.011251048
seq1/frame00016.png 5.4690294 0.22366899 4.667875 0.99612564 0.027872248 0.08356995 -0.0058398303
seq1/frame00017.png 4.959449 0.22299501 4.0757384 0.9961059 0.034203637 0.08101025 -0.012393475
seq1/frame00018.png 4.6907625 0.26294854 4.981898 0.9953191 0.07105126 0.06372004 -0.014178082
seq1/frame00019.png 3.7465239 0.2635937 4.744181 0.9970773 0.06459086 -0.006783665 -0.0388721
seq1/frame00020.png 4.5053983 0.3011291 6.229864 0.9979042 0.05564812 0.00051157107 -0.033262964
seq1/frame00021.png 2.3011458 0.26459578 6.8712416 0.9995367 0.028749218 -0.010394341 -0.0019543136
seq1/frame00022.png 1.370435 0.24338855 5.513612 0.996615 0.06941385 -0.040081427 -0.016571432
seq1/frame00023.png 1.6293848 0.22729513 6.400973 0.99829775 0.05603832 -0.01435683 -0.0032909447
seq1/frame00024.png 0.89342207 0.240228 6.8864064 0.99870217 0.046487886 -0.012264135 -0.014915609
seq1/frame00025.png 0.1823087 0.29353422 8.141567 0.99767464 0.04773485 -0.046130758 -0.017290566
seq1/frame00026.png 0.29681396 0.2671934 8.589957 0.9990841 0.026538087 -0.02915943 -0.011092078
seq1/frame00027.png 2.5578406 0.3279276 8.675381 0.9965891 0.047737934 -0.057937574 -0.034084555
seq1/frame00028.png 0.096447274 0.23013102 8.1991005 0.9922238 0.024225734 -0.12055975 -0.018304095
seq1/frame00029.png -0.8600468 0.24582958 8.202099 0.992398 0.027467873 -0.11616143 -0.029259488
seq1/frame00030.png -0.10501787 0.17160882 7.9409785 0.99106044 -0.0043673003 -0.13176529 -0.018874694
seq1/frame00031.png -0.62915117 0.18444152 7.794544 0.99980295 -0.010918183 -0.00634213 0.012541434
seq1/frame00032.png -2.698321 0.25492826 11.927743 0.9986727 -0.023304317 -0.043942176 0.015152188
seq1/frame00033.png 2.9389143 0.14264639 4.907481 0.9784855 -0.016573686 0.2027218 0.035750426
seq1/frame00034.png 4.8688345 0.26817113 7.335127 0.98297524 -0.036788117 0.1782283 0.02605507
seq1/frame00035.png 2.7816913 0.18727805 5.7504163 0.98414624 -0.011852921 0.17736535 0.009168905
seq1/frame00036.png 0.85343313 0.3213416 10.457205 0.98720485 -0.04973335 0.15037939 0.013253621
seq3/frame00001.png 6.8951287 0.44174457 10.920177 0.9866876 -0.016470646 0.1613823 0.0105309505
seq3/frame00002.png 5.833934 0.3857325 9.978713 0.98884124 -0.013582328 0.14825903 0.0048758467
seq3/frame00003.png 7.722952 0.3951447 8.561926 0.97188157 -0.0036562048 0.23474568 -0.013835394
seq3/frame00004.png 7.891278 0.35566187 7.738239 0.96404254 -0.0035130472 0.26557836 -0.006270722
seq3/frame00005.png 7.7035613 0.37092286 8.252584 0.97589445 -0.01797864 0.21637663 -0.020896954
seq3/frame00006.png 8.101831 0.37684256 7.720159 0.96488714 -0.0076562166 0.2624808 0.00496086
seq3/frame00007.png 8.622558 0.36721236 7.847329 0.9644778 -0.019196382 0.2635282 0.0069042095
seq3/frame00008.png 9.2776165 0.31049743 6.082593 0.95519894 0.010509387 0.29570627 0.0085226325
seq3/frame00009.png 9.791113 0.27384752 4.8767796 0.9318401 0.0025346715 0.36266056 -0.0074486765
seq3/frame00010.png 9.476423 0.26480713 4.950244 0.94108605 -0.010193402 0.33722422 -0.019482698
seq3/frame00011.png 10.844966 0.33311453 6.503669 0.95606154 -0.002981147 0.29317182 -0.004381579
seq3/frame00012.png 8.670676 0.24302445 5.0132685 0.9407366 -0.024014987 0.33618397 -0.039103907
seq3/frame00013.png 7.393986 0.16583958 3.486835 0.9461122 -0.02123603 0.32174987 -0.029541245
seq3/frame00014.png 6.097526 0.17531042 3.5345855 0.93498915 -0.034549695 0.35112154 -0.03654741
seq3/frame00015.png 4.8170605 0.12671876 2.703492 0.91644186 -0.02101032 0.3990675 -0.022392767
seq3/frame00016.png 5.5034766 0.11362542 1.7849151 0.8952028 -0.00017630156 0.44494987 -0.026427967
seq3/frame00017.png 11.254789 0.19204882 3.3966415 0.8567769 -0.037465762 0.5132688 -0.0358752
seq3/frame00018.png 6.7693715 0.120429724 1.1897604 0.8994491 0.0068307673 0.43714178 -0.0021019198
seq3/frame00019.png 8.963365 0.11308126 1.0151687 0.84737474 -0.018498486 0.5283582 -0.05065461
seq3/frame00020.png 9.151806 0.06164662 -0.084263295 0.9011501 -0.01608744 0.43218333 -0.02696152
seq3/frame00021.png 9.799606 0.049250923 -0.77906466 0.84869254 -0.024088057 0.5249641 -0.05853824
seq3/frame00022.png 9.651175 0.029436227 -0.873847 0.8557554 -0.049374547 0.51080763 -0.06543006
seq3/frame00023.png 15.655675 0.04678575 -1.4899366 0.831941 -0.00143098 0.5513544 -0.062171966
seq3/frame00024.png 15.336002 0.07981023 -1.221431 0.83055675 -0.01006937 0.55241585 -0.07022192
seq3/frame00025.png 12.271507 0.01206732 -1.4550314 0.8483071 0.0020931321 0.52441007 -0.07248539
seq3/frame00026.png 14.47081 0.01442432 -1.7042122 0.7997757 -0.04207919 0.592246 -0.08885166
seq3/frame00027.png 13.071366 0.051413115 -0.2972813 0.8709551 -0.02076938 0.48359165 -0.084176116
seq3/frame00028.png 10.4040165 0.080122694 0.47497812 0.9201587 -0.028308984 0.38762558 -0.047624853
seq3/frame00029.png 8.651809 0.07872384 0.22563063 0.91484624 -0.015277674 0.40191463 -0.03445923
seq3/frame00030.png 9.82736 0.12559852 1.6912762 0.93236804 -0.02621077 0.3580819 -0.040515758
seq3/frame00031.png 7.475491 0.13731678 2.596998 0.96693397 -0.00034866785 0.2540887 -0.018749068
seq3/frame00032.png 6.960883 0.09520392 2.0680075 0.9694275 0.023216961 0.24425468 0.0065859566
seq3/frame00033.png 6.1014333 0.123849 2.4004931 0.98668766 0.035120055 0.15862986 0.005281916
seq3/frame00034.png 5.6764517 0.14454694 3.1922581 0.9918129 0.0294857 0.12442328 -0.0049673524
seq3/frame00035.png 7.2293444 0.12418485 1.9535234 0.98181057 0.03340867 0.18703741 -0.005979785
seq3/frame00036.png 3.7043507 0.1395854 3.3248553 0.9988833 0.02417024 0.040612914 3.7294549e-06
seq3/frame00037.png 3.0888548 0.136439 3.5982802 0.99956703 0.017365139 -0.01733314 -0.019100122
seq3/frame00038.png 2.5307047 0.20125745 5.0460134 0.9979492 0.03209096 -0.05223862 -0.016418714
seq3/frame00039.png 1.3730786 0.1359219 4.1962028 0.99421054 0.018536655 -0.100014836 -0.03291022
seq3/frame00040.png 0.8649734 0.100684494 4.5632043 0.99584013 -0.0061359545 -0.089851 -0.013594887
seq3/frame00041.png 0.5541085 0.130397 4.946705 0.9970294 0.016428785 -0.074287914 0.014746304
seq3/frame00042.png -0.4015775 0.07894033 4.7679324 0.9935532 0.029232308 -0.10400392 0.035137627
seq3/frame00043.png -2.5901785 0.056620795 4.38423 0.9825387 0.010690013 -0.18424189 0.0235188
seq3/frame00044.png -3.0837898 0.049509123 3.6636357 0.97840345 0.037343062 -0.1984526 0.04364575
seq3/frame00045.png -3.6731992 0.031296585 2.9595323 0.96688926 0.03838421 -0.25101823 0.024859937
seq3/frame00046.png -3.2960856 0.014691051 3.093997 0.9773466 0.045781 -0.19658644 0.063628495
seq3/frame00047.png -4.4164186 -0.0324341 2.0835323 0.96085864 0.036671937 -0.26840484 0.057799194
seq3/frame00048.png -5.574141 0.0021917596 1.9317713 0.9590904 0.033057477 -0.27630487 0.05230756
seq3/frame00049.png -5.972347 -0.012985325 1.474089 0.9477355 0.028800867 -0.3123819 0.058236666
seq3/frame00050.png -5.578342 -0.0303314 1.5356729 0.9615342 0.025948972 -0.2665781 0.060166534
seq3/frame00051.png -5.4194627 0.014556731 1.4442786 0.96229595 0.030380921 -0.26592562 0.048828226
seq3/frame00052.png -6.8254414 -0.011969058 0.6698691 0.9424881 0.027263613 -0.33040267 0.042401392
seq3/frame00053.png -7.417996 -0.04124915 -0.035999656 0.94010574 0.038316842 -0.3349691 0.050728213
seq3/frame00054.png -8.275799 -0.033320457 -0.65717566 0.95616645 0.054950316 -0.27908877 0.069564626
seq3/frame00055.png -8.375039 -0.037720915 -0.17028165 0.9519671 0.05401678 -0.29622912 0.055130173
seq3/frame00056.png -8.071555 -0.019117095 0.9506268 0.9395952 0.03524538 -0.3380133 0.039964437
seq3/frame00057.png -9.066805 -0.065222755 -0.6067759 0.89265573 0.025407907 -0.4481413 0.043573234
seq3/frame00058.png -2.8618047 -0.1489464 -2.4433825 0.9870096 -0.054179095 -0.14520732 -0.041900087
seq3/frame00059.png -10.772165 -0.069071054 -0.40578017 0.86947453 0.010990832 -0.4932322 0.025452724
seq3/frame00060.png -10.972181 -0.07260366 0.46450067 0.88354087 0.0067094117 -0.46785626 0.017916556
seq3/frame00061.png -12.129125 -0.075551584 -0.5846617 0.8725922 0.018477146 -0.4875113 0.025535297
seq3/frame00062.png -10.144464 -0.056317087 0.1839844 0.9009731 0.018153207 -0.4320207 0.033175975
seq3/frame00063.png -11.8531065 -0.06269789 -0.45629472 0.8860268 0.0038754293 -0.46256083 0.029410694
seq3/frame00064.png -14.524618 -0.054578204 -0.73676705 0.88135976 0.035709634 -0.47042182 0.026136879
seq3/frame00065.png -14.653914 -0.08030517 -1.2516694 0.8583416 0.001392383 -0.51249546 0.025490582
seq3/frame00066.png -15.567895 -0.08328103 -1.7246395 0.81906813 0.00396025 -0.5735636 0.013010351
seq3/frame00067.png -10.825039 -0.012069731 -0.22909535 0.90728587 0.03470697 -0.4190135 0.0064133517
