seq1/frame00001.png 13.356045 0.06639866 -0.34655643 0.9150588 -0.0048972494 0.40137684 -0.04205528
seq1/frame00002.png 12.509614 0.05668138 -0.33004794 0.92199445 0.0004309403 0.38560352 -0.03686398
seq1/frame00003.png 12.366699 0.05284909 -0.48756117 0.9186916 -0.00085858855 0.39312053 -0.03965991
seq1/frame00004.png 12.862619 0.07112255 -0.26918083 0.9181589 -0.004844129 0.39439464 -0.0378208
seq1/frame00005.png 13.572125 0.04075626 -0.9895139 0.8859969 0.011865806 0.46128097 -0.044021536
seq1/frame00006.png 14.053849 0.056713402 -0.7777894 0.87329346 0.004429089 0.48428184 -0.053053606
seq1/frame00007.png 13.92003 0.07884353 -0.04130458 0.87533444 0.0018166342 0.48103413 -0.047664598
seq1/frame00008.png 12.883888 0.09991703 0.753679 0.89314586 0.001057913 0.4465274 -0.05347252
seq1/frame00009.png 11.215571 0.07308448 0.75609267 0.93544185 0.01690177 0.3516706 -0.03145001
seq1/frame00010.png 11.79848 0.14885305 2.3408206 0.93559647 0.0006638914 0.350968 -0.038257927
seq1/frame00011.png 8.877618 0.17233777 3.1934075 0.9630611 -0.0015536072 0.2665506 -0.036115553
seq1/frame00012.png 10.035553 0.1891827 3.7437637 0.96578884 -0.0020249141 0.2571042 -0.03138963
seq1/frame00013.png 10.254817 0.2048768 4.1306143 0.96851945 0.001745081 0.24702364 -0.031037234
seq1/frame00014.png 9.598701 0.22374144 4.5846543 0.9687899 0.008965229 0.24579608 -0.030681204
seq1/frame00015.png 8.115534 0.21806349 4.5462894 0.9786901 0.01563284 0.20146513 -0.035062518
seq1/frame00016.png 5.9543157 0.21239391 4.7462225 0.9878506 0.021515101 0.15149026 -0.029438166
seq1/frame00017.png 5.6285458 0.216314 4.7698765 0.99002665 0.022520779 0.1358188 -0.030173177
seq1/frame00018.png 4.622491 0.19478387 4.438052 0.990819 0.0332766 0.12946172 -0.022527147
seq1/frame00019.png 4.3695273 0.20817232 4.976698 0.992968 0.029704584 0.1127517 -0.019945374
seq1/frame00020.png 3.6595786 0.21254873 5.228593 0.9946585 0.027467685 0.097769536 -0.019609971
seq1/frame00021.png 2.4003315 0.21898393 5.2972364 0.99857575 0.031147309 0.03998841 -0.0186248
seq1/frame00022.png 1.8903093 0.19498065 5.303395 0.9987908 0.03412721 0.03183534 -0.013883734
seq1/frame00023.png 1.531467 0.21762788 5.8662252 0.9993108 0.031230602 0.008714422 -0.015581599
seq1/frame00024.png 0.81813204 0.24150509 6.294414 0.9995006 0.029066602 -0.0052437964 -0.015628574
seq1/frame00025.png 1.6575458 0.22849566 6.111861 0.9989897 0.033501796 0.025602197 -0.013978271
seq1/frame00026.png -0.114941046 0.27014846 7.422879 0.9986945 0.03618614 -0.036074188 -0.011820131
seq1/frame00027.png 0.6977929 0.2386842 6.750506 0.99906063 0.04201768 -0.012115132 -0.0021203707
seq1/frame00028.png 0.3142785 0.20242602 5.7475824 0.9976493 0.04130656 -0.05492956 -0.003776599
seq1/frame00029.png -1.338362 0.17301019 5.986148 0.9926542 0.050609257 -0.10952514 -0.0014501588
seq1/frame00030.png -1.3545105 0.15840755 5.4522176 0.99110514 0.059884217 -0.11864211 0.003332131
seq1/frame00031.png -1.5261322 0.21904384 7.2192855 0.99433523 0.046936963 -0.09593531 -0.0048982366
seq1/frame00032.png 0.16008544 0.2590459 8.611988 0.99757826 0.02269996 -0.06316678 -0.016410828
seq1/frame00033.png 0.8461417 0.2607412 7.9989657 0.99954665 0.013817356 -0.023781283 -0.012228322
seq1/frame00034.png 0.44550273 0.26038453 8.132208 0.9997934 0.018954508 -0.008151233 -0.008026934
seq1/frame00035.png 0.31683642 0.25306645 7.7039094 0.99973667 0.013662028 -0.011953682 -0.013638509
seq1/frame00036.png -0.09975085 0.22371192 7.0099864 0.99952203 0.017402627 -0.020857876 -0.014300407
seq3/frame00001.png 6.321978 0.41970792 9.1135 0.9863467 -0.016188003 0.1590779 -0.040009726
seq3/frame00002.png 6.482542 0.4149527 8.890273 0.9844481 -0.013110266 0.17154598 -0.038111333
seq3/frame00003.png 6.658435 0.40289202 8.497292 0.98095316 -0.013824807 0.1897973 -0.039315585
seq3/frame00004.png 7.151288 0.41753143 8.965055 0.98105496 -0.012797618 0.18962738 -0.035847355
seq3/frame00005.png 7.264913 0.3664003 7.8045444 0.9775693 -0.0061096833 0.2070639 -0.039448187
seq3/frame00006.png 8.292188 0.34818602 7.13015 0.97050506 -0.012492228 0.23710088 -0.040355936
seq3/frame00007.png 8.562426 0.3802755 7.8431177 0.9730008 -0.015018221 0.22684333 -0.03984667
seq3/frame00008.png 9.049343 0.34483576 6.9130645 0.9702715 -0.008712083 0.23786576 -0.043913458
seq3/frame00009.png 9.106956 0.3237488 6.420619 0.9650755 -0.013121136 0.2573527 -0.04646013
seq3/frame00010.png 9.534326 0.31784564 6.392375 0.96431816 -0.014946663 0.25958982 -0.049324434
seq3/frame00011.png 9.302071 0.30179077 5.917053 0.9578574 -0.008771938 0.2837735 -0.04492271
seq3/frame00012.png 8.303067 0.27632964 5.705222 0.9690527 -0.016218044 0.24308008 -0.039841395
seq3/frame00013.png 7.0658216 0.2737856 5.613444 0.97416884 -0.014593227 0.22133604 -0.04186699
seq3/frame00014.png 6.5359554 0.27742645 5.6061883 0.97797245 -0.01288356 0.20540476 -0.033023108
seq3/frame00015.png 5.577412 0.25094023 5.843161 0.98788 -0.017130101 0.1519787 -0.02937826
seq3/frame00016.png 6.114731 0.23443964 5.127018 0.98245907 -0.008833734 0.184665 -0.025290715
seq3/frame00017.png 8.296563 0.21771576 4.405962 0.9726138 0.0016284182 0.23128077 -0.021564113
seq3/frame00018.png 5.901669 0.17177019 3.2968576 0.97873974 -0.00062407024 0.20482959 -0.0147089055
seq3/frame00019.png 7.2600946 0.10737604 1.4599798 0.96041316 -0.013068559 0.27552944 -0.040324707
seq3/frame00020.png 8.203097 0.08633036 0.8416118 0.9504898 -0.01027235 0.30738518 -0.043253716
seq3/frame00021.png 9.244185 0.10083961 0.8308261 0.94748706 -0.006895177 0.3162809 -0.045827374
seq3/frame00022.png 10.209068 0.07883615 0.14700212 0.9321778 -0.018483603 0.35830042 -0.048573077
seq3/frame00023.png 10.17804 0.046713553 -0.69927996 0.9105313 -0.0067138225 0.41014943 -0.051015228
seq3/frame00024.png 13.392944 0.037083462 -1.2556676 0.86455494 -0.0077626216 0.49865413 -0.061058067
seq3/frame00025.png 12.667736 0.043343693 -0.8131981 0.8825638 0.0058187065 0.46677434 -0.055460744
seq3/frame00026.png 11.891452 0.0911501 0.05535633 0.9118567 -0.02126215 0.4044864 -0.06749162
seq3/frame00027.png 11.521295 0.08542217 0.38189533 0.9203347 0.0008666327 0.38741338 -0.05378987
seq3/frame00028.png 11.218175 0.12510255 1.2404863 0.9388108 -0.015530158 0.3407969 -0.046824384
seq3/frame00029.png 8.393862 0.095892005 1.0185425 0.95442814 -0.007156031 0.29600328 -0.037252035
seq3/frame00030.png 9.455229 0.15334496 2.2745743 0.9566287 -0.010946901 0.28859335 -0.0366079
seq3/frame00031.png 6.9215007 0.15693624 3.099611 0.9780952 0.00710546 0.20664364 -0.023725592
seq3/frame00032.png 6.6705832 0.11396226 2.4938595 0.97453594 0.014414891 0.22276272 -0.021588195
seq3/frame00033.png 6.866368 0.10826672 2.2094114 0.97927445 0.017038697 0.2012466 -0.018372156
seq3/frame00034.png 5.59151 0.0825229 1.9004658 0.987068 0.014330206 0.1588575 -0.016148139
seq3/frame00035.png 5.182215 0.106021695 2.7008605 0.99301684 0.016699417 0.11624322 -0.012352032
seq3/frame00036.png 3.76913 0.08581863 2.0708678 0.9964501 0.014507369 0.08079006 -0.015398822
seq3/frame00037.png 3.2100832 0.09388578 2.7342482 0.99931866 0.008530185 0.026369832 -0.023309918
seq3/frame00038.png 2.0385084 0.09487862 2.5467708 0.9997602 0.021766815 0.0036006337 -0.008556201
seq3/frame00039.png 2.2076526 0.08897236 2.366977 0.9991059 0.0089627 -0.029086612 -0.027165044
seq3/frame00040.png -0.2240078 0.08804769 3.5149395 0.99306315 0.023327732 -0.11415529 -0.013540735
seq3/frame00041.png -1.1082379 0.09994244 4.0708737 0.99208593 0.03339822 -0.120801225 -0.006063096
seq3/frame00042.png -2.0378006 0.06348775 3.883415 0.98797536 0.042833496 -0.14854182 0.0043163165
seq3/frame00043.png -2.283236 0.06482613 3.8645062 0.98354954 0.02964448 -0.17809173 -0.0020977953
seq3/frame00044.png -3.4688108 0.06788386 4.413584 0.9800275 0.0394944 -0.19451596 0.008957156
seq3/frame00045.png -3.1617482 0.037228856 3.2944305 0.9801013 0.034122977 -0.19579153 -0.001626592
seq3/frame00046.png -5.3114004 0.048819844 4.368655 0.97460884 0.039531842 -0.21992552 0.014961256
seq3/frame00047.png -5.7156167 0.0068308045 2.9083018 0.96909183 0.035760727 -0.24346347 0.013805136
seq3/frame00048.png -7.1773734 -0.004275082 2.885686 0.9601836 0.037649877 -0.27654955 0.013487051
seq3/frame00049.png -7.051234 -0.035622276 1.9390652 0.96325994 0.040315326 -0.26431322 0.0253467
seq3/frame00050.png -7.496231 -0.061413705 1.3556395 0.95728004 0.040733956 -0.2848136 0.029348662
seq3/frame00051.png -8.286514 -0.043358844 1.0625225 0.94785523 0.03357247 -0.31618842 0.024357283
seq3/frame00052.png -8.756896 -0.03694338 0.93068576 0.94274795 0.031563852 -0.33108348 0.022442454
seq3/frame00053.png -9.104173 -0.0772966 -0.039472908 0.94119006 0.033703066 -0.33480436 0.03029605
seq3/frame00054.png -7.7912188 -0.057673763 0.49442506 0.96211064 0.039889477 -0.266513 0.04106986
seq3/frame00055.png -8.522141 -0.059433583 0.4354812 0.95500994 0.04378298 -0.29070187 0.038907003
seq3/frame00056.png -9.557457 -0.06321755 0.35431296 0.9286296 0.03371143 -0.36862937 0.025895342
seq3/frame00057.png -9.411451 -0.07068145 0.0058880486 0.924984 0.0321121 -0.37767744 0.025298825
seq3/frame00058.png -8.535393 -0.070826806 -0.11246738 0.9106747 0.034405757 -0.4109905 0.02453393
seq3/frame00059.png -9.927716 -0.06343468 -0.1453678 0.89209324 0.036643095 -0.4496004 0.02582639
seq3/frame00060.png -9.753804 -0.064905345 0.012752483 0.90056574 0.03189182 -0.43269825 0.025494166
seq3/frame00061.png -11.1348715 -0.071173064 -0.23149802 0.9052703 0.031581406 -0.42301008 0.023248658
seq3/frame00062.png -11.291498 -0.056394286 0.91338295 0.9088767 0.027672386 -0.4151856 0.0267546
seq3/frame00063.png -12.700134 -0.058930904 -0.20350097 0.8821637 0.021525199 -0.4702039 0.019869793
seq3/frame00064.png -13.877563 -0.077554844 -0.8016826 0.8658493 0.021413412 -0.4997966 0.013713191
seq3/frame00065.png -14.874135 -0.0778821 -0.70181125 0.86463857 0.021125633 -0.5018268 0.013445083
seq3/frame00066.png -15.061548 -0.0868453 -1.7395213 0.8352345 0.02171928 -0.5492781 0.011075216
seq3/frame00067.png -13.188987 -0.079982184 -1.6160755 0.83669025 0.012287021 -0.5475329 -0.0035376844
