seq1/frame00001.png 12.816672 0.0924233 -1.5567193 0.8729858 -0.0022640384 0.4870231 -0.026048755
seq1/frame00002.png 12.548596 0.09375299 -1.411748 0.8799334 -0.0017272768 0.4743765 -0.025694411
seq1/frame00003.png 12.67834 0.09285852 -1.427368 0.8765914 -0.0031817758 0.48065633 -0.025203044
seq1/frame00004.png 12.812232 0.09366161 -1.0649104 0.8807758 -3.1330433e-06 0.47326657 -0.013639023
seq1/frame00005.png 12.293289 0.07719477 -1.0374185 0.8658264 0.028943013 0.49697196 -0.04997732
seq1/frame00006.png 11.010006 0.09855016 -0.9666269 0.85959893 0.046303652 0.50559175 -0.05802781
seq1/frame00007.png 11.572934 0.08629566 -0.9585414 0.85503733 0.036059044 0.5151535 -0.04723535
seq1/frame00008.png 10.844206 0.10874151 -0.1677396 0.8682022 0.025191115 0.4936989 -0.04284638
seq1/frame00009.png 11.103298 0.12336586 0.5222276 0.9094089 0.051890228 0.41233608 -0.015506555
seq1/frame00010.png 10.53644 0.14327522 0.7769011 0.91727066 0.030702725 0.39566877 -0.03141807
seq1/frame00011.png 9.990741 0.20597883 1.7526069 0.91280264 0.0078617865 0.40821502 -0.0019548896
seq1/frame00012.png 9.881555 0.20661369 2.2934282 0.94029355 0.015521426 0.3400837 0.010594722
seq1/frame00013.png 9.113526 0.22510992 2.9728155 0.9572411 0.009691543 0.28876182 0.009295585
seq1/frame00014.png 5.2037807 0.253444 4.795742 0.99091566 0.0058029667 0.12739183 -0.04340989
seq1/frame00015.png 7.7892017 0.2998389 3.9469616 0.979823 0.006400996 0.19915946 -0.013846503
seq1/frame00016.png 3.9146905 0.25062007 4.414913 0.9986653 0.027488444 0.021714434 -0.03893661
seq1/frame00017.png 3.6042159 0.24788155 4.775716 0.99874586 0.028127378 0.008795817 -0.039576795
seq1/frame00018.png 0.23205605 0.26632842 4.8455043 0.99498445 0.0637428 -0.06783643 -0.037509844
seq1/frame00019.png 2.9693706 0.27507716 4.7976904 0.99738544 0.06341094 0.016240774 -0.027435306
seq1/frame00020.png 2.9703984 0.28624097 5.0745997 0.9971157 0.060037952 0.042889167 -0.019586833
seq1/frame00021.png 3.659219 0.2925334 5.5917172 0.9978267 0.040614072 0.051575873 -0.0013961104
seq1/frame00022.png 1.8871903 0.11221529 4.681529 0.99851465 -0.01154186 -0.03376703 0.043756757
seq1/frame00023.png 2.066654 0.1278642 4.2510858 0.9984899 0.015457691 -0.03377459 0.04109106
seq1/frame00024.png 2.0814753 0.1268584 4.945327 0.99889535 -0.0137671 -0.013295269 0.042085566
seq1/frame00025.png 1.803097 0.10664912 4.795797 0.9982725 -0.013442908 -0.055847492 0.011525843
seq1/frame00026.png 0.7332995 0.09394488 4.1690283 0.997686 -0.027528754 -0.057406846 -0.025162563
seq1/frame00027.png -0.66952276 0.040203076 4.182551 0.989846 -0.02562159 -0.13777547 -0.0229619
seq1/frame00028.png -0.15637468 0.05946209 4.760579 0.9918774 -0.019830808 -0.12110057 -0.030486437
seq1/frame00029.png -2.2515216 0.09839995 4.9304204 0.98545444 -0.030290956 -0.1621712 -0.041625638
seq1/frame00030.png -0.9825473 0.034307025 4.8382688 0.9900497 -0.018872784 -0.1387046 -0.014160679
seq1/frame00031.png 0.93074477 0.09022693 4.7534246 0.9994483 -0.027907442 0.011817568 0.006612613
seq1/frame00032.png 2.4791112 0.24297051 6.4599667 0.996574 -0.007835939 0.08049348 0.015726566
seq1/frame00033.png 2.1360655 0.24474148 5.394277 0.9879924 -0.008961768 0.14685307 0.04578515
seq1/frame00034.png 2.3686655 0.23426728 5.770703 0.98276293 -0.0019291386 0.18190825 0.032322183
seq1/frame00035.png 3.4253013 0.2687211 5.5615716 0.9769469 -0.013311883 0.20780572 0.04684263
seq1/frame00036.png 2.6050801 0.2551415 5.364756 0.9791288 -0.006515718 0.19398502 0.059875652
seq3/frame00001.png 5.0711927 0.3502179 5.5557623 0.9860364 0.007550235 0.15768158 -0.053100873
seq3/frame00002.png 4.689542 0.3390763 5.6526704 0.9865473 0.0063151917 0.1559445 -0.048251547
seq3/frame00003.png 4.8636203 0.26889896 4.9682994 0.9804268 0.023352237 0.19518985 -0.009545705
seq3/frame00004.png 4.87785 0.30115914 5.4872184 0.98538285 0.0045346464 0.16700917 -0.034356855
seq3/frame00005.png 5.8852286 0.32952172 5.367436 0.98189664 -0.0030047628 0.18699521 -0.029711764
seq3/frame00006.png 5.733451 0.33490655 4.962731 0.97866696 0.005910085 0.20334722 -0.028382784
seq3/frame00007.png 5.5475907 0.2795814 5.394485 0.98234 -0.007871212 0.1838334 -0.03395457
seq3/frame00008.png 6.7550144 0.2995059 4.8553915 0.974163 0.0179962 0.22373345 -0.02722967
seq3/frame00009.png 8.4446 0.25741374 3.4264967 0.9403573 0.011924662 0.33963642 -0.015944876
seq3/frame00010.png 9.05515 0.23292659 3.273018 0.9370191 -0.001488066 0.34875035 -0.02021673
seq3/frame00011.png 8.552201 0.23622185 3.1027644 0.9406695 0.014813822 0.33797753 -0.027594073
seq3/frame00012.png 8.351923 0.20929147 3.6342902 0.9419415 -0.011606902 0.33465183 -0.021959292
seq3/frame00013.png 7.6412177 0.17231417 3.6436307 0.94015336 -0.024110328 0.33867398 -0.02572274
seq3/frame00014.png 7.9644794 0.15580176 3.3612354 0.9279136 -0.016673585 0.3714514 -0.02639527
seq3/frame00015.png 5.863828 0.09932877 1.5801467 0.9116976 -0.007908206 0.40833047 -0.043768954
seq3/frame00016.png 9.3814535 0.09608542 0.65566826 0.86010146 -0.02084677 0.5070244 -0.052206878
seq3/frame00017.png 9.661483 0.16872416 1.2052356 0.8441536 -0.00037639766 0.53505063 -0.032469332
seq3/frame00018.png 8.047054 0.08523526 0.8217894 0.89106286 0.009639179 0.45388263 -0.0010753352
seq3/frame00019.png 9.012168 0.07726716 0.55449426 0.8963641 0.0015290926 0.4434854 -0.0064685075
seq3/frame00020.png 9.3776865 0.03578858 -0.055816 0.89645916 -0.004601872 0.4430186 -0.005690022
seq3/frame00021.png 10.044137 0.06241634 -0.36366612 0.89777607 0.015484387 0.44015354 0.013178509
seq3/frame00022.png 10.554602 0.008572148 -0.93841535 0.880809 -0.014285615 0.4731144 -0.0064780773
seq3/frame00023.png 11.26854 0.03450013 -1.2882823 0.8724373 0.025280971 0.48783675 0.016265769
seq3/frame00024.png 11.7492285 0.06899666 -0.78564644 0.86529624 0.015378219 0.5004727 -0.022477372
seq3/frame00025.png 11.395085 0.053617828 -1.0405004 0.87438405 0.012991972 0.4837719 -0.036788918
seq3/frame00026.png 10.9203005 0.0879346 -0.6501431 0.8650911 -0.010269676 0.4997207 -0.041488178
seq3/frame00027.png 10.432304 0.05320481 -0.28155106 0.89561087 0.0018025386 0.4407886 -0.058634974
seq3/frame00028.png 9.714633 0.039148387 0.031481534 0.9125774 -0.014663536 0.407507 -0.031147117
seq3/frame00029.png 9.073191 0.0680922 0.5892222 0.91719306 -0.0030563849 0.39843792 -0.0028715013
seq3/frame00030.png 8.429637 0.06368939 1.008145 0.93630016 -0.00600386 0.3502859 -0.025074081
seq3/frame00031.png 7.7631655 0.12126721 1.6305017 0.9582809 0.015287682 0.28531295 -0.005719963
seq3/frame00032.png 7.068641 0.13952771 2.145683 0.9704665 0.018999314 0.24070191 0.0033489577
seq3/frame00033.png 6.353193 0.13854516 2.4294493 0.9847385 0.031682353 0.17089854 0.0077908803
seq3/frame00034.png 5.7072935 0.14353855 2.8557959 0.9907266 0.036674943 0.12941845 0.020626191
seq3/frame00035.png 5.1234474 0.16611265 3.0443609 0.98916596 0.033320922 0.14259622 0.0047886483
seq3/frame00036.png 4.3900275 0.17570166 3.4933884 0.9963442 0.03217726 0.0752109 0.025129609
seq3/frame00037.png 3.4991834 0.13882464 3.708294 0.9996694 0.025371477 0.0058475602 0.0054541756
seq3/frame00038.png 2.5565455 0.12672144 3.808581 0.9978252 0.04281437 -0.048567224 0.010249727
seq3/frame00039.png 1.5615084 0.11597599 4.397257 0.994426 -0.013693943 -0.10303564 -0.01593885
seq3/frame00040.png 0.9852221 0.080761746 4.137528 0.9957677 -0.0014480226 -0.089406334 -0.024013035
seq3/frame00041.png -2.2091799 0.1630784 4.7794456 0.98592347 0.008053645 -0.16455606 0.029822424
seq3/frame00042.png -0.99317217 0.14435717 4.4690523 0.99168134 0.029103167 -0.1168933 0.045265447
seq3/frame00043.png -1.8110199 0.12415378 4.5552287 0.9877647 0.007699203 -0.14827964 0.04806203
seq3/frame00044.png -3.567454 0.13664106 3.9128048 0.97390217 0.025096914 -0.21994027 0.04976827
seq3/frame00045.png -3.650474 0.06791089 4.0388646 0.9709701 0.007885186 -0.23353533 0.05169217
seq3/frame00046.png -4.3316708 0.10523269 3.5604186 0.97184974 0.030006828 -0.22362378 0.06823013
seq3/frame00047.png -4.839242 0.05975764 3.1343606 0.96278113 0.016638093 -0.2615902 0.06499471
seq3/frame00048.png -4.843506 0.059370566 2.4094577 0.96885514 0.021853788 -0.23194589 0.08374469
seq3/frame00049.png -5.754276 0.02016137 1.9441457 0.9546267 0.013959185 -0.28254607 0.09301802
seq3/frame00050.png -6.0278077 -0.024750723 1.3833413 0.95322704 0.014811083 -0.28877756 0.08818229
seq3/frame00051.png -6.312036 -0.0033247164 1.3800169 0.94352096 0.013712436 -0.3186175 0.0900729
seq3/frame00052.png -6.899459 0.0031739383 0.64881027 0.9430224 0.009690112 -0.3242749 0.074082926
seq3/frame00053.png -7.5649157 -0.024763422 0.039642002 0.94002163 0.035515074 -0.328076 0.08626529
seq3/frame00054.png -8.074532 0.0011640599 -0.16034956 0.9565067 0.044190347 -0.2814514 0.06271575
seq3/frame00055.png -8.341143 -0.012285878 -0.13317531 0.9502865 0.05202043 -0.3025439 0.052335165
seq3/frame00056.png -8.918501 -0.062431674 0.036821585 0.9146899 0.01811398 -0.3949969 0.08321144
seq3/frame00057.png -9.369144 -0.07845252 0.4313446 0.90799844 0.008858074 -0.4078599 0.09430013
seq3/frame00058.png -9.098959 0.06404227 -0.24144414 0.92618173 0.04213362 -0.36809018 0.06965825
seq3/frame00059.png -9.63803 0.01894456 0.3053315 0.9363469 0.026113342 -0.34750402 0.042642515
seq3/frame00060.png -11.1219635 -0.08064823 -0.10697451 0.871113 0.0030614494 -0.4860454 0.07102152
seq3/frame00061.png -11.001897 -0.08410233 -0.4799911 0.8820889 0.010384655 -0.467245 0.057243463
seq3/frame00062.png -10.923495 -0.09696579 -0.31052557 0.8889579 0.011706476 -0.45441836 0.05760433
seq3/frame00063.png -10.796759 -0.08370277 -0.9011228 0.8869897 0.009116879 -0.45672038 0.06752156
seq3/frame00064.png -10.25756 0.0095112035 -0.52104187 0.91191125 0.03128932 -0.40577006 0.052507363
seq3/frame00065.png -11.002393 -0.07146509 -0.55011976 0.9021046 0.017669389 -0.42782617 0.053378228
seq3/frame00066.png -11.358973 -0.1199878 -0.3135736 0.8845124 0.022498399 -0.46359217 0.0457844
seq3/frame00067.png -10.289462 0.008250273 0.047596052 0.8904429 0.030713798 -0.45301086 -0.029372105
