seq2/frame00001.png 8.40078 0.40416023 9.096066 0.97309345 -0.010652313 0.2301002 -0.005433778
seq2/frame00002.png 8.347365 0.38134137 8.989552 0.9736239 -0.010752326 0.22778226 -0.007494277
seq2/frame00003.png 8.342438 0.37804493 8.955533 0.97412753 -0.0101641705 0.22568552 -0.0061868667
seq2/frame00004.png 8.365586 0.38083565 8.772503 0.9759143 -0.012356369 0.2171911 -0.016328927
seq2/frame00005.png 8.622824 0.3276135 8.362596 0.96315646 -0.039549496 0.2654155 -0.017891662
seq2/frame00006.png 8.769625 0.41933775 7.6435647 0.9610019 -0.0718673 0.2626385 -0.048286464
seq2/frame00007.png 9.1145115 0.30789825 7.2039614 0.966772 -0.01797105 0.25469115 -0.012701379
seq2/frame00008.png 9.409555 0.27760947 6.6090226 0.9573346 -0.040398683 0.28572 -0.01557246
seq2/frame00009.png 9.675512 0.26904023 5.95526 0.9664179 -0.05277882 0.25059247 -0.02131375
seq2/frame00010.png 10.034009 0.27749133 5.456013 0.9543332 -0.05782699 0.29175487 -0.027987292
seq2/frame00011.png 10.212776 0.24091679 4.8007927 0.95267034 -0.05477648 0.29630637 -0.04026616
seq2/frame00012.png 10.488645 0.19226952 4.115656 0.9496017 -0.04377136 0.30837083 -0.035328154
seq2/frame00013.png 10.772847 0.1287367 3.4337687 0.9466848 -0.048181254 0.3167044 -0.034129914
seq2/frame00014.png 11.03881 0.11146423 2.639748 0.94385254 -0.044155873 0.32604238 -0.02981644
seq2/frame00015.png 11.126027 0.04330351 1.8341273 0.92875284 -0.061017137 0.36534488 -0.014771878
seq2/frame00016.png 11.437798 0.032650445 1.13615 0.9219857 -0.059057474 0.3797746 -0.04717899
seq2/frame00017.png 11.776635 -0.0062159146 0.43795148 0.9093654 -0.04176826 0.41295254 -0.027932595
seq2/frame00018.png 12.018177 -0.029196 -0.34389892 0.91351396 -0.043715857 0.40106153 -0.052257042
seq2/frame00019.png 12.294312 -0.040623713 -0.9843282 0.8864907 -0.046389904 0.45923445 -0.032954637
seq2/frame00020.png 12.505108 -0.047736786 -1.7640542 0.89566594 -0.040231243 0.44057187 -0.04539184
seq2/frame00021.png 12.760017 -0.08575248 -2.469966 0.8489703 -0.04766823 0.52571666 -0.024477076
seq2/frame00022.png 12.93428 -0.097245 -3.1988137 0.8264109 -0.05998484 0.5594032 -0.022691444
seq2/frame00023.png 13.206607 -0.13245617 -3.888432 0.82196444 -0.05313502 0.5660896 -0.033072397
seq2/frame00024.png 13.354885 -0.16820014 -4.6015463 0.79067695 -0.05291866 0.6096552 -0.018710187
seq2/frame00025.png 13.702745 -0.2155336 -5.3100953 0.7197305 -0.063734055 0.69057554 -0.032115813
seq2/frame00026.png 13.670895 -0.27763826 -6.0430584 0.7026317 -0.07237872 0.7078628 0.0004796162
seq2/frame00027.png 13.778783 -0.27977613 -6.7184706 0.69406635 -0.05719273 0.71701574 -0.02982241
seq2/frame00028.png 13.736957 -0.29011232 -7.4539003 0.7021792 -0.044072747 0.7103492 -0.020148693
seq2/frame00029.png 13.663033 -0.31515497 -8.119197 0.69362515 -0.031239506 0.71889263 -0.033190534
seq2/frame00030.png 13.570836 -0.3253652 -8.877004 0.65909797 -0.04401048 0.7504712 -0.02111567
seq2/frame00031.png 13.325832 -0.31949586 -9.567367 0.6395342 -0.049553476 0.76663005 -0.028615955
seq2/frame00032.png 13.091747 -0.34191236 -10.282067 0.5880615 -0.062303916 0.8063499 -0.010082567
seq2/frame00033.png 12.692844 -0.35922533 -10.919512 0.57475656 -0.065406956 0.8155965 -0.013381847
seq2/frame00034.png 12.267942 -0.40147686 -11.533862 0.5495356 -0.06545307 0.83288735 -0.005028874
seq2/frame00035.png 11.826572 -0.42589626 -12.044739 0.5550641 -0.061854035 0.8294975 0.0034388956
seq2/frame00037.png 10.983623 -0.4339547 -12.830207 0.4792517 -0.08643711 0.8734027 0.0037602133
seq2/frame00038.png 10.391524 -0.48769975 -12.849032 0.54635066 -0.065971024 0.83473825 0.018995037
seq2/frame00039.png 10.079893 -0.46003202 -12.547439 0.57095504 -0.03302561 0.8198845 0.026628982
seq2/frame00040.png 9.932679 -0.41978592 -12.009204 0.57805556 -0.035066362 0.81524163 -0.0017893058
seq2/frame00041.png 9.69829 -0.3795417 -11.347736 0.55914867 -0.0012167923 0.8290163 -0.009125898
seq2/frame00042.png 9.608294 -0.34710458 -10.667637 0.5569501 0.009246593 0.8303945 0.012881318
seq2/frame00044.png 9.269955 -0.30130565 -9.276321 0.62402135 0.044531893 0.7791033 -0.040153902
seq2/frame00045.png 9.123772 -0.24717166 -8.5720215 0.6552483 0.014659945 0.753646 -0.04952233
seq2/frame00046.png 8.941697 -0.23537089 -7.790387 0.6869042 0.030547753 0.72523636 -0.03551873
seq2/frame00047.png 8.770527 -0.22053172 -7.084825 0.7032057 0.021793786 0.71008027 -0.028508987
seq2/frame00048.png 8.554155 -0.19248272 -6.3177757 0.69210184 0.030580463 0.7204798 -0.03112439
seq2/frame00049.png 8.210173 -0.14864975 -5.614304 0.7385653 0.0034441575 0.6737647 -0.023461323
seq2/frame00050.png 7.890154 -0.1243109 -4.954692 0.7569414 0.029480966 0.6527594 -0.008702064
seq2/frame00051.png 7.4831886 -0.073465504 -4.25963 0.8426694 0.0056156386 0.53837395 -0.005495826
seq2/frame00052.png 7.012566 -0.0548542 -3.7004254 0.903201 0.015067903 0.42875856 -0.012928284
seq2/frame00053.png 6.5549383 -0.03894731 -3.1055632 0.9457107 0.006514024 0.3248062 0.009473067
seq2/frame00054.png 6.0283527 -0.028803641 -2.6187024 0.9552248 0.011275179 0.2952265 0.016117664
seq2/frame00055.png 5.5012765 -0.004577765 -2.0787022 0.9731371 0.007367685 0.22898112 0.02275094
seq2/frame00056.png 4.90559 -0.0044104983 -1.5786424 0.96256965 0.0045837755 0.27047193 0.016837329
seq2/frame00057.png 4.3159127 -0.0016552665 -1.0671604 0.9779697 0.0031450964 0.20723122 0.02491109
seq2/frame00058.png 3.6308196 -0.031977724 -0.68398577 0.9844896 0.002768635 0.1745427 0.017529694
seq2/frame00059.png 2.9526975 -0.03013506 -0.20660296 0.9882998 0.029829932 0.14623295 0.031458378
seq2/frame00060.png 2.2083538 -0.047808263 -0.022560945 0.9961897 -0.004396606 0.07499827 0.044294108
seq2/frame00061.png 1.4372804 -0.023689149 0.21221077 0.9982369 0.038042758 0.039733697 0.022295173
seq2/frame00062.png 0.68188566 -0.041673355 0.2850587 0.9988998 0.008625162 -0.017645866 0.042583928
seq2/frame00063.png -0.16064644 -0.046973187 0.3415376 0.99777716 0.025599536 -0.028221665 0.054672066
seq2/frame00064.png -0.90901095 0.011910185 0.4196513 0.9960694 0.0012782125 -0.0760047 0.045469027
seq2/frame00065.png -1.7677554 0.006385965 0.5168988 0.9959548 0.025395297 -0.070415385 0.04970714
seq2/frame00066.png -2.4977276 -0.015608452 0.63544196 0.99019164 0.00975888 -0.122747086 0.06601812
seq2/frame00067.png -3.349906 -0.03294975 0.57033056 0.9877679 0.014575315 -0.13955486 0.068019025
seq2/frame00068.png -4.1220894 -0.03922341 0.6400953 0.9827861 0.009901243 -0.16986087 0.07197681
seq2/frame00069.png -5.033302 -0.04367178 0.45244074 0.9796535 0.0010023629 -0.18518983 0.077348106
seq2/frame00070.png -5.7813897 -0.02641987 0.3797084 0.97480446 0.0059953523 -0.2129946 0.06598191
seq2/frame00071.png -6.4432855 -0.04940203 0.2511997 0.97251993 0.0049456498 -0.22612965 0.05518895
seq2/frame00072.png -7.21056 -0.006215717 0.12542325 0.97095925 -0.04464276 -0.2334477 0.027336745
seq2/frame00073.png -7.9754653 -0.1883561 -0.10092124 0.9641611 -0.041327834 -0.26067054 0.02713247
seq2/frame00074.png -8.749796 0.103593536 -0.30954656 0.945399 -0.051282834 -0.31608194 0.06068812
seq2/frame00075.png -9.3814125 -0.20876518 -0.3721631 0.94501805 -0.038500864 -0.3195054 0.05809385
seq2/frame00076.png -10.159098 -0.09402561 -0.6885998 0.935205 -0.02603685 -0.34651726 0.06811425
seq2/frame00077.png -10.7938595 -0.12808806 -0.77299654 0.93702745 -0.055146668 -0.33926734 0.06193606
seq2/frame00078.png -11.389296 -0.070609994 -1.027965 0.90297157 -0.063267484 -0.4213504 0.055708125
seq2/frame00079.png -12.096623 -0.12563121 -1.1281495 0.88718367 -0.050870717 -0.45562294 0.052202556
seq2/frame00080.png -12.757717 -0.07340461 -1.4835546 0.898252 -0.03027946 -0.43539327 0.051566835
seq2/frame00081.png -13.402417 -0.07487788 -1.7748404 0.87827605 -0.031256307 -0.47155485 0.07273439
seq2/frame00082.png -13.842383 -0.07862756 -2.209033 0.8449959 -0.027378647 -0.53129935 0.05434436
seq2/frame00083.png -14.351543 -0.13444218 -2.6402485 0.8142993 -0.027297316 -0.57781816 0.047933746
seq2/frame00084.png -14.70435 -0.13320814 -3.1177247 0.7964119 -0.013265653 -0.6040404 0.026217563
seq2/frame00085.png -14.924081 -0.05416851 -3.4543202 0.7938756 -0.0073298733 -0.6079989 0.006719538
seq2/frame00086.png -15.071081 -0.060252763 -3.6923218 0.7702377 0.0013011198 -0.6375832 -0.014827554
seq2/frame00087.png -15.074856 -0.061530933 -3.6246977 0.8125847 0.0012181761 -0.5828417 -0.0003796527
seq2/frame00088.png -14.956546 -0.04035998 -3.4330087 0.8248422 -0.016299913 -0.565095 -0.0061053447
seq2/frame00089.png -14.5246725 -0.013387026 -3.3568885 0.821648 -0.0104549425 -0.5698602 0.00668148
seq2/frame00090.png -14.093154 -0.049912967 -3.2417514 0.8200815 -0.0043497537 -0.5720385 -0.0148102045
seq2/frame00091.png -13.519006 -0.04357802 -3.1383471 0.83611834 -0.016151797 -0.5481471 -0.013416566
seq2/frame00092.png -12.889213 -0.03097454 -3.049573 0.8318697 -0.0011515659 -0.554646 -0.018952906
seq2/frame00093.png -12.2986765 -0.019136278 -2.857618 0.8369831 -0.0047362084 -0.5470388 -0.013616986
seq2/frame00094.png -11.698226 -0.034569748 -2.7517982 0.83777964 -0.007710937 -0.5459419 -0.0036439525
seq2/frame00095.png -11.131351 -0.048719257 -2.526206 0.8365089 0.015467557 -0.5475184 -0.015402205
seq2/frame00096.png -10.527232 -0.047265958 -2.3628469 0.85672307 -0.0088430885 -0.5156894 -0.0034407496
seq2/frame00097.png -9.8968525 -0.008357405 -2.2496877 0.86214995 -0.0015920289 -0.5064844 -0.012980269
seq2/frame00098.png -9.33855 -0.022909535 -1.9836061 0.87466425 -0.007423021 -0.48465315 -0.0043219603
seq2/frame00099.png -8.680856 0.024411218 -1.839485 0.85764724 -0.025375135 -0.51243854 -0.034699686
seq2/frame00100.png -8.108865 0.017126767 -1.4132557 0.85907143 -0.013436731 -0.51100636 -0.026234174
seq2/frame00101.png -7.3625712 -0.13267998 -1.1924162 0.8339679 -0.03139365 -0.5503668 -0.024665276
seq2/frame00102.png -6.777478 -0.11058714 -0.74464244 0.85942155 -0.018027253 -0.5106452 -0.01763983
seq2/frame00103.png -6.1634536 -0.072180495 -0.4556013 0.8840697 -0.022768728 -0.4667889 0.003245807
seq2/frame00104.png -5.48664 -0.08244801 -0.25147668 0.8839904 -0.006105783 -0.46743387 -0.0054120948
seq2/frame00105.png -4.7832365 -0.12207745 -0.045412842 0.90663713 -0.005503014 -0.42165962 -0.013491399
seq2/frame00106.png -4.044695 -0.10661218 0.10094287 0.9248526 0.0053837667 -0.38014302 -0.010485395
seq2/frame00107.png -3.3532438 -0.02144323 0.29679096 0.95012414 -0.0062054708 -0.31125322 -0.018629292
seq2/frame00108.png -2.6280072 -0.059691265 0.49140835 0.95799226 -0.011181309 -0.28630358 -0.012491233
seq2/frame00109.png -1.97925 -0.03923147 0.74015427 0.9797977 -0.0024073052 -0.19963147 -0.011741724
seq2/frame00110.png -1.257898 -0.021270007 0.8655083 0.98485154 -0.015089598 -0.17239402 -0.010955835
seq2/frame00111.png -0.52337366 -0.017033938 1.1065179 0.9941051 -0.020234335 -0.10455364 -0.020350818
seq2/frame00112.png 0.19965014 -0.0059571806 1.2459757 0.9956096 -0.008846651 -0.089481995 -0.02600617
seq2/frame00113.png 0.9754561 0.0045733983 1.482438 0.9991082 -0.001658108 -0.029194847 -0.030458359
seq2/frame00114.png 1.6884339 0.008076654 1.5614374 0.99894226 -0.007892773 0.013365159 -0.04328385
seq2/frame00115.png 2.4110389 -0.004645353 1.7544411 0.9984567 0.003733025 0.043006532 -0.03493799
seq2/frame00116.png 3.1102948 -0.03232942 1.812666 0.9905797 -0.021221323 0.13123015 -0.03286558
seq2/frame00117.png 3.8538816 0.06814189 1.8228223 0.9874293 -0.0071844775 0.1493429 -0.051267806
seq2/frame00118.png 4.6294727 0.11937202 1.9352076 0.97865963 -0.021147251 0.19724019 -0.053612944
seq2/frame00119.png 5.3585186 0.15102375 1.7882451 0.9728253 -0.020699529 0.22617543 -0.045024525
seq2/frame00120.png 6.15861 0.14870624 1.8425453 0.972234 -0.02358871 0.22782433 -0.04796514
seq2/frame00121.png 6.88528 0.14548378 1.8159887 0.9639245 -0.02701388 0.25977355 -0.05135627
seq2/frame00122.png 7.7469077 0.12637593 1.9118391 0.95358753 -0.014902095 0.29426762 -0.06209148
seq2/frame00123.png 8.432631 0.1268818 1.7590693 0.9537417 -0.024632096 0.29092643 -0.07163653
seq2/frame00124.png 9.324591 0.12719639 1.7957442 0.9321181 -0.013473563 0.3527487 -0.08088687
seq2/frame00125.png 10.0905485 0.10192131 1.7895137 0.90864384 -0.029385988 0.4108955 -0.068320274
seq2/frame00126.png 10.829049 0.15437388 1.7751698 0.9021875 -0.018425755 0.42568254 -0.06717518
seq2/frame00127.png 11.555652 0.06374196 1.7235538 0.88041306 -0.030031187 0.46858278 -0.0663414
seq2/frame00128.png 12.321997 0.11459378 1.6647114 0.85961694 -0.05002431 0.50456375 -0.0630215
seq2/frame00129.png 13.054722 0.12678258 1.4806434 0.8570788 -0.06550161 0.5064337 -0.0681933
seq2/frame00130.png 13.634701 0.15899532 1.0912409 0.8676415 -0.06470828 0.48542857 -0.08584994
seq2/frame00131.png 14.314661 0.14976388 0.69309837 0.8561552 -0.059480026 0.5075731 -0.07635376
seq2/frame00132.png 14.909859 0.16100262 0.18203631 0.8487446 -0.057188872 0.51833767 -0.087682165
seq2/frame00133.png 15.456002 0.17140575 -0.3046629 0.832749 -0.05617799 0.5458869 -0.0733531
seq2/frame00134.png 15.846109 0.132388 -0.7340635 0.83551854 -0.042436853 0.5436128 -0.06777157
seq2/frame00135.png 16.398617 0.11976048 -1.3315041 0.82549936 -0.053020623 0.55722356 -0.07239924
seq2/frame00136.png 16.589582 0.07458539 -1.8131161 0.8063929 -0.057812866 0.58485174 -0.06585304
seq2/frame00137.png 16.87082 0.031567432 -2.2908564 0.78800654 -0.04491169 0.6130327 -0.03492182
seq2/frame00138.png 16.68599 -0.023023557 -2.7054796 0.74216133 -0.03415523 0.66869324 -0.02965336
seq2/frame00139.png 16.201405 0.008338811 -3.0383856 0.706426 -0.029744016 0.7060554 -0.039539482
seq2/frame00140.png 15.545457 -0.05520252 -2.9798357 0.70270526 -0.011103463 0.7112691 -0.013353233
seq2/frame00141.png 14.792964 -0.034229416 -2.6751275 0.76566225 -0.01986527 0.64289147 0.007565525
seq2/frame00142.png 14.098822 0.011397076 -2.329997 0.8051624 0.026633322 0.59244764 -0.0031583402
seq2/frame00143.png 13.526316 0.026810465 -1.7712523 0.8649614 0.03795647 0.50040066 0.00035576816
seq2/frame00144.png 12.829206 0.0008237328 -1.2984333 0.88455486 0.017879682 0.4653154 -0.026917737
seq2/frame00145.png 12.160614 -0.038080327 -0.6730885 0.9177999 0.031872533 0.39498705 -0.024753952
seq2/frame00146.png 11.254007 -0.06855597 -0.36310583 0.93713266 0.014518012 0.34674448 -0.036604833
seq2/frame00147.png 10.5572405 0.010356263 0.24113388 0.9529303 0.014151735 0.3027123 -0.0094262995
seq2/frame00148.png 9.739331 0.019835833 0.55254817 0.9707476 -0.006688148 0.23996675 0.004506486
seq2/frame00149.png 9.024756 0.06670499 1.0946554 0.97338164 0.023027917 0.22803022 -0.00026215948
seq2/frame00150.png 8.290464 0.08388784 1.4606612 0.97786814 0.0018712252 0.20914385 -0.0054106815
seq2/frame00151.png 7.5704927 0.086397365 2.056582 0.98185724 0.03476139 0.18575656 0.015572417
seq2/frame00152.png 6.8186765 0.10211275 2.3475332 0.9836271 0.022315502 0.17864214 -0.008170266
seq2/frame00153.png 6.0569863 0.09563781 2.8762348 0.9840387 0.030376492 0.17527473 0.0048776935
seq2/frame00154.png 5.3722024 0.14419428 3.239743 0.9856773 0.02248112 0.16642678 0.015395208
seq2/frame00155.png 4.5834785 0.14853011 3.6394546 0.98720604 0.025697786 0.15689063 0.012214183
seq2/frame00156.png 3.8756623 0.178576 3.90413 0.9952119 0.011075047 0.09533868 0.018469362
seq2/frame00157.png 3.190788 0.18389837 4.152282 0.9991547 0.00676829 0.033762332 0.0224568
seq2/frame00158.png 2.438071 0.15199666 4.572422 0.99855626 0.009376913 0.016843684 0.050137248
seq2/frame00159.png 1.6798733 0.19663347 4.8538227 0.99848396 0.024194887 0.027676562 0.040969245
seq2/frame00160.png 0.9469695 0.22344807 5.2508497 0.998706 0.017679464 0.03214846 0.035217244
seq2/frame00161.png 0.23671378 0.16894507 5.5490785 0.9983897 0.0182692 0.049694333 0.02036225
seq2/frame00162.png -0.45447916 0.22758485 5.842547 0.99878174 0.029479353 -0.026515376 0.029376417
seq2/frame00163.png -1.2106752 0.22884548 6.0539904 0.99912494 0.014059465 -0.00596127 0.03893824
seq2/frame00164.png -2.0488203 0.23443581 6.2808094 0.997926 0.025722291 -0.035380617 0.047225006
seq2/frame00165.png -2.7672129 0.18736404 6.3503847 0.9982949 0.01955249 -0.053702146 0.011879906
seq2/frame00166.png -3.5039372 0.13894106 6.4877033 0.98979163 0.027614024 -0.1367577 0.029108437
seq2/frame00167.png -4.296388 0.18901412 6.210693 0.9829007 0.023933152 -0.18025605 0.029002324
seq2/frame00168.png -4.98567 0.08494631 5.9140754 0.97416794 0.035304442 -0.22105895 0.029721742
seq2/frame00169.png -5.4999204 0.042327944 5.63404 0.9622536 0.025803853 -0.2685038 0.036166113
seq2/frame00170.png -6.1559687 0.017387442 5.1087675 0.96047384 0.046406496 -0.27127573 0.04178365
seq2/frame00171.png -6.6905837 0.06544348 4.6182923 0.93973464 0.049608022 -0.33363426 0.05591192
seq2/frame00172.png -7.204701 0.026420387 4.037086 0.93497944 0.05408658 -0.34668654 0.0519277
seq2/frame00173.png -7.8015056 -0.10457492 3.5947156 0.92188555 0.04953423 -0.37918732 0.06237381
seq2/frame00174.png -8.3966875 -0.11201552 2.8594363 0.93573993 0.052446052 -0.34351832 0.06029366
seq2/frame00175.png -9.043878 -0.053765975 2.5014005 0.92297214 0.059030026 -0.3773354 0.04749578
seq2/frame00176.png -9.678281 -0.09200341 2.0503528 0.91446656 0.05474416 -0.3998064 0.030146327
seq2/frame00177.png -10.325617 -0.07372958 1.5810547 0.89678323 0.06705327 -0.4367157 0.023730159
seq2/frame00178.png -11.007583 -0.1684859 1.1408535 0.9135247 0.07889694 -0.398416 0.022641439
seq2/frame00179.png -11.679758 -0.1019543 0.7576911 0.90372396 0.04753728 -0.42422724 0.032472055
seq2/frame00180.png -12.398124 -0.166089 0.36644784 0.9143138 0.026754474 -0.40082815 0.05149006
seq2/frame00181.png -13.329981 -0.11514994 0.19942364 0.93035007 0.05854674 -0.3595441 0.04182245
seq2/frame00182.png -14.086363 -0.05261718 -0.0770172 0.9207546 0.049685117 -0.3864483 0.020000568
seq2/frame00183.png -14.879927 -0.15319027 -0.3076326 0.9183962 0.06518579 -0.38951558 0.024017125
seq2/frame00184.png -15.591617 -0.16179968 -0.3960868 0.92546356 0.06595842 -0.3724814 0.02059812
seq2/frame00185.png -16.373074 -0.13785417 -0.4927221 0.9416039 0.06934452 -0.3294059 0.008070283
seq2/frame00186.png -17.084013 0.05279719 -0.44376007 0.91511536 0.025515482 -0.4018475 0.020769509
seq2/frame00187.png -17.687296 0.118083544 -0.34773824 0.85882455 0.0055068913 -0.512101 0.011945174
seq2/frame00188.png -18.198786 -0.15584902 -0.37710005 0.802672 -0.004247451 -0.59538716 0.03483703
seq2/frame00189.png -18.732868 0.030738838 -0.06975275 0.8079057 0.00019399248 -0.5891203 0.015023837
seq2/frame00190.png -19.377474 -0.13243446 0.13602668 0.7968819 -0.0075307824 -0.6025561 0.04299498
seq2/frame00191.png -19.742697 -0.122916766 0.4151779 0.8277903 -0.022067264 -0.5605923 0.0035353932
seq2/frame00192.png -20.080547 -0.089973465 0.1920709 0.8226236 -0.039573845 -0.5672065 -0.001062925
seq2/frame00193.png -20.302626 -0.10107317 -0.2403795 0.84069055 -0.04826637 -0.5380033 -0.038238432
seq2/frame00194.png -20.22346 -0.07485343 -0.7882849 0.83787686 -0.027020507 -0.54364973 -0.04095385
seq2/frame00195.png -20.08632 -0.08335331 -1.4500445 0.8310418 -0.02182718 -0.5544889 -0.03788254
seq2/frame00196.png -19.674227 -0.060939882 -1.8938777 0.8168896 -0.0067106704 -0.57620245 -0.025241641
seq2/frame00197.png -19.108906 -0.07178577 -2.2654457 0.8060952 -0.010153115 -0.59148324 -0.015968775
seq2/frame00198.png -18.28728 -0.13342579 -2.61451 0.7999324 0.010194781 -0.5998511 -0.0135212215
seq2/frame00199.png -17.558367 -0.08700487 -2.529981 0.816653 0.0064659 -0.5770203 -0.009138426
seq2/frame00200.png -16.79198 -0.05305107 -2.4298966 0.811242 0.0031047398 -0.58451223 -0.014909035
seq2/frame00201.png -15.957535 -0.082866 -2.2450044 0.8398982 -0.008271678 -0.54226154 -0.021329995
seq2/frame00202.png -15.145871 -0.07845415 -2.0086107 0.833273 -0.010289907 -0.55233365 -0.021858303
seq2/frame00203.png -14.326041 -0.048082 -1.8008814 0.8446452 -0.022921849 -0.53450435 -0.018819306
seq2/frame00204.png -13.493156 -0.05403184 -1.6176984 0.8511988 -0.011574171 -0.52434707 -0.019663775
seq2/frame00205.png -12.67806 -0.05430804 -1.4202154 0.87943375 -0.01728404 -0.47558692 -0.01071099
seq2/frame00206.png -11.860702 -0.041902624 -1.2186517 0.8797801 0.0013529849 -0.4753031 -0.008486113
seq2/frame00207.png -11.046435 -0.05058359 -0.987504 0.90453255 -0.009856994 -0.42613533 -0.011504996
seq2/frame00208.png -10.232157 -0.012032213 -0.8086275 0.9039868 0.007004717 -0.4271802 -0.016607704
seq2/frame00209.png -9.435528 -0.021645764 -0.47387365 0.9222964 -0.0011669344 -0.3860284 -0.018707013
seq2/frame00210.png -8.614677 -0.003933796 -0.14623499 0.92468673 -0.0038512156 -0.3800738 -0.021988815
seq2/frame00211.png -7.849903 -0.015386776 0.24487911 0.9349478 -0.0023103065 -0.35406876 -0.022419263
seq2/frame00212.png -7.049076 -0.01019282 0.6051457 0.9416893 0.0032521833 -0.3360137 -0.017479185
seq2/frame00213.png -6.204416 -0.00021959626 1.1130253 0.95304966 0.001747761 -0.30144963 -0.028659932
seq2/frame00214.png -5.4606824 0.022616215 1.3511649 0.9591383 -0.0023223197 -0.28176063 -0.025676863
seq2/frame00215.png -4.622563 -0.02833 1.9055113 0.9749531 -0.0029094776 -0.21913533 -0.0379168
seq2/frame00216.png -3.8360717 0.07689408 2.1692238 0.96811205 -0.009445553 -0.24616794 -0.04551003
seq2/frame00217.png -3.0895133 0.04973892 2.8312657 0.9775166 0.0024657669 -0.20619027 -0.04405432
seq2/frame00218.png -2.0584378 0.13740681 3.2059395 0.97888464 0.0041285763 -0.19883066 -0.04726789
seq2/frame00219.png -1.5144459 0.1659592 3.9081578 0.97169435 -0.001295006 -0.23388448 -0.0332637
seq2/frame00220.png -0.8396964 0.23690878 4.3552756 0.9899955 -0.0025215968 -0.13925548 -0.022593886
seq2/frame00221.png -0.13642137 0.18792395 4.9701304 0.99620664 -0.0010154691 -0.0758702 -0.042603076
seq2/frame00222.png 0.60879445 0.21452348 5.430053 0.9968431 -0.001142664 -0.046557818 -0.06430301
seq2/frame00223.png 1.285045 0.24499436 5.8909087 0.9964051 0.0046301372 -0.05026699 -0.06803432
seq2/frame00224.png 1.9443611 0.21406731 6.3460045 0.9977053 -0.018040909 0.0013930221 -0.06524338
seq2/frame00225.png 2.5951204 0.2975707 6.63025 0.99754894 0.020868732 0.041537613 -0.052300185
seq2/frame00226.png 3.228979 0.35816157 7.1431255 0.9964922 0.0125671895 0.038751397 -0.07310046
seq2/frame00227.png 3.9486465 0.38571247 7.468162 0.9947216 -0.006507408 0.06553338 -0.07868833
seq2/frame00228.png 4.4255896 0.39807042 7.9502563 0.98876405 -0.0054579917 0.14897393 -0.011072494
seq2/frame00229.png 4.658822 0.4289562 8.442438 0.9887918 -0.04496498 0.1420592 -0.009381235
seq2/frame00230.png 5.126357 0.45232314 8.97287 0.9866869 -0.021441182 0.16068888 0.012973028
seq2/frame00231.png 5.64571 0.48846978 9.320053 0.98953766 0.0071123107 0.14394271 0.0067205043
