seq1/frame00001.png 22.214003 0.16828375 1.1398803 0.8717799 -0.06727337 0.48110563 -0.0626869
seq1/frame00002.png 12.808042 -0.035386186 -2.0016966 0.8642173 0.0088451505 0.5025085 -0.023869663
seq1/frame00003.png 18.260511 0.0104682725 -0.81667566 0.84770375 -0.048751645 0.5229972 -0.074033484
seq1/frame00004.png 13.11169 0.0073911697 -1.6298617 0.86840516 0.0030957132 0.49572897 -0.015322626
seq1/frame00005.png 19.739834 0.009504408 -1.4383044 0.81661564 -0.028293619 0.564239 -0.11816388
seq1/frame00006.png 12.567894 0.022176145 -0.46517873 0.85894644 0.017691255 0.5070157 -0.07021358
seq1/frame00007.png 20.040472 0.05071582 1.7971321 0.8552213 -0.027794074 0.5074161 -0.102053426
seq1/frame00008.png 15.562202 0.103567995 0.43816364 0.8568527 0.012003688 0.51391035 -0.039255314
seq1/frame00009.png 11.167335 0.13714887 1.0056645 0.91346043 0.05005292 0.4035177 -0.013945528
seq1/frame00010.png 10.555933 0.17763808 1.5554698 0.9251011 0.033127837 0.37822017 -0.006266695
seq1/frame00011.png 10.076803 0.19797334 1.9987293 0.91538155 0.011615172 0.40244663 -0.0016636439
seq1/frame00012.png 9.535683 0.24408856 2.4366753 0.94481546 0.015414852 0.3269579 0.012520276
seq1/frame00013.png 9.083149 0.25754887 2.7993884 0.9562131 0.0070910836 0.29267642 0.0061313594
seq1/frame00014.png 9.635479 0.32094133 3.377034 0.9654228 0.0011136142 0.2579968 -0.03774359
seq1/frame00015.png 7.7396474 0.27733365 3.8175282 0.9794307 0.0064985985 0.2006889 -0.01833832
seq1/frame00016.png 6.9897494 0.27124017 4.548191 0.9903905 0.02402241 0.13617972 -0.010794069
seq1/frame00017.png 6.449812 0.33457378 4.6199055 0.9932454 0.026596317 0.112501755 -0.009697826
seq1/frame00018.png 4.857925 0.28392854 5.4775524 0.9959658 0.05434415 0.06994665 -0.014590114
seq1/frame00019.png 4.8472257 0.31820613 6.288824 0.9964766 0.04862623 0.06811743 0.00020850153
seq1/frame00020.png 4.7836103 0.29623148 5.997571 0.9950016 0.054035872 0.08298865 -0.01368943
seq1/frame00021.png 4.199028 0.32557136 6.5121727 0.9977612 0.033266563 0.058211293 -0.0039807386
seq1/frame00022.png 2.9741976 0.27021328 2.185426 0.99271554 0.10402036 0.013120472 -0.059797198
seq1/frame00023.png 2.4872148 0.2923832 6.528944 0.9982927 0.05852502 0.007984718 -0.008612924
seq1/frame00024.png 1.8429037 0.29577172 6.9707403 0.9983133 0.051479697 0.018513128 -0.016001064
seq1/frame00025.png 1.1705668 0.35366523 7.6364193 0.9981071 0.048143703 -0.026420724 -0.02875135
seq1/frame00026.png 0.34997478 0.28457853 7.3518324 0.9983483 0.039747644 -0.030412925 -0.026266448
seq1/frame00027.png 2.3201253 0.15397227 5.310328 0.9988441 0.018754296 -0.042179756 0.010377978
seq1/frame00028.png -3.104576 0.02508228 8.404541 0.9842924 -0.018515449 -0.17598799 -0.005922985
seq1/frame00029.png -5.589132 0.08711816 6.978381 0.9686499 -0.044216387 -0.24403693 0.0098067345
seq1/frame00030.png -3.2777932 0.03333272 6.8042316 0.9811962 -0.01502347 -0.19211306 -0.011993624
seq1/frame00031.png 2.168537 0.21917737 12.503806 0.9961055 -0.07805183 0.02406525 0.034459982
seq1/frame00032.png -0.66854966 0.08513066 6.474245 0.9986425 -0.009853208 0.05188276 0.0004018039
seq1/frame00033.png 2.8730688 0.16380687 5.743022 0.9861605 -0.0072523006 0.16030574 0.04143234
seq1/frame00034.png 2.725931 0.19630063 5.515896 0.9842795 0.003948772 0.171782 0.041254777
seq1/frame00035.png -2.445777 0.13911489 5.306438 0.9984196 -0.010349729 0.055537816 0.0014701213
seq1/frame00036.png 1.742837 0.1763623 6.0276756 0.9854122 -0.0130555555 0.16620982 0.03443791
seq3/frame00001.png 4.6941404 0.42268103 11.175038 0.9873455 -0.013009236 0.1575117 -0.0139952665
seq3/frame00002.png 4.918286 0.42002353 11.072037 0.9863958 -0.013391494 0.16297527 -0.016348543
seq3/frame00003.png 7.8514166 0.44678664 9.801435 0.97749764 -0.0155313155 0.2101777 -0.008638354
seq3/frame00004.png 8.107067 0.42527097 9.53164 0.97186214 -0.014768754 0.23470908 -0.0076794606
seq3/frame00005.png 8.071779 0.41120425 8.912546 0.9737913 -0.011967493 0.22714677 0.008249147
seq3/frame00006.png 8.6145525 0.40026468 8.09972 0.9642116 -0.007246664 0.26452154 0.013252679
seq3/frame00007.png 8.782126 0.35611367 7.32982 0.9642287 -0.020205325 0.2643421 0.00373982
seq3/frame00008.png 9.064005 0.33093074 6.4980083 0.9604164 0.0052936156 0.278535 0.001242156
seq3/frame00009.png 12.355226 0.36065626 6.6249967 0.93681484 -0.010521217 0.34957922 -0.012623627
seq3/frame00010.png 8.664592 0.26998118 5.181581 0.9480873 -0.0042536696 0.31806585 0.0005755594
seq3/frame00011.png 8.467292 0.21820797 4.4790363 0.9489055 0.016746787 0.31513277 0.002342526
seq3/frame00012.png 7.9414644 0.19844657 3.9660769 0.9478725 -0.012002991 0.3171703 -0.029140845
seq3/frame00013.png 7.3735204 0.1693462 3.4904401 0.9440961 -0.020833602 0.32813153 -0.025801461
seq3/frame00014.png 6.958233 0.17170192 3.0207934 0.9358234 -0.010432952 0.35149723 -0.025672736
seq3/frame00015.png 6.878662 0.1327448 2.518614 0.9031054 -0.011922261 0.4286692 -0.02319505
seq3/frame00016.png 6.9677167 0.11440053 1.6451864 0.88998145 0.006280966 0.4553863 -0.021653231
seq3/frame00017.png 12.090011 0.13677569 4.1457276 0.86669594 -0.029951062 0.49748743 -0.017552737
seq3/frame00018.png 5.3132424 0.1540349 0.7941886 0.9034147 0.012293464 0.42790145 0.025231747
seq3/frame00019.png 8.745722 0.08646288 0.21179678 0.89487976 0.0044268933 0.44626114 -0.0001358977
seq3/frame00020.png 9.349969 0.0519643 -0.1819527 0.8972043 -0.0033471042 0.44148025 -0.0015886594
seq3/frame00021.png 9.94444 0.064951696 0.13125181 0.8666653 -0.0061757443 0.49860528 -0.008508377
seq3/frame00022.png 10.555331 0.043524012 -0.97155845 0.8806073 -0.007378516 0.4739152 0.0054642395
seq3/frame00023.png 15.162122 0.0016528657 -0.92390025 0.86088926 -0.012797789 0.5084244 -0.0135201905
seq3/frame00024.png 11.868641 0.02598481 -1.398398 0.85453254 0.023203991 0.51856863 -0.018934973
seq3/frame00025.png 11.318239 0.022130186 -1.1331992 0.87168884 0.012344859 0.48760352 -0.04543404
seq3/frame00026.png 10.915359 0.03384796 -0.6503922 0.8689553 -0.010182046 0.4922843 -0.05009601
seq3/frame00027.png 10.44425 0.03694153 -0.22819729 0.89515406 0.0015900049 0.44167575 -0.061658632
seq3/frame00028.png 9.726447 0.05154497 0.16310222 0.9146903 -0.017762568 0.40246952 -0.034011584
seq3/frame00029.png 9.113359 0.053482812 0.67877644 0.9187105 -0.0021143365 0.3949932 -0.0042862366
seq3/frame00030.png 8.54182 0.082292095 1.2011166 0.93649143 -0.011225958 0.34974554 -0.026125817
seq3/frame00031.png 7.7393007 0.09312373 1.5609636 0.95812744 0.014608498 0.28546673 -0.0125289345
seq3/frame00032.png 7.096568 0.094264396 2.0024683 0.9694058 0.019498277 0.24444033 -0.00312798
seq3/frame00033.png 6.3707 0.11391909 2.2959578 0.9844112 0.032680467 0.17298813 0.0023710197
seq3/frame00034.png 5.6971865 0.12225183 2.7083383 0.9906402 0.037284296 0.13032861 0.013440956
seq3/frame00035.png 5.1399775 0.15363671 3.0189204 0.9887365 0.034964193 0.14479825 0.012668047
seq3/frame00036.png 4.2879977 0.1534113 3.4372756 0.9966989 0.03260138 0.07172949 0.016208148
seq3/frame00037.png 3.5241413 0.12629724 3.6339788 0.9995666 0.024672965 0.009146765 0.0016726385
seq3/frame00038.png 2.739509 0.13031688 3.8150537 0.9982252 0.0426536 -0.040251967 0.011754028
seq3/frame00039.png 1.8720591 0.08479511 4.030112 0.9946656 0.026957562 -0.100228876 0.0018727843
seq3/frame00040.png 0.63238674 0.004740342 4.8984118 0.99511504 -0.010197908 -0.097342096 0.014067535
seq3/frame00041.png 0.2642166 0.0797626 4.295008 0.9954188 0.025799375 -0.08230763 0.042160515
seq3/frame00042.png -0.49125502 0.028701568 4.168728 0.99298656 0.039157 -0.1040667 0.04201768
seq3/frame00043.png -1.3239974 0.020269386 4.0345955 0.98826915 0.02053586 -0.14211567 0.051483
seq3/frame00044.png -1.9170724 0.04645726 3.8637173 0.9866652 0.038249698 -0.14589217 0.062024903
seq3/frame00045.png -2.8136647 0.041600477 3.3939955 0.9752789 0.022982353 -0.21298733 0.053964846
seq3/frame00046.png -3.3243 0.016241167 3.1803968 0.9769987 0.04468797 -0.19715817 0.06806944
seq3/frame00047.png -4.177779 -0.020812925 2.8844216 0.96798795 0.024734234 -0.24019532 0.068649665
seq3/frame00048.png -4.839035 -0.00964224 2.4578023 0.9691923 0.027074862 -0.23337433 0.073606
seq3/frame00049.png -5.5999045 -0.0012524375 2.100553 0.95808727 0.018185599 -0.2736259 0.08356729
seq3/frame00050.png -5.9633565 -0.052405328 1.5968858 0.9573615 0.019891068 -0.27699384 0.080198385
seq3/frame00051.png -6.451835 -0.017420828 1.2327131 0.9421386 0.015605029 -0.32440493 0.08282937
seq3/frame00052.png -6.974029 -0.05545559 0.58569413 0.941186 0.012644155 -0.32930866 0.07449235
seq3/frame00053.png -7.519147 -0.036747158 0.18340053 0.94187236 0.03681057 -0.3247372 0.078190565
seq3/frame00054.png -8.011893 -0.037716836 -0.14833923 0.9580752 0.049851652 -0.2762255 0.057506386
seq3/frame00055.png -8.483766 -0.008662761 -0.08881591 0.9491901 0.049964406 -0.30664167 0.05105607
seq3/frame00056.png -9.046394 -0.07731285 0.056604683 0.91435975 0.019243086 -0.3976176 0.0742961
seq3/frame00057.png -9.40078 -0.078028254 0.36046538 0.90668726 0.010320588 -0.41281125 0.086672544
seq3/frame00058.png -3.1711252 -0.21776696 -2.6078699 0.9828528 -0.047091875 -0.1779371 -0.0087436205
seq3/frame00059.png -10.753532 -0.077507794 0.23544872 0.8771683 0.0032924993 -0.47490156 0.07058135
seq3/frame00060.png -11.578679 -0.09695114 0.16884571 0.8717972 -0.0065357005 -0.48237535 0.08527921
seq3/frame00061.png -12.207199 -0.10713 -0.15056376 0.87826246 -0.0045972196 -0.47416255 0.061626095
seq3/frame00062.png -10.896155 -0.053075418 -0.6457195 0.88222957 0.008555888 -0.46541622 0.07059299
seq3/frame00063.png -13.483436 -0.12237264 -0.67528915 0.87683153 -0.010535701 -0.4754597 0.06923552
seq3/frame00064.png -14.371058 -0.13005783 -0.9784472 0.8685872 0.009328722 -0.4906382 0.069394276
seq3/frame00065.png -14.794571 -0.09718932 -1.3351243 0.8545954 -0.00025793829 -0.516296 0.05615367
seq3/frame00066.png -15.206642 -0.09057987 -1.7460424 0.82395196 0.011888094 -0.56565446 0.03141793
seq3/frame00067.png -11.991193 -0.027539022 2.7835057 0.9079225 -0.016835654 -0.41876373 -0.0010880745
