seq13/frame00001.png 28.460667 -15.686061 -1.5968791 -0.43436298 0.3289287 -0.50382507 0.6701526
seq13/frame00002.png 28.908485 -16.00296 -1.6174366 -0.4369247 0.32790345 -0.50565934 0.66775316
seq13/frame00003.png 29.033773 -16.011517 -1.6047093 -0.44152322 0.33733076 -0.50799644 0.65817577
seq13/frame00004.png 29.628107 -15.507166 -1.6160214 -0.44472384 0.33211556 -0.4686968 0.687372
seq13/frame00005.png 29.24825 -16.007673 -1.6300857 -0.44201815 0.32146642 -0.4919873 0.6774283
seq13/frame00006.png 28.883095 -15.958063 -1.6232185 -0.41882935 0.31905392 -0.48729712 0.6967376
seq13/frame00007.png 27.1795 -16.09188 -1.6355238 -0.40969735 0.28148583 -0.50011885 0.70928675
seq13/frame00008.png 27.454954 -16.500298 -1.6902803 -0.3989083 0.2721932 -0.5020895 0.71737707
seq13/frame00009.png 26.462809 -16.842524 -1.7240579 -0.41723076 0.27592915 -0.4829342 0.71863276
seq13/frame00010.png 25.625711 -17.859148 -1.847848 -0.4120853 0.21634586 -0.3906855 0.79420877
seq13/frame00011.png 25.715797 -16.932928 -1.7887397 -0.44219744 0.17613222 -0.3801952 0.7928352
seq13/frame00012.png 26.636196 -20.30356 -2.0819998 -0.4149204 0.14886971 -0.33731797 0.8317884
seq13/frame00013.png 27.265429 -19.046923 -2.0046506 -0.41726434 0.14373794 -0.34523022 0.82833934
seq13/frame00014.png 24.237238 -20.475988 -2.0075045 -0.35310528 0.1207708 -0.38770476 0.8428903
seq13/frame00015.png 24.629396 -21.31315 -2.0500076 -0.36027837 0.15274659 -0.4007791 0.8283943
seq13/frame00016.png 25.349695 -19.90771 -1.9208069 -0.38756207 0.1962366 -0.42708912 0.79289997
seq13/frame00017.png 22.87816 -20.60035 -1.8779304 -0.3030337 0.22153859 -0.5345932 0.7570812
seq13/frame00018.png 22.612104 -20.837238 -1.8461677 -0.2752467 0.24355476 -0.6010949 0.70965254
seq13/frame00019.png 25.271753 -17.609121 -1.6646769 -0.20722537 0.18854173 -0.6451155 0.7108445
seq13/frame00020.png 24.33879 -17.605722 -1.6557927 -0.13528141 0.14377923 -0.6580515 0.72675383
seq13/frame00021.png 18.277645 -17.8886 -1.5368745 -0.10296403 0.11792632 -0.638546 0.7533434
seq13/frame00022.png 24.53993 -17.98261 -1.667421 -0.13745539 0.12473784 -0.6287396 0.7552783
seq13/frame00023.png 18.250406 -22.848042 -2.0200696 -0.22692522 0.15573563 -0.5743692 0.7708568
seq13/frame00024.png 19.438398 -22.58412 -2.0160866 -0.3773526 0.2545555 -0.5121462 0.7283672
seq13/frame00025.png 17.249147 -23.340778 -2.0819392 -0.3501083 0.21985988 -0.48992753 0.7675334
seq13/frame00026.png 17.72579 -23.665646 -2.0149577 -0.3333022 0.26319677 -0.5419887 0.7251906
seq13/frame00027.png 20.37765 -21.459604 -1.9003097 -0.40303263 0.3080275 -0.54345095 0.6688573
seq13/frame00028.png 16.352266 -20.031673 -1.6909692 -0.34994182 0.30669862 -0.5824702 0.6662923
seq13/frame00029.png 13.370594 -15.103422 -1.3061895 -0.22561683 0.25642967 -0.6017243 0.7219503
seq13/frame00030.png 10.16554 -14.201877 -1.1103523 -0.16422729 0.19121295 -0.6478096 0.718919
seq13/frame00031.png 16.158522 -22.950764 -1.8347895 -0.24449158 0.28764072 -0.61518914 0.6921234
seq13/frame00032.png 20.258947 -17.330666 -1.5932614 -0.22856054 0.19536106 -0.5828819 0.7547814
seq13/frame00033.png 13.590143 -19.185242 -1.5318658 -0.31365064 0.35878617 -0.6086734 0.6343003
seq13/frame00034.png 20.453676 -21.113354 -1.7890755 -0.38178882 0.38273787 -0.5659429 0.62241167
seq13/frame00035.png 11.160981 -23.201317 -1.8144267 -0.23904237 0.20076907 -0.61709595 0.72220445
seq13/frame00036.png 11.35133 -26.07324 -2.027898 -0.19635785 0.17466767 -0.6578368 0.70578724
seq13/frame00037.png 4.862807 -27.227264 -2.019229 -0.09306542 0.12173571 -0.6029217 0.78282464
seq13/frame00038.png 1.8764464 -23.497555 -1.6427133 -0.18392481 0.18867156 -0.6661561 0.6977497
seq13/frame00039.png 2.2445133 -26.880075 -1.9131258 -0.18541448 0.1805181 -0.6630873 0.7024497
seq13/frame00040.png 0.42700952 -27.498096 -1.886085 -0.1479086 0.1424977 -0.67454004 0.709044
seq13/frame00041.png 1.9818547 -31.289396 -2.2472136 -0.05096469 0.09633385 -0.63929 0.76139504
seq13/frame00042.png 4.1055365 -32.27997 -2.3338804 -0.053420402 0.11587488 -0.6738154 0.72780216
seq13/frame00043.png 2.0858765 -31.828009 -2.2800643 -0.04310429 0.08295484 -0.6618949 0.7438119
seq13/frame00044.png 3.994202 -32.268692 -2.3094578 -0.058123942 0.12799586 -0.67876375 0.72076523
seq13/frame00045.png 1.4553449 -31.039633 -2.1238596 0.18725413 -0.1779618 0.72733045 -0.6358311
seq13/frame00046.png 0.39280903 -31.799328 -2.2182317 0.11115962 -0.15185432 0.7036553 -0.68504447
seq13/frame00047.png 5.5586667 -31.99089 -2.308443 0.14725365 -0.15560453 0.7105376 -0.6700891
seq13/frame00048.png 4.6565228 -31.863388 -2.3004868 -0.12700166 0.12594166 -0.68330693 0.7080076
seq13/frame00049.png -2.3812962 -29.257786 -2.0121214 -0.08083761 0.12760024 -0.68056476 0.7169717
seq13/frame00050.png -6.68613 -18.657019 -1.2412764 -0.26528683 0.22963113 -0.62354195 0.69862634
seq13/frame00051.png -5.636104 -27.643446 -1.9079013 -0.082242385 0.10529665 -0.64735615 0.7502798
seq13/frame00052.png -3.5087247 -30.576082 -2.1818676 -0.03391737 0.07624063 -0.6417246 0.76227915
seq13/frame00053.png -11.04854 -24.620676 -1.5843155 -0.027535958 0.056196924 -0.6832711 0.7273784
seq13/frame00054.png -3.6442275 -31.49346 -2.168363 0.009750933 0.05846966 -0.67615175 0.7344713
seq13/frame00055.png 1.5802394 -32.16088 -2.3662815 -0.07135106 0.08682553 -0.64668286 0.7542626
seq13/frame00056.png 2.7984662 -33.78149 -2.4626775 0.059531473 -0.0136430515 -0.6775838 0.7329941
seq13/frame00057.png 0.03653136 -30.492115 -2.2422717 0.19509946 -0.11858352 -0.61890787 0.7515288
seq13/frame00058.png 1.0331728 -30.326323 -2.2095306 0.22227648 -0.1132301 -0.61699474 0.746466
seq13/frame00059.png -0.81963927 -31.29307 -2.3249426 0.22948314 -0.12772594 -0.55867803 0.78682053
seq13/frame00060.png 0.14665036 -30.822021 -2.3408005 0.23753485 -0.08169124 -0.4700184 0.8462122
seq13/frame00061.png -1.2036253 -30.366165 -2.2800686 0.3002345 -0.08980483 -0.44700328 0.8378388
seq13/frame00062.png -0.11550333 -29.020144 -2.210009 0.2996164 -0.11520019 -0.48988783 0.81056446
seq13/frame00063.png -2.3715978 -29.054304 -2.163714 0.34493357 -0.12869993 -0.49252403 0.7885115
seq13/frame00064.png -4.3056717 -29.998394 -2.1282513 0.29888448 -0.17787538 -0.60760605 0.7140338
seq13/frame00065.png -3.6497562 -30.667603 -2.1699078 0.25517213 -0.15910864 -0.6382705 0.7087389
seq13/frame00066.png -4.745779 -31.650646 -2.2141788 0.20580362 -0.09811733 -0.65866727 0.71729296
seq13/frame00067.png -5.011773 -29.430437 -2.0748906 -0.015943116 0.017585352 -0.6695851 0.7423604
seq13/frame00068.png -7.1702466 -29.31842 -2.0416567 -0.0055811806 0.0460418 -0.671766 0.7392897
seq13/frame00069.png -5.882141 -29.776905 -2.0974991 -0.01878516 0.05204788 -0.66968906 0.7405842
seq13/frame00070.png -7.653135 -28.86746 -2.0297878 0.026907166 0.006783366 -0.6546101 0.7554039
seq13/frame00071.png -6.6566987 -28.760218 -2.0038311 0.0072039613 0.03217833 -0.67143357 0.7403036
seq13/frame00072.png -5.5871153 -27.971634 -1.9502641 -0.058893688 0.065450944 -0.65907526 0.7468734
seq13/frame00073.png -6.0265145 -29.120531 -2.0299873 0.18731965 -0.07366282 -0.62107563 0.7575467
seq13/frame00074.png -7.369066 -27.015055 -1.8731257 0.33030397 -0.14853467 -0.5152281 0.7767648
seq13/frame00075.png -8.093394 -26.911804 -1.8570156 0.3323285 -0.18127927 -0.5387111 0.75257677
seq13/frame00076.png -3.4981487 -23.282536 -1.692397 0.446615 -0.20100874 -0.47654998 0.73009306
seq13/frame00077.png -8.327264 -23.711493 -1.6586573 0.5202887 -0.23634821 -0.42805037 0.7001692
seq13/frame00078.png -5.37501 -25.263376 -1.8402554 0.33287898 -0.15462185 -0.48703483 0.79252404
seq13/frame00079.png -8.445875 -25.712112 -1.7690914 0.36502206 -0.20627183 -0.5261653 0.7399352
seq13/frame00080.png -7.357161 -24.380434 -1.6981834 0.3618803 -0.21397145 -0.52468973 0.7402712
seq13/frame00081.png -7.009348 -25.049557 -1.735787 0.33333176 -0.2034579 -0.566305 0.7257529
seq13/frame00082.png -9.982097 -24.383263 -1.6389364 0.30822387 -0.19695573 -0.569673 0.7359968
seq13/frame00083.png -10.356972 -24.394215 -1.6674813 0.27317923 -0.18069544 -0.5857262 0.7413494
seq13/frame00084.png -13.857463 -22.892624 -1.5338905 0.20736136 -0.14240406 -0.6086671 0.7525112
seq13/frame00085.png -14.922277 -21.071465 -1.458852 0.0738371 -0.03271545 -0.6129555 0.7858679
seq13/frame00086.png -13.366771 -22.90733 -1.5847859 -0.020571359 0.042509772 -0.64821476 0.7599496
seq13/frame00087.png -12.5364485 -24.139597 -1.6708617 -0.002172329 0.0584967 -0.6464957 0.7606056
seq13/frame00088.png -13.089974 -24.223 -1.6718704 0.06558589 -0.0022058394 -0.64382213 0.7624329
seq13/frame00089.png -14.253211 -22.338995 -1.5312932 -0.018595248 0.025168343 -0.66031396 0.75035167
seq13/frame00090.png -15.63235 -20.178175 -1.3213023 0.22493373 -0.16314855 -0.6066739 0.744719
seq13/frame00091.png -15.594197 -20.731497 -1.3459011 0.39562106 -0.26091155 -0.5525706 0.68566674
seq13/frame00092.png -14.032522 -20.738647 -1.347725 0.4113784 -0.25016743 -0.54821795 0.68387026
seq13/frame00093.png -14.287799 -19.988684 -1.3059162 0.40827018 -0.24741702 -0.5403231 0.69291586
seq13/frame00094.png -13.880014 -19.91192 -1.3008753 0.42443034 -0.25169814 -0.5404354 0.6815297
seq13/frame00095.png -17.31883 -17.874691 -1.1355231 0.49856478 -0.28881922 -0.47792834 0.6630633
seq13/frame00096.png -18.785847 -15.745488 -0.9966523 0.5370423 -0.28022942 -0.39928824 0.6882318
seq13/frame00097.png -17.284197 -14.901384 -0.95736384 0.57242334 -0.28649813 -0.3746715 0.6709141
seq13/frame00098.png -15.8122015 -14.985167 -1.0059183 0.57989484 -0.27436957 -0.35938135 0.677618
seq13/frame00099.png -15.9230995 -15.67229 -1.0513617 0.5883102 -0.28768265 -0.3738295 0.65666443
seq13/frame00100.png -17.689838 -15.106296 -0.98997056 0.55019534 -0.28850472 -0.39533263 0.67656785
seq13/frame00101.png -19.815195 -15.830999 -1.0079072 0.32994464 -0.20912263 -0.52772784 0.7543176
seq13/frame00102.png -23.324303 -14.922988 -0.86432207 0.21156403 -0.16193826 -0.60114104 0.7534623
seq13/frame00103.png -25.877848 -11.564645 -0.5582467 0.3042715 -0.21419969 -0.572194 0.730802
seq13/frame00104.png -25.265694 -12.476386 -0.6401904 0.2612797 -0.18264365 -0.5895253 0.7420611
seq13/frame00105.png -24.283232 -13.069445 -0.68957645 0.24879505 -0.17158455 -0.5993012 0.7413531
seq13/frame00106.png -22.634945 -13.5520525 -0.75170785 0.3132767 -0.21781035 -0.58653796 0.7145356
seq13/frame00107.png -21.580595 -14.848066 -0.8089837 0.41207597 -0.2779084 -0.5788245 0.6465488
seq13/frame00108.png -18.474503 -14.225777 -0.7739954 0.51891077 -0.36153188 -0.54500633 0.55043876
seq13/frame00109.png -20.465424 -11.296006 -0.53804517 0.5425973 -0.34320194 -0.5075359 0.5745709
seq13/frame00110.png -23.346497 -11.540835 -0.5617704 0.5487971 -0.3569977 -0.4863133 0.57868224
seq13/frame00111.png -23.410038 -11.656084 -0.57565075 0.50847226 -0.32956266 -0.4971969 0.6209623
seq13/frame00112.png -24.32246 -11.260671 -0.51945084 0.4910618 -0.33285883 -0.51839465 0.6156859
seq13/frame00113.png -25.44309 -10.768406 -0.45898798 0.48375076 -0.3257181 -0.51798284 0.62576586
seq13/frame00114.png -24.736029 -11.345425 -0.4965573 0.4520532 -0.28415996 -0.5393436 0.65132755
seq13/frame00115.png -23.35878 -12.390788 -0.5941987 0.5072781 -0.3416694 -0.5201277 0.59605396
seq13/frame00116.png -23.171494 -13.517444 -0.72398734 0.49600616 -0.28076696 -0.4988406 0.6529596
seq13/frame00117.png -22.637115 -12.770559 -0.6905528 0.5191538 -0.29823333 -0.47468516 0.64506346
seq13/frame00118.png -23.295912 -12.640941 -0.7003829 0.5359594 -0.2836279 -0.44847125 0.6566791
seq13/frame00119.png -24.125505 -12.42088 -0.6811513 0.5318904 -0.29856786 -0.45842743 0.64629334
seq13/frame00120.png -24.24377 -12.420086 -0.6799731 0.5340427 -0.3016417 -0.44893003 0.64989394
seq13/frame00121.png -21.96206 -14.21643 -0.87571675 0.51693225 -0.28375396 -0.44260713 0.675714
seq13/frame00122.png -24.12399 -10.442086 -0.47512993 0.50555116 -0.29127488 -0.4631526 0.6670363
seq13/frame00123.png -25.407934 -10.629079 -0.4831871 0.5072055 -0.3075526 -0.45711404 0.6627768
seq13/frame00124.png -25.210888 -10.441715 -0.45921144 0.51348317 -0.29900867 -0.44578338 0.66955507
seq13/frame00125.png -24.378897 -12.795821 -0.7175588 0.55971974 -0.31195557 -0.42944023 0.6362242
seq13/frame00126.png -23.784582 -10.171932 -0.5405966 0.59758186 -0.29896745 -0.3810722 0.6390828
seq13/frame00127.png -26.61272 -9.350984 -0.37815854 0.5911023 -0.32763946 -0.4132251 0.6103981
seq13/frame00128.png -28.474838 -5.8678226 -0.06905689 0.5954507 -0.3336318 -0.4343044 0.5878678
seq13/frame00129.png -34.257153 -3.7724574 0.09042217 0.57734674 -0.32475564 -0.42337623 0.61805475
seq13/frame00130.png -34.884377 -3.6594324 0.11595384 0.55795854 -0.32082614 -0.42677522 0.635326
seq13/frame00131.png -35.569984 -2.9429126 0.19216831 0.54749686 -0.3122383 -0.4344528 0.64331394
seq13/frame00132.png -36.344543 -2.9789267 0.20053652 0.5362051 -0.33499035 -0.43851587 0.6385864
seq13/frame00133.png -33.61428 -3.3665986 0.14702527 0.576026 -0.35600954 -0.42471024 0.60084146
seq13/frame00134.png -34.980064 -2.0965302 0.2638562 0.58178526 -0.338162 -0.42085683 0.60814536
seq13/frame00135.png -38.507412 -0.9195652 0.4332712 0.5385521 -0.35632747 -0.44014886 0.6238913
seq13/frame00136.png -38.7443 1.6434308 0.66075134 0.5708578 -0.4134269 -0.4214917 0.5706538
seq13/frame00137.png -39.295334 1.9577255 0.69778925 0.55168194 -0.39631087 -0.44110098 0.586655
seq13/frame00138.png -38.773037 0.5913648 0.5933323 0.564412 -0.38848928 -0.44679725 0.5750527
seq13/frame00139.png -40.14098 3.7454453 0.8398115 0.6012036 -0.43212727 -0.4000322 0.54037625
seq13/frame00140.png -41.618847 5.7829347 1.0382057 0.6157457 -0.4535479 -0.3815391 0.51897
seq13/frame00141.png -40.977154 6.4287887 1.081137 0.6017636 -0.43561983 -0.3927575 0.5421892
seq13/frame00142.png -40.336895 5.1733336 0.9838372 0.6025587 -0.42910063 -0.4043009 0.53802997
seq13/frame00143.png -40.37133 7.015039 1.1326586 0.61533517 -0.44354692 -0.39776647 0.51628476
seq13/frame00144.png -41.79127 8.349966 1.2753522 0.59350145 -0.44854003 -0.41563505 0.52327526
seq13/frame00145.png -41.599083 7.7973413 1.2342861 0.568615 -0.4212621 -0.43638432 0.5555787
seq13/frame00146.png -39.70987 8.122649 1.2337656 0.54038113 -0.3430079 -0.42200738 0.6420054
seq13/frame00147.png -41.704124 8.6024275 1.3412466 0.5298977 -0.3866312 -0.47984532 0.58266497
seq13/frame00148.png -39.793213 8.39664 1.2696714 0.539143 -0.3419869 -0.4323597 0.63670105
seq13/frame00149.png -42.031006 9.477677 1.3905627 0.55175745 -0.33613858 -0.443012 0.62169707
seq13/frame00150.png -42.10414 10.494272 1.5014051 0.4742172 -0.35075554 -0.5311089 0.6083614
seq13/frame00151.png -43.634098 9.15964 1.4295348 0.45251468 -0.37973148 -0.5422972 0.5973373
seq13/frame00152.png -41.459152 12.664325 1.6437546 0.55448514 -0.41141424 -0.49144664 0.5309431
seq13/frame00153.png -40.314384 12.072821 1.6139774 0.5347046 -0.4060186 -0.50483876 0.54265106
seq13/frame00154.png -37.71841 13.57446 1.6782464 0.5322328 -0.41660592 -0.50667787 0.53517765
seq13/frame00155.png -38.909893 12.712847 1.6133406 0.5772229 -0.41213506 -0.4557162 0.5376668
seq13/frame00156.png -37.311165 13.967443 1.7007625 0.5702332 -0.41528004 -0.43214995 0.5617254
seq13/frame00157.png -33.191807 13.421355 1.5408593 0.6258314 -0.4136756 -0.34355918 0.5649667
seq13/frame00158.png -36.83768 14.986429 1.7555614 0.58169466 -0.39187875 -0.44242874 0.5589646
seq13/frame00159.png -36.42039 15.748849 1.8064795 0.5984041 -0.3943748 -0.4218723 0.5554829
seq13/frame00160.png -36.572914 16.539948 1.8844273 0.59224075 -0.38171855 -0.43206474 0.56306785
seq13/frame00161.png -36.259335 17.110176 1.9259977 0.60483396 -0.39161986 -0.4170527 0.55420804
seq13/frame00162.png -35.557896 17.518309 1.9416732 0.6158755 -0.40464598 -0.4118027 0.5358338
seq13/frame00163.png -35.426895 17.968485 1.9886029 0.6147943 -0.40218142 -0.42270696 0.53091353
seq13/frame00164.png -35.104374 18.615124 2.0307767 0.6412383 -0.42841962 -0.3933926 0.50041306
seq13/frame00165.png -34.752876 19.357004 2.0463953 0.68543345 -0.45201978 -0.34763172 0.45271662
seq13/frame00166.png -33.676224 19.311552 2.0147989 0.6848544 -0.44751382 -0.34126246 0.46289158
seq13/frame00167.png -33.197693 19.743185 2.0299895 0.69967246 -0.43511716 -0.3273398 0.46241778
seq13/frame00168.png -32.540375 19.927134 2.0337055 0.7190211 -0.44447812 -0.30597252 0.4380287
seq13/frame00169.png -32.724792 21.316309 2.1454055 0.74997187 -0.44657448 -0.27847597 0.4008504
seq13/frame00170.png -32.660583 21.008633 2.0968626 0.741863 -0.4424966 -0.26286352 0.4299514
seq13/frame00171.png -32.30007 21.568832 2.169747 0.70543885 -0.4691675 -0.28997648 0.4452331
seq13/frame00172.png -32.519844 22.151865 2.1990361 0.7273753 -0.47165492 -0.27098647 0.41833097
seq13/frame00173.png -32.02316 22.560509 2.2008896 0.757429 -0.4500569 -0.25459376 0.39873686
seq13/frame00174.png -32.280243 23.127811 2.2349403 0.7736568 -0.44334888 -0.24524847 0.38053635
seq13/frame00175.png -31.14248 23.912704 2.3182511 0.7631806 -0.4576322 -0.2532572 0.3794042
seq13/frame00176.png -31.42791 23.912548 2.2909186 0.7892304 -0.45445144 -0.22681268 0.34507707
seq13/frame00177.png -30.808502 23.889757 2.2629244 0.7907198 -0.44412413 -0.22246827 0.3578569
seq13/frame00178.png -29.357527 24.414509 2.272203 0.81196105 -0.4483317 -0.19319034 0.31984332
seq13/frame00179.png -25.739157 21.91927 2.0211074 0.8359429 -0.47431603 -0.15035243 0.23200223
seq13/frame00180.png -26.47814 27.085201 2.4209156 0.81648415 -0.4850436 -0.15837353 0.27050212
seq13/frame00181.png -25.707928 28.212685 2.520273 0.80607766 -0.48890018 -0.17630602 0.28340563
seq13/frame00182.png -25.670916 28.15491 2.5071173 0.80641955 -0.47764704 -0.1703903 0.30412358
seq13/frame00183.png -25.6349 27.984413 2.4822483 0.82513595 -0.47138032 -0.14864239 0.27350345
seq13/frame00184.png -24.726048 28.070866 2.4706295 0.82135826 -0.49204704 -0.14437313 0.24981815
seq13/frame00185.png -23.597372 28.520702 2.5228992 0.8081777 -0.53008807 -0.14266881 0.21328722
seq13/frame00186.png -23.815006 27.448614 2.4820018 0.7698771 -0.53854495 -0.1787783 0.29165012
seq13/frame00187.png -22.576105 27.08003 2.3989065 0.77476937 -0.53067964 -0.16618264 0.30108666
seq13/frame00188.png -21.826113 26.507067 2.3087106 0.7946761 -0.5118207 -0.16414255 0.2820344
seq13/frame00189.png -20.881176 29.627504 2.50573 0.8064597 -0.52186894 -0.13825385 0.24140643
seq13/frame00190.png -20.996597 30.468687 2.5716386 0.81411964 -0.52122563 -0.129992 0.2206669
seq13/frame00191.png -18.912163 31.211763 2.616118 0.8260164 -0.5123903 -0.114911094 0.2047196
seq13/frame00192.png -18.354725 31.634293 2.619539 0.82615817 -0.5148745 -0.11936887 0.19534416
seq13/frame00193.png -18.891973 31.284529 2.5872405 0.8301072 -0.51181734 -0.12981397 0.17913797
seq13/frame00194.png -18.36405 32.443188 2.6876538 0.82075685 -0.5384649 -0.10826365 0.15741578
seq13/frame00195.png -17.42568 32.25233 2.6779778 0.81678873 -0.5524935 -0.09424104 0.13710192
seq13/frame00196.png -16.586113 33.007397 2.7323337 0.8216363 -0.54171044 -0.10708739 0.14122263
seq13/frame00197.png -16.30061 33.079006 2.8146052 0.7757117 -0.6030515 -0.13197498 0.13122696
seq13/frame00198.png -17.126915 31.55846 2.7470562 0.7586279 -0.57930833 -0.17998533 0.23725338
seq13/frame00199.png -14.928495 28.7088 2.519485 0.7109437 -0.6779331 -0.118457936 0.14499106
seq13/frame00200.png -10.3157625 27.8478 2.3931334 0.7261459 -0.68741024 -0.015231945 0.011754866
seq13/frame00201.png -13.915426 34.34808 2.8580232 0.77615243 -0.6127645 -0.11644307 0.09267708
seq13/frame00202.png -8.9838 29.071718 2.4147353 0.74776495 -0.6630829 0.0142794065 -0.030495912
seq13/frame00203.png -12.593493 34.282463 2.8326309 0.7929929 -0.6004775 -0.08431593 0.060007367
seq13/frame00204.png -12.428796 33.849236 2.7023067 0.81779677 -0.5726996 -0.044095702 0.036026698
seq13/frame00205.png -14.809335 29.320593 2.444944 0.7904023 -0.56747425 -0.15091333 0.17482823
seq13/frame00206.png -10.88983 34.34499 2.7134576 0.8181416 -0.57493037 -0.0035714342 -0.010396046
seq13/frame00207.png -14.22109 34.20387 2.7695973 0.83856577 -0.5177261 -0.11568266 0.12384371
seq13/frame00208.png -14.772262 33.416233 2.7257798 0.84209824 -0.5223349 -0.08913545 0.10136548
seq13/frame00209.png -10.98225 28.472141 2.3408465 0.8004913 -0.57097495 -0.105168976 0.14905468
seq13/frame00210.png -14.490302 35.00742 2.821916 0.85757303 -0.509533 -0.05333266 0.04684036
seq13/frame00211.png -11.815398 35.72975 2.803826 0.8591316 -0.510954 -0.014371378 -0.02402531
seq13/frame00212.png -11.331235 29.44354 2.451559 0.7941944 -0.60391384 -0.048358254 0.047466364
seq13/frame00213.png -13.126903 33.40914 2.6745636 0.8678124 -0.4952249 -0.039457586 0.0040334985
seq13/frame00214.png -13.497815 27.66393 2.3733962 0.79197913 -0.6025692 -0.06665783 0.0717018
seq13/frame00215.png -15.236016 25.137197 2.1953704 0.79676795 -0.6016818 -0.025180502 0.050163995
seq13/frame00216.png -13.879813 26.745455 2.2495627 0.8229085 -0.5677403 0.017634066 0.0047561396
seq13/frame00217.png -9.509849 30.505728 2.4706132 0.8252838 -0.56439894 -0.01333662 0.0037490074
seq13/frame00218.png -6.4764466 30.013 2.4792113 0.774451 -0.631617 0.027768934 -0.019782504
seq13/frame00219.png -6.0760055 28.466343 2.354714 0.7793008 -0.6237363 -0.026366666 0.05310028
seq13/frame00220.png -10.813982 26.612123 2.2421844 0.76995194 -0.6363092 0.043122686 -0.020462954
seq13/frame00221.png -2.7089667 28.13009 2.1817155 0.8118297 -0.57470787 -0.07127173 0.07503034
seq13/frame00222.png -3.2583718 29.758955 2.3181887 0.81803024 -0.56194454 -0.07996905 0.093172364
seq13/frame00223.png -1.0704912 28.672935 2.173219 0.8194723 -0.57005805 -0.042043578 0.04177154
seq13/frame00224.png -0.94382614 28.810524 2.1981754 0.81276596 -0.5812372 -0.029437175 0.02990889
seq13/frame00225.png -4.5870156 28.465942 2.2361515 0.81303024 -0.57953095 -0.031312462 0.04596674
seq13/frame00226.png -3.0091324 27.079544 2.1101735 0.790408 -0.6012044 0.0821456 -0.08369515
seq13/frame00227.png -0.3827997 28.104595 2.1477308 0.8025885 -0.5947131 -0.034679417 0.028929219
seq13/frame00228.png -0.82223487 25.926952 1.9862676 0.8178912 -0.57530797 -0.0063027 -0.0031483164
seq13/frame00229.png 3.0539322 26.966312 1.9597852 0.8336745 -0.552272 -0.005418735 -0.004586821
seq13/frame00230.png 2.4070942 27.001467 1.9680915 0.836112 -0.5467983 -0.029659562 0.030706245
seq13/frame00231.png 4.552971 25.945023 1.8341557 0.83511645 -0.5486545 -0.031464227 0.025732607
seq13/frame00232.png 4.5227075 26.743155 1.8874068 0.8330314 -0.55297506 0.013722181 -0.007835935
seq13/frame00233.png 5.2463765 26.265718 1.843696 0.8339122 -0.55086803 0.023075955 -0.02508492
seq13/frame00234.png 5.544709 25.804758 1.80447 0.8342967 -0.5508871 0.0176284 -0.007999248
seq13/frame00235.png 6.088176 25.8887 1.804227 0.8372172 -0.54608804 0.024035798 -0.014294595
seq13/frame00236.png 6.3880816 25.55332 1.7694287 0.83564335 -0.54797304 0.031660434 -0.020783022
seq13/frame00237.png 7.2443438 24.310434 1.6477494 0.8402053 -0.53814477 0.050737504 -0.041768648
seq13/frame00238.png 8.764603 24.143215 1.578271 0.8521992 -0.5156835 0.04493789 -0.07501697
seq13/frame00239.png 9.497309 22.482027 1.4101179 0.8843642 -0.46399942 0.014645373 -0.047437437
seq13/frame00240.png 10.764654 22.53416 1.4108317 0.8696922 -0.4895175 0.027418453 -0.058507808
seq13/frame00241.png 11.283558 21.18323 1.2683964 0.8882076 -0.45316836 0.032872166 -0.0686271
seq13/frame00242.png 10.9094715 22.488377 1.4036721 0.8493831 -0.5268047 0.026332054 -0.017912421
seq13/frame00243.png 10.048303 21.77738 1.4057825 0.82789755 -0.5596276 0.029991232 -0.021109462
seq13/frame00244.png 11.285696 19.151808 1.1749704 0.83922493 -0.5429436 0.010226475 -0.026418066
seq13/frame00245.png 10.404984 19.261524 1.267294 0.79816276 -0.601956 -0.017789263 0.016352924
seq13/frame00246.png 16.63122 13.557582 0.75024295 0.8116585 -0.5839933 0.010495529 -0.0036402862
seq13/frame00247.png 9.753371 15.326694 0.98435676 0.78302765 -0.6115363 0.08885016 -0.0711846
seq13/frame00248.png 9.81442 17.483564 1.1885749 0.7978801 -0.59831613 -0.018759292 0.07177916
seq13/frame00249.png 11.916448 17.25971 1.1209424 0.78694665 -0.61178714 0.052031714 -0.059983835
seq13/frame00250.png 11.451125 15.7870865 1.0317225 0.7051731 -0.60332286 0.23971145 -0.28512466
seq13/frame00251.png 6.3915014 19.686462 1.388083 0.7607711 -0.5955328 0.1691588 -0.19515389
seq13/frame00252.png 16.641478 13.547723 0.7228673 0.60668415 -0.5027203 0.40850788 -0.46061757
seq13/frame00253.png 16.200665 12.351271 0.6251292 0.65849143 -0.50620395 0.36035234 -0.42442676
seq13/frame00254.png 15.507573 13.83479 0.7250287 0.61733836 -0.45320785 0.41395426 -0.49226353
seq13/frame00255.png 7.693966 13.389915 0.95004094 0.6336884 -0.5885897 0.36679778 -0.34250763
seq13/frame00256.png 13.913003 13.981211 0.8302056 0.6749376 -0.5332494 0.3403252 -0.37983066
seq13/frame00257.png 7.5017633 18.23738 1.1799289 0.76471514 -0.4805542 0.27326676 -0.33077928
seq13/frame00258.png 11.995318 17.97935 1.0761511 0.70579565 -0.4651929 0.33933213 -0.41259682
seq13/frame00259.png 10.330791 18.400524 1.18127 0.7716504 -0.5692851 0.17493339 -0.22311066
seq13/frame00260.png 15.662117 15.437675 0.858623 0.7219977 -0.51219654 0.30259597 -0.35326356
seq13/frame00261.png 18.073956 12.119633 0.50325835 0.8328681 -0.47357196 0.1522286 -0.2427973
seq13/frame00262.png 20.537668 10.453487 0.3567511 0.8131913 -0.4861939 0.17735124 -0.2661692
seq13/frame00263.png 20.176285 10.392221 0.41916794 0.7713105 -0.54973966 0.19074428 -0.25835726
seq13/frame00264.png 20.253819 9.839304 0.35011125 0.78160805 -0.5349783 0.18325637 -0.26340398
seq13/frame00265.png 20.587345 9.834917 0.38974008 0.76098424 -0.55894715 0.19583482 -0.26469135
seq13/frame00266.png 20.789106 9.884385 0.38456285 0.75540805 -0.56314397 0.20397358 -0.26558712
seq13/frame00267.png 16.335836 11.2871685 0.66950244 0.67022413 -0.6064195 0.29382855 -0.31107494
seq13/frame00268.png 19.618792 10.577521 0.465509 0.7625279 -0.5757476 0.17765921 -0.23586488
seq13/frame00269.png 19.594477 10.949424 0.5258214 0.7472612 -0.6058614 0.17256075 -0.2110923
seq13/frame00270.png 22.181332 10.555751 0.45670056 0.72357386 -0.6003424 0.22292432 -0.25745425
seq13/frame00271.png 21.325119 10.104657 0.40858933 0.76489115 -0.5764132 0.18653542 -0.21886835
seq13/frame00272.png 23.789198 9.646611 0.30049968 0.7551191 -0.54419845 0.23694438 -0.27812913
seq13/frame00273.png 25.212288 8.7806015 0.14398806 0.75893265 -0.50265855 0.2547004 -0.32631648
seq13/frame00274.png 26.195597 6.8987403 0.011237344 0.7579942 -0.48924467 0.26415938 -0.34116417
seq13/frame00275.png 25.23294 8.163655 0.11202567 0.77923775 -0.50028056 0.2385447 -0.29258025
seq13/frame00276.png 27.110477 6.8732758 0.0028100554 0.74763477 -0.5025616 0.2808754 -0.3310376
seq13/frame00277.png 27.302406 6.655809 -0.046550985 0.7615046 -0.5127291 0.23999141 -0.3156975
seq13/frame00278.png 26.71628 6.096253 -0.026725782 0.73779273 -0.5411118 0.2577481 -0.3099295
seq13/frame00279.png 29.186197 6.5140047 -0.056569237 0.7156267 -0.5207611 0.2964264 -0.35899568
seq13/frame00280.png 30.426804 6.393694 -0.034958836 0.6912772 -0.54532546 0.31146234 -0.3574715
seq13/frame00281.png 29.751562 6.2196393 -0.06286176 0.70366055 -0.5263797 0.31189603 -0.36121708
seq13/frame00282.png 31.661472 4.8393607 -0.16626695 0.6726642 -0.5242563 0.34837914 -0.3889903
seq13/frame00283.png 32.2015 4.2914085 -0.2495065 0.66926515 -0.49176753 0.36805043 -0.41809216
seq13/frame00284.png 33.066605 3.626807 -0.28418657 0.6579057 -0.51417136 0.36993754 -0.4072966
seq13/frame00285.png 33.182026 3.5056171 -0.2860519 0.65200454 -0.5555202 0.34462717 -0.38395336
seq13/frame00286.png 32.688576 3.6907597 -0.2770691 0.65979064 -0.5367675 0.3444794 -0.39717117
seq13/frame00287.png 32.23681 2.2802749 -0.4078023 0.6743009 -0.4896652 0.35003677 -0.4278104
seq13/frame00288.png 33.295036 0.88642776 -0.49142623 0.65241337 -0.49821573 0.3581267 -0.44482353
seq13/frame00289.png 34.299095 0.19942679 -0.5029461 0.6076257 -0.5164858 0.40204957 -0.44994855
seq13/frame00290.png 33.73456 -0.5561233 -0.5523488 0.62429637 -0.51594645 0.3816833 -0.44542935
seq13/frame00291.png 33.798515 -0.75325745 -0.5447967 0.61302733 -0.53417116 0.39758047 -0.4251128
seq13/frame00292.png 33.250732 -1.2072186 -0.55951935 0.61210644 -0.53291583 0.40166205 -0.42432028
seq13/frame00293.png 33.206696 -1.5250427 -0.5807693 0.6062317 -0.5277049 0.4123745 -0.4288273
seq13/frame00294.png 32.131313 -2.5518217 -0.64694977 0.61513925 -0.51830244 0.39458925 -0.44407627
seq13/frame00295.png 32.745296 -3.3682082 -0.7070348 0.59065723 -0.516198 0.41798732 -0.45823
seq13/frame00296.png 31.471075 -2.4464536 -0.6206786 0.6056441 -0.52873325 0.3947489 -0.4445895
seq13/frame00297.png 31.322186 -3.0718853 -0.6349063 0.58948064 -0.53457665 0.41413924 -0.4418207
seq13/frame00298.png 11.184088 13.836004 0.99300987 0.62634355 -0.6225797 0.3064968 -0.35488954
seq13/frame00299.png 30.537554 -5.281751 -0.8339302 0.58734876 -0.50115407 0.4144446 -0.48165715
seq13/frame00300.png 29.638393 -6.4179535 -0.9050803 0.5503642 -0.48951393 0.45835564 -0.49769348
seq13/frame00301.png 29.863493 -6.226995 -0.9129436 0.5772444 -0.51119834 0.42302427 -0.47592455
seq13/frame00302.png 28.966103 -6.072335 -0.8606152 0.57064563 -0.49686736 0.4397535 -0.4837559
seq13/frame00303.png 28.97951 -6.3741536 -0.89938843 0.57752246 -0.4972278 0.44189253 -0.47305295
seq13/frame00304.png 28.116985 -8.450188 -1.0180715 0.5414576 -0.47972265 0.47543144 -0.500689
seq13/frame00305.png 25.919678 -8.790125 -1.0044242 0.53664875 -0.4791075 0.47837284 -0.5038003
seq13/frame00306.png 26.127895 -8.348018 -1.0005147 0.56733173 -0.48885047 0.45428544 -0.4828159
seq13/frame00307.png 21.688513 -6.1865425 -0.6902809 0.55852705 -0.51536894 0.42904642 -0.48792112
seq13/frame00308.png 25.80754 -7.79826 -1.0005089 0.6037333 -0.4430175 0.38176593 -0.5418725
seq13/frame00309.png 27.188854 -10.364838 -1.3464053 -0.53894174 0.3399142 -0.40982562 0.65247893
seq13/frame00310.png 28.49954 -8.546736 -1.1949257 -0.6003405 0.3456551 -0.3625872 0.62357223
seq13/frame00311.png 27.993238 -10.544796 -1.3612688 -0.5714766 0.29494002 -0.33732867 0.68750703
seq13/frame00312.png 28.117506 -9.6456175 -1.3450359 -0.5910248 0.26706284 -0.29604205 0.7012069
seq13/frame00313.png 27.6348 -11.276315 -1.4293305 -0.5351553 0.2688352 -0.34667572 0.721935
seq13/frame00314.png 26.278807 -11.797294 -1.485921 -0.51504683 0.21697886 -0.31597006 0.76673275
seq13/frame00315.png 27.75276 -11.621172 -1.5241164 -0.4922626 0.2190443 -0.33555117 0.7726792
seq13/frame00316.png 26.598902 -6.4822063 -1.0979173 -0.44595072 0.1923516 -0.41177574 0.7710855
seq13/frame00317.png 21.991737 -18.75167 -1.8989934 -0.18955012 0.10814355 -0.4805159 0.8494596
seq13/frame00318.png 24.343794 -14.096867 -1.5136962 -0.38024038 0.23408744 -0.5095363 0.7353987
seq13/frame00319.png 23.587858 -15.593176 -1.5529085 -0.31822264 0.21145491 -0.5535057 0.74002963
seq13/frame00320.png 22.59618 -16.260004 -1.5403305 -0.2847293 0.2001001 -0.58882606 0.72935605
seq13/frame00321.png 22.149218 -16.83261 -1.5762951 -0.23294419 0.1713294 -0.60301286 0.743449
seq13/frame00322.png 22.317566 -17.020607 -1.5805436 -0.20852691 0.1726894 -0.6134004 0.74198705
seq13/frame00323.png 21.455606 -17.748436 -1.5996971 -0.1901058 0.1697571 -0.63546604 0.72883713
seq13/frame00324.png 22.681826 -18.16861 -1.6186019 -0.20315464 0.18282388 -0.6473588 0.7116975
seq13/frame00325.png 21.446138 -18.008966 -1.6227379 -0.16566959 0.1605596 -0.6410722 0.73197985
seq13/frame00326.png 20.915579 -19.680779 -1.706743 -0.13603602 0.112308525 -0.65556353 0.73429704
seq13/frame00327.png 17.466663 -19.24826 -1.6224737 -0.08731895 0.045418054 -0.63094485 0.7695254
seq13/frame00328.png 18.325848 -20.626095 -1.7168044 -0.083747454 0.04308004 -0.64276344 0.76035625
seq13/frame00329.png 19.533173 -18.906887 -1.6299466 -0.14479506 0.10275801 -0.5994135 0.7806094
seq13/frame00330.png 18.021404 -20.127008 -1.723902 -0.061916605 0.021171184 -0.6124923 0.7877825
seq13/frame00331.png 19.711956 -19.455328 -1.7558187 -0.22320782 0.18899311 -0.5492303 0.7827512
seq13/frame00332.png 20.550909 -21.2536 -1.8907181 -0.16054216 0.14230157 -0.58399194 0.7828295
seq13/frame00333.png 20.816065 -23.536192 -2.0614576 -0.15928748 0.13122691 -0.59745324 0.77489656
seq13/frame00334.png 17.146095 -16.4438 -1.4711293 -0.21746562 0.17776206 -0.5889086 0.75788105
seq13/frame00335.png 16.55176 -17.455067 -1.5903085 -0.028367184 0.02873556 -0.5870145 0.8085829
seq13/frame00336.png 16.98232 -24.71823 -2.1020305 -0.08632154 0.063230604 -0.61369926 0.78232324
seq13/frame00337.png 16.087 -24.930176 -2.0722516 -0.10216603 0.071898036 -0.6109036 0.7818434
seq13/frame00338.png 15.097572 -25.467474 -2.1080878 -0.08158914 0.06414465 -0.5848873 0.8045163
seq13/frame00339.png 15.5022545 -26.348362 -2.175574 -0.079564825 0.068084694 -0.55749464 0.8235568
seq13/frame00340.png 14.539018 -25.852654 -2.1286438 -0.10787183 0.08305954 -0.5603635 0.8169697
seq13/frame00341.png 13.108721 -25.57417 -2.0578487 -0.047455348 0.021638444 -0.57891023 0.8137133
seq13/frame00342.png 13.16483 -23.94588 -1.9278032 -0.01574307 0.015822776 -0.57852304 0.81533474
seq13/frame00343.png 12.88613 -25.720097 -2.0871975 0.011219262 -0.029991055 -0.57568204 0.8169395
seq13/frame00344.png 12.298437 -26.085188 -2.085568 -0.013925083 0.0115379505 -0.59929234 0.8002641
seq13/frame00345.png 11.365835 -25.897375 -2.0812874 0.030606218 -0.00996903 -0.6049621 0.7955377
seq13/frame00346.png 10.79231 -25.165592 -1.9647653 0.028319865 -0.020433098 -0.615074 0.78772676
seq13/frame00347.png 10.603864 -25.651213 -1.9883687 0.03314726 0.0018725113 -0.62484163 0.77990985
seq13/frame00348.png 10.292865 -23.5881 -1.8720837 0.058242444 -0.002841063 -0.6436653 0.76316273
seq13/frame00349.png 7.8562894 -21.369043 -1.6171663 0.18967687 -0.06270364 -0.6361766 0.7453432
seq13/frame00350.png 10.663767 -21.631086 -1.7461613 -0.018025676 0.04523717 -0.6541069 0.7549001
seq3/frame00001.png 14.380894 -31.946339 -2.4992666 -0.10223205 0.06530713 -0.64215153 0.75685
seq3/frame00002.png 14.030887 -31.359518 -2.4559007 -0.11627776 0.07194844 -0.6331532 0.7618451
seq3/frame00003.png 14.348829 -30.954924 -2.4398942 -0.10654444 0.08003602 -0.6352606 0.76073873
seq3/frame00004.png 15.175426 -32.817623 -2.612257 -0.10726033 0.06692109 -0.5928273 0.79534924
seq3/frame00005.png 13.010362 -32.11374 -2.575292 -0.08351683 0.05812829 -0.53676397 0.83751935
seq3/frame00006.png 13.837348 -29.088856 -2.410322 -0.09222147 0.044465795 -0.4598278 0.8820901
seq3/frame00007.png 16.642733 -26.556055 -2.3274946 -0.18274416 0.06242854 -0.38238508 0.9035862
seq3/frame00008.png 17.647127 -25.220276 -2.270586 -0.21804246 0.07992684 -0.34479696 0.90946615
seq3/frame00009.png 14.197142 -29.711443 -2.4741626 -0.13099241 0.06704362 -0.417633 0.8966138
seq3/frame00010.png 10.25542 -29.190138 -2.311156 -0.19287544 0.1607313 -0.5612801 0.78857267
seq3/frame00011.png 10.58328 -28.829317 -2.1907315 -0.30097473 0.21360214 -0.62232155 0.6904138
seq3/frame00012.png 6.7685294 -30.993078 -2.310954 -0.16546126 0.1859505 -0.60856867 0.75342095
seq3/frame00013.png 11.457119 -30.337667 -2.2599056 0.28747278 -0.23455088 0.6716031 -0.64121765
seq3/frame00014.png 11.177514 -29.966738 -2.3041134 0.04381529 0.004508596 -0.6639287 0.7465216
seq3/frame00015.png 9.949929 -29.799232 -2.243574 0.13717182 -0.06662567 -0.67260426 0.72423166
seq3/frame00016.png 11.991635 -29.117498 -2.265782 0.065498404 -0.018300757 -0.63578504 0.7689121
seq3/frame00017.png 14.794896 -30.471594 -2.4316528 -0.038824987 0.003627406 -0.59954685 0.7994141
seq3/frame00018.png 16.18855 -31.983408 -2.56119 -0.11630354 0.054379575 -0.5978051 0.7911858
seq3/frame00019.png 16.889477 -33.04709 -2.645686 -0.17651907 0.12453261 -0.5761176 0.7883642
seq3/frame00020.png 17.384369 -27.067505 -2.3166518 -0.28766036 0.12627009 -0.4848485 0.8161764
seq3/frame00021.png 18.491154 -25.475512 -2.302813 -0.3514591 0.15572198 -0.34822303 0.8549646
seq3/frame00022.png 17.877491 -26.446863 -2.326324 -0.28929016 0.1543379 -0.4027878 0.85459787
seq3/frame00023.png 20.475426 -22.58338 -2.1268394 -0.45172176 0.20112637 -0.3317089 0.80338097
seq3/frame00024.png 17.608618 -27.35448 -2.3628435 -0.27335343 0.14764427 -0.4558222 0.8341518
seq3/frame00025.png 16.981503 -27.125406 -2.2873118 -0.2840202 0.1897723 -0.5160405 0.78566813
seq3/frame00026.png 14.612369 -27.042728 -2.1488686 -0.4121712 0.29667705 -0.5669445 0.6485999
seq3/frame00027.png 18.985527 -27.954441 -2.290504 -0.27210644 0.2072453 -0.609347 0.7151872
seq3/frame00028.png 15.105609 -29.044483 -2.3189986 -0.41455922 0.30947357 -0.57209605 0.6363636
seq3/frame00029.png 20.6027 -27.431602 -2.2856166 -0.2878825 0.19770102 -0.57380164 0.740882
seq3/frame00030.png 20.849873 -27.231611 -2.2619233 -0.28928724 0.20684923 -0.5713363 0.73956877
seq3/frame00031.png 21.89939 -26.115656 -2.1855807 -0.31724283 0.20045908 -0.5645778 0.7351307
seq3/frame00032.png 22.371225 -25.043211 -2.1410332 -0.31772485 0.2265433 -0.548884 0.7391657
seq3/frame00033.png 22.71025 -25.178787 -2.1968179 -0.33380467 0.22172084 -0.5345253 0.74406457
seq3/frame00034.png 23.558315 -24.220467 -2.1026154 -0.2826373 0.2440892 -0.59587955 0.7110402
seq3/frame00035.png 23.226501 -23.865509 -2.0806036 -0.30695096 0.22385977 -0.5751648 0.7244539
seq3/frame00036.png 23.925413 -23.766577 -2.1300788 -0.3082408 0.18295698 -0.53811175 0.76290536
seq3/frame00037.png 23.789484 -21.891983 -2.045049 -0.31677845 0.15559877 -0.46384233 0.8125911
seq3/frame00038.png 24.76949 -22.803854 -2.129789 -0.34504235 0.15008427 -0.4058054 0.83298
seq3/frame00039.png 22.698236 -16.04312 -1.6929388 -0.4636718 0.17888401 -0.31223965 0.80969447
seq3/frame00040.png 24.685886 -15.070216 -1.7199807 -0.49007925 0.16439198 -0.27242354 0.81157416
seq3/frame00041.png 24.407322 -16.689756 -1.8146056 -0.44196108 0.14946274 -0.27533647 0.84056866
seq3/frame00042.png 23.952864 -20.504683 -2.0066102 -0.39138255 0.14402945 -0.33073217 0.8466392
seq3/frame00043.png 23.515144 -21.214947 -2.0364559 -0.4177103 0.20545448 -0.379562 0.7994665
seq3/frame00044.png 23.638378 -23.27552 -2.0947003 -0.41842076 0.25824767 -0.49792656 0.7144189
seq3/frame00045.png 18.897884 -19.126673 -1.5633497 0.42659348 -0.35390082 0.59097546 -0.58622926
seq3/frame00046.png 15.72285 -20.70765 -1.6720742 -0.35225853 0.3101498 -0.6207186 0.6281057
seq3/frame00047.png 16.951195 -25.673243 -2.0555296 -0.38819596 0.30667934 -0.58475405 0.64276767
seq3/frame00048.png 25.492094 -21.917355 -1.9473295 -0.2909744 0.2512518 -0.62400186 0.68039066
seq3/frame00049.png 25.33202 -19.791716 -1.7262492 -0.2235543 0.17463398 -0.6465266 0.70795393
seq3/frame00050.png 19.11641 -21.653902 -1.8340899 -0.05254107 0.02463518 -0.66916907 0.74082696
seq3/frame00051.png 19.173738 -21.636755 -1.8567958 -0.049677063 0.023719933 -0.6413541 0.76527417
seq3/frame00052.png 18.360065 -21.151726 -1.7331778 0.015251594 0.018749379 -0.65822315 0.7523748
seq3/frame00053.png 25.074102 -22.520462 -1.9905378 -0.21780786 0.13267632 -0.633752 0.73023754
seq3/frame00054.png 28.317469 -19.702452 -1.8402694 -0.32330137 0.24855901 -0.5873817 0.6991895
seq3/frame00055.png 27.446009 -19.223188 -1.7795614 -0.33685708 0.24170974 -0.59806013 0.68596584
seq3/frame00056.png 26.033293 -19.673576 -1.8488289 -0.33369824 0.24311064 -0.5651025 0.71421987
seq3/frame00057.png 26.341171 -20.639862 -1.9108772 -0.3869243 0.24430215 -0.5325444 0.7120957
seq3/frame00058.png 25.484484 -20.029707 -1.8694035 -0.42381197 0.27501664 -0.49463108 0.7070125
seq3/frame00059.png 25.780811 -19.743835 -1.8912967 -0.44088906 0.26687232 -0.46518624 0.7197264
seq3/frame00060.png 25.188335 -18.087933 -1.8182472 -0.4701409 0.27756917 -0.40672672 0.73245543
seq3/frame00061.png 28.32963 -18.025957 -1.8417748 -0.46176323 0.27464503 -0.44853604 0.71428066
seq3/frame00062.png 27.038982 -17.308208 -1.7539892 -0.43659535 0.26054856 -0.47854784 0.7158994
seq3/frame00063.png 27.06462 -16.13501 -1.6876601 -0.41042614 0.26984015 -0.4835147 0.72448635
seq3/frame00064.png 27.000444 -15.433194 -1.6228077 -0.40178466 0.26557592 -0.49845028 0.72073025
seq3/frame00065.png 27.675997 -15.018722 -1.6039954 -0.43200916 0.28181002 -0.4907201 0.70218897
seq3/frame00066.png 28.025665 -13.496319 -1.4850271 -0.49468702 0.31684536 -0.4661067 0.66153246
seq3/frame00067.png 28.701605 -12.766514 -1.4435741 -0.49761432 0.3549147 -0.46007326 0.6441561
seq3/frame00068.png 29.540974 -11.608773 -1.4126759 -0.5463582 0.34255785 -0.38660643 0.6594064
seq3/frame00069.png 28.569077 -11.34915 -1.3688813 -0.5449035 0.3587875 -0.40997282 0.6374636
seq3/frame00070.png 29.89885 -11.505172 -1.3939557 -0.54335827 0.34169418 -0.39963824 0.6543555
seq3/frame00071.png 28.826374 -11.050055 -1.3786001 -0.5706333 0.3424013 -0.38234317 0.6409479
seq3/frame00072.png 27.817596 -8.014498 -1.1848661 0.66292375 -0.33980054 0.30320057 -0.59428227
seq3/frame00073.png 28.18192 -9.638063 -1.3001103 0.6411788 -0.33058575 0.3318957 -0.60798407
seq3/frame00074.png 29.664297 -9.1742735 -1.2443128 0.60301214 -0.3810596 0.35837236 -0.6023333
seq3/frame00075.png 29.304348 -9.498625 -1.2928537 -0.5791158 0.37262872 -0.37028635 0.62344897
seq3/frame00076.png 28.736712 -7.5746503 -1.114251 0.6382085 -0.38512552 0.3853993 -0.5439497
seq3/frame00077.png 28.514416 -7.6208463 -1.1127056 0.6160244 -0.368158 0.39137295 -0.575919
seq3/frame00078.png 30.102701 -6.455019 -0.95408237 0.6346357 -0.41930908 0.39802465 -0.5128541
seq3/frame00079.png 31.69924 -6.141157 -0.90731853 0.64205915 -0.47822064 0.39830506 -0.44772926
seq3/frame00080.png 30.290651 -1.8742335 -0.5892003 0.6407399 -0.5585242 0.37390676 -0.37117463
seq3/frame00081.png 27.623234 0.118236415 -0.39048046 0.66810447 -0.58564925 0.3173679 -0.33154777
seq3/frame00082.png 28.648382 -5.1850953 -0.8151442 0.5402034 -0.4786322 0.46058768 -0.51673496
seq3/frame00083.png 28.016937 -5.37751 -0.775482 -0.45761347 0.40593994 -0.5299702 0.5875151
seq3/frame00084.png 28.265324 -4.6827474 -0.74776626 -0.4837564 0.398653 -0.47979483 0.61394054
seq3/frame00085.png 27.813847 -4.571619 -0.82140636 -0.50805396 0.31970975 -0.45757282 0.65584904
seq3/frame00086.png 29.753662 -5.089917 -0.8785314 -0.5160201 0.32829288 -0.46300423 0.6416294
seq3/frame00087.png 30.257338 -5.134087 -0.9267398 -0.5371747 0.3439348 -0.441845 0.63076997
seq3/frame00088.png 31.009142 -5.425766 -0.99076015 0.61854774 -0.34967008 0.38530698 -0.5889153
seq3/frame00089.png 27.711166 -9.227309 -1.1437665 0.6470583 -0.39745438 0.33789396 -0.55614567
seq3/frame00090.png 29.977257 -6.7287345 -1.0376867 0.80052423 -0.42384025 0.14821586 -0.3970518
seq3/frame00091.png 28.0631 -8.53644 -1.129606 0.75179935 -0.42183182 0.2040818 -0.46389142
seq3/frame00092.png 30.527079 -6.2187405 -1.0651636 0.68809277 -0.3464937 0.30226582 -0.5613601
seq3/frame00093.png 33.58634 -6.151035 -0.9566223 0.66219074 -0.4532493 0.35687384 -0.47822312
seq3/frame00094.png 31.978535 -5.124029 -0.85301834 0.63476026 -0.5247752 0.36333558 -0.43549618
seq3/frame00095.png 31.194557 -2.5685349 -0.7022722 0.6396911 -0.5398711 0.3732819 -0.39993912
seq3/frame00096.png 29.942854 0.43821663 -0.42884386 0.6510151 -0.5606988 0.37032354 -0.35305634
seq3/frame00097.png 28.836966 -4.9233303 -0.7593541 0.59563535 -0.4958659 0.4283792 -0.46470675
seq3/frame00098.png 28.533873 -5.959369 -0.86316854 0.55055064 -0.47404093 0.45624375 -0.5137281
seq5/frame00001.png 26.250925 -12.980093 -1.2535658 0.2625517 -0.2725682 0.6662322 -0.64271086
seq5/frame00002.png 19.568914 -13.725826 -1.2434748 -0.31191048 0.26271048 -0.6349126 0.656196
seq5/frame00003.png 26.080061 -12.668012 -1.2194176 0.2747715 -0.2835601 0.66427535 -0.6349102
seq5/frame00004.png 19.557878 -12.832189 -1.1902074 -0.30617377 0.28852752 -0.6361693 0.6466025
seq5/frame00005.png 18.380978 -8.830082 -0.85176766 0.3992885 -0.38745502 0.6083889 -0.5659374
seq5/frame00006.png 21.813326 -13.102679 -1.2435545 0.3926592 -0.38544282 0.6013727 -0.5793653
seq5/frame00007.png 22.668575 -9.563809 -0.97973764 -0.23411778 0.24320494 -0.6367864 0.693069
seq5/frame00008.png 21.471697 -6.2081113 -0.67221 0.48750088 -0.4780636 0.54118633 -0.4910095
seq5/frame00009.png 24.1739 -11.668536 -1.1393927 -0.24977472 0.25064412 -0.6577124 0.6649519
seq5/frame00010.png 25.039371 -12.03352 -1.2682364 -0.3184661 0.26007918 -0.59378856 0.69162405
seq5/frame00011.png 29.682901 -12.607302 -1.3766719 -0.42248827 0.33678386 -0.55228233 0.6348325
seq5/frame00012.png 23.100185 -12.121181 -1.1540375 -0.36397138 0.32783023 -0.60213435 0.63064796
seq5/frame00013.png 24.811167 -10.340236 -1.064191 -0.34639657 0.318755 -0.5922391 0.654029
seq5/frame00014.png 28.033102 -11.337005 -1.2374362 -0.42537093 0.32998616 -0.549485 0.63897175
seq5/frame00015.png 25.894659 -8.8152685 -1.040933 -0.4176651 0.3611326 -0.512592 0.6574055
seq5/frame00016.png 26.852703 -10.723562 -1.1868399 -0.42367485 0.32786724 -0.5182741 0.6666933
seq5/frame00017.png 26.635664 -9.999631 -1.1386157 -0.4537778 0.35368285 -0.4936204 0.65213084
seq5/frame00018.png 31.925453 -13.963909 -1.567503 -0.53520674 0.38026154 -0.41718915 0.62843966
seq5/frame00019.png 25.453295 -13.52931 -1.4149141 -0.4602977 0.3641574 -0.48171988 0.650782
seq5/frame00020.png 26.757347 -8.363351 -0.9543528 0.5960233 -0.491695 0.37264696 -0.5141748
seq5/frame00021.png 23.444624 -14.154996 -1.4362637 -0.5083039 0.37705883 -0.43838304 0.6380562
seq5/frame00022.png 24.899153 -9.756229 -1.083286 0.6076408 -0.50871396 0.38028014 -0.47681567
seq5/frame00023.png 25.496653 -8.8244505 -1.0291655 0.65334076 -0.49623543 0.33796173 -0.4611422
seq5/frame00024.png 23.044529 -10.436258 -1.1629205 0.65228456 -0.40927544 0.3206629 -0.55144477
seq5/frame00025.png 28.276505 -11.236121 -1.3491874 0.65772724 -0.34566572 0.30370685 -0.59641373
seq5/frame00026.png 31.07705 -10.054327 -1.2748795 -0.5807872 0.3602374 -0.3914141 0.6161322
seq5/frame00027.png 24.036226 -10.691369 -1.1896939 0.6232296 -0.37297717 0.3547378 -0.5887561
seq5/frame00028.png 19.969334 -6.937213 -0.8163639 0.6369212 -0.4252178 0.35848323 -0.5340544
seq5/frame00029.png 22.772263 -12.462233 -1.3168466 -0.5971394 0.36139533 -0.38832194 0.6016742
seq5/frame00030.png 22.374338 -13.125676 -1.3339922 -0.5810739 0.3722292 -0.4004007 0.60290056
seq5/frame00031.png 22.204838 -15.268471 -1.4888829 -0.5387106 0.3469477 -0.43211356 0.63447535
seq5/frame00032.png 22.106915 -14.702509 -1.4552183 -0.5649921 0.35313132 -0.4202581 0.6160522
seq5/frame00033.png 21.14939 -16.11308 -1.495794 -0.5692913 0.39174014 -0.42536905 0.584371
seq5/frame00034.png 20.372993 -15.417951 -1.450677 -0.5042605 0.34785822 -0.46666864 0.6379459
seq5/frame00035.png 20.161005 -15.862725 -1.4833918 -0.5033397 0.35504502 -0.4612325 0.6386198
seq5/frame00036.png 20.127066 -17.744827 -1.6411388 -0.44262898 0.3150634 -0.5122144 0.66518146
seq5/frame00037.png 19.696041 -16.678596 -1.5752838 -0.4605473 0.33374208 -0.49922082 0.65358484
seq5/frame00038.png 20.542227 -17.400023 -1.6111728 -0.44319248 0.33424637 -0.5161332 0.6522423
seq5/frame00039.png 23.382915 -10.500595 -1.155778 -0.4548819 0.33647507 -0.51461434 0.6441312
seq5/frame00040.png 21.732492 -13.296855 -1.3394953 -0.37494028 0.23419546 -0.54417264 0.713079
seq5/frame00041.png 21.508656 -9.7493305 -1.0273284 -0.4015526 0.36745465 -0.5390135 0.64293253
seq5/frame00042.png 20.709806 -8.142698 -0.8384725 0.47813705 -0.50358766 0.5120708 -0.50544596
seq5/frame00043.png 23.970125 -6.7810893 -0.7891487 -0.5116477 0.49680543 -0.47832683 0.51252824
seq5/frame00044.png 18.021387 -16.814732 -1.4886987 -0.5259157 0.40874735 -0.47085914 0.5783103
seq5/frame00045.png 17.874668 -19.163069 -1.6574937 -0.40880203 0.35006574 -0.5649386 0.62538755
seq5/frame00046.png 11.87823 -21.219152 -1.7710629 -0.29243836 0.26372495 -0.6032607 0.6935462
seq5/frame00047.png 10.967546 -18.828093 -1.5376065 -0.22172081 0.23898478 -0.64296824 0.69305557
seq5/frame00048.png 13.518238 -20.722574 -1.6574706 -0.27520654 0.24994387 -0.6193761 0.6914553
seq5/frame00049.png 19.730309 -24.776848 -2.0609212 -0.2568248 0.22886918 -0.60232824 0.72020674
seq5/frame00050.png 17.723864 -24.884768 -2.0494342 -0.2600765 0.20941797 -0.60648465 0.72160274
seq5/frame00051.png 15.802937 -26.954638 -2.1994553 -0.28853193 0.20065957 -0.6151379 0.70579314
seq5/frame00052.png 18.462753 -27.047117 -2.205842 -0.22424234 0.19627964 -0.6220519 0.7240737
seq5/frame00053.png 18.013378 -28.257437 -2.2930431 -0.1798902 0.1664507 -0.6287991 0.73786175
seq5/frame00054.png 17.179459 -27.992207 -2.2624385 -0.12647787 0.1391996 -0.6329967 0.75097114
seq5/frame00055.png 15.679294 -27.323198 -2.2813137 -0.11142172 0.082532674 -0.57685524 0.8049941
seq5/frame00056.png 16.27854 -27.028593 -2.2108886 -0.079167984 0.06369797 -0.6115105 0.7846703
seq5/frame00057.png 14.836462 -27.625616 -2.2338302 -0.047140878 0.045992073 -0.6216818 0.78050476
seq5/frame00058.png 15.851409 -27.973991 -2.2116365 -0.049962588 0.071255915 -0.621951 0.7780994
seq5/frame00059.png 16.70224 -28.61774 -2.3637056 -0.14601144 0.12023406 -0.57516986 0.79582393
seq5/frame00060.png 16.048162 -27.93658 -2.276567 -0.04770035 0.042647813 -0.5971179 0.799558
seq5/frame00061.png 17.402826 -27.515545 -2.2838867 -0.09916984 0.062468786 -0.57833254 0.8073758
seq5/frame00062.png 17.520775 -28.15345 -2.306745 -0.11608958 0.058498297 -0.562163 0.8167856
seq5/frame00063.png 17.616566 -27.677303 -2.3036242 -0.09584598 0.04985368 -0.55175835 0.82701635
seq5/frame00064.png 18.953007 -26.816593 -2.2559779 -0.1588356 0.09643016 -0.5403916 0.82068
seq5/frame00065.png 19.03896 -26.345049 -2.2268286 -0.17621745 0.10925743 -0.5379785 0.81704444
seq5/frame00066.png 19.431494 -25.089046 -2.1610134 -0.16895519 0.09120187 -0.5161067 0.83468544
seq5/frame00067.png 19.20495 -23.704899 -2.073619 -0.12639737 0.084403105 -0.5272792 0.83598286
seq5/frame00068.png 20.072464 -24.390526 -2.096106 -0.18126376 0.11334589 -0.5543502 0.8043394
seq5/frame00069.png 21.104486 -24.662176 -2.1255827 -0.17383741 0.12448351 -0.5760062 0.7889561
seq5/frame00070.png 24.198442 -23.45921 -2.0437074 -0.24346972 0.17577812 -0.5920182 0.74774015
seq5/frame00071.png 25.05725 -19.421577 -1.7777554 -0.3000892 0.24946573 -0.58982474 0.7070908
seq5/frame00072.png 28.551832 -17.078281 -1.6682098 -0.20868376 0.18883279 -0.63744104 0.71715033
seq5/frame00073.png 27.408823 -17.471087 -1.7106787 -0.22109078 0.18152554 -0.6220006 0.7287967
seq5/frame00074.png 23.833336 -18.561365 -1.7047507 -0.31935948 0.28945392 -0.5983904 0.67537814
seq5/frame00075.png 24.312334 -21.185305 -1.8868421 -0.27753526 0.2582427 -0.6246563 0.6827674
seq5/frame00076.png 23.93407 -20.744896 -1.8659725 -0.30773142 0.28384683 -0.61050624 0.67229885
seq5/frame00077.png 24.073948 -19.93932 -1.8273674 -0.32981777 0.28164497 -0.6092809 0.6637366
seq5/frame00078.png 23.524136 -19.548449 -1.7878559 -0.32848966 0.26920643 -0.6101078 0.66893464
seq5/frame00079.png 23.16965 -19.52889 -1.7992301 -0.33927545 0.27409962 -0.60869974 0.6626768
seq5/frame00080.png 19.569832 -20.213045 -1.6995964 0.21556386 -0.23150297 0.68031746 -0.6609995
seq5/frame00081.png 17.567919 -16.471045 -1.4936043 -0.27563804 0.20536488 -0.5843099 0.73512787
seq5/frame00082.png 19.171593 -20.257141 -1.7546556 -0.21056226 0.21041302 -0.6470184 0.7019488
