seq13/frame00001.png 28.832245 -15.886193 -1.5808182 -0.4016241 0.30976224 -0.5404105 0.6714434
seq13/frame00002.png 28.522675 -15.898524 -1.5731149 -0.4024642 0.31168863 -0.53991115 0.6703787
seq13/frame00003.png 28.674776 -16.105185 -1.5921057 -0.41079226 0.3122182 -0.5317376 0.67154175
seq13/frame00004.png 29.522888 -15.557964 -1.6123917 -0.42734668 0.29447553 -0.5020209 0.6918613
seq13/frame00005.png 28.928812 -16.288834 -1.6352658 -0.41210112 0.3015733 -0.5137423 0.6895936
seq13/frame00006.png 29.323174 -16.54493 -1.6737685 -0.3953571 0.2844218 -0.515263 0.70520383
seq13/frame00007.png 28.94948 -16.686357 -1.7107118 -0.3738414 0.25637734 -0.519622 0.72418934
seq13/frame00008.png 27.574873 -17.387955 -1.7333938 -0.36983824 0.24670719 -0.5243912 0.7261857
seq13/frame00009.png 27.672125 -18.051632 -1.7937206 -0.37959126 0.26255065 -0.50192446 0.73153836
seq13/frame00010.png 25.740324 -18.791325 -1.9010731 -0.3568455 0.19377169 -0.43921402 0.80144954
seq13/frame00011.png 23.83567 -16.974188 -1.7239941 -0.33302984 0.1611849 -0.42463937 0.8263172
seq13/frame00012.png 23.768702 -20.595903 -1.9911748 -0.3329185 0.15562923 -0.40556064 0.8370144
seq13/frame00013.png 24.739244 -19.607641 -1.941848 -0.34488988 0.15099396 -0.3937962 0.8385678
seq13/frame00014.png 23.245955 -21.556963 -2.021488 -0.2998712 0.13805176 -0.4091298 0.85061574
seq13/frame00015.png 23.22162 -21.378365 -2.024318 -0.3232645 0.15311758 -0.41586226 0.83615893
seq13/frame00016.png 23.645115 -20.312916 -1.9207981 -0.33499584 0.19825606 -0.46636483 0.7942642
seq13/frame00017.png 25.527672 -22.99301 -2.050702 -0.30051976 0.21925783 -0.5611178 0.73958147
seq13/frame00018.png 23.7697 -20.63886 -1.8336184 -0.2702534 0.24669272 -0.61742073 0.6962412
seq13/frame00019.png 23.774223 -19.213428 -1.7321892 -0.25196785 0.24875972 -0.64365995 0.6783496
seq13/frame00020.png 25.078981 -18.402939 -1.6987691 -0.24744332 0.24900146 -0.6544714 0.66975516
seq13/frame00021.png 22.035969 -17.908104 -1.5681256 -0.19304521 0.20556284 -0.6666377 0.69003844
seq13/frame00022.png 24.484974 -18.926298 -1.7508004 -0.19510072 0.18197966 -0.6332953 0.7265756
seq13/frame00023.png 20.32523 -24.689571 -2.1011677 -0.18908308 0.16822699 -0.6182847 0.7441705
seq13/frame00024.png 18.805275 -23.308315 -2.0022852 -0.3058907 0.24392374 -0.5671573 0.72481334
seq13/frame00025.png 16.49837 -21.86669 -1.8568082 -0.31369552 0.25058767 -0.56402886 0.72149974
seq13/frame00026.png 16.040606 -24.14298 -1.9724351 -0.27238563 0.23991919 -0.5958769 0.7164868
seq13/frame00027.png 20.05733 -22.16969 -1.8786877 -0.30662906 0.26853892 -0.6148786 0.67507803
seq13/frame00028.png 19.71443 -22.031645 -1.8695724 -0.2725201 0.26177254 -0.6350496 0.67372125
seq13/frame00029.png 18.46836 -20.745033 -1.768499 -0.21339875 0.22079232 -0.64666504 0.69818145
seq13/frame00030.png 17.108105 -19.730328 -1.6599745 -0.22232623 0.24057902 -0.66259426 0.67352283
seq13/frame00031.png 19.087368 -21.572718 -1.8209532 -0.23598874 0.24457657 -0.634415 0.69419146
seq13/frame00032.png 19.327702 -21.104666 -1.7830278 -0.23739353 0.2435026 -0.63832635 0.6905883
seq13/frame00033.png 18.586372 -20.85057 -1.7884076 -0.24797416 0.2419051 -0.6283204 0.6967183
seq13/frame00034.png 19.263336 -21.37163 -1.827569 -0.24724537 0.2435066 -0.6438233 0.68183357
seq13/frame00035.png 16.647581 -18.621805 -1.5669317 -0.31872973 0.27776945 -0.58274496 0.6941305
seq13/frame00036.png 14.316506 -23.4534 -1.8847274 -0.21689416 0.22463073 -0.6425421 0.6997944
seq13/frame00037.png 5.59086 -26.213856 -1.9090855 -0.0610224 0.09864112 -0.6526489 0.74873525
seq13/frame00038.png 6.1073318 -26.839901 -1.956975 -0.097555794 0.1395705 -0.66825175 0.72412294
seq13/frame00039.png 2.0263157 -30.075813 -2.1242228 -0.0637617 0.11873519 -0.66648024 0.7333323
seq13/frame00040.png 3.088935 -30.13474 -2.1373563 -0.09831178 0.1267275 -0.668766 0.72601634
seq13/frame00041.png 2.9914634 -32.088715 -2.2862618 -0.0876103 0.12388832 -0.6593566 0.7363445
seq13/frame00042.png 4.9584775 -33.03848 -2.3674452 -0.07978483 0.12422412 -0.6694989 0.72796726
seq13/frame00043.png 3.5590456 -32.333836 -2.302283 -0.08880458 0.123081215 -0.6768538 0.720279
seq13/frame00044.png 5.0433116 -33.510906 -2.3999124 -0.061950848 0.116164945 -0.6826144 0.71872824
seq13/frame00045.png 3.3024228 -33.763092 -2.4282446 -0.07108663 0.11545637 -0.6729959 0.727139
seq13/frame00046.png 3.3673708 -34.645245 -2.5085354 -0.084203236 0.12520716 -0.6704544 0.72649264
seq13/frame00047.png 6.138705 -33.274616 -2.4203596 0.07969781 -0.12325557 0.7049247 -0.69392234
seq13/frame00048.png 3.7249465 -33.93037 -2.4474802 -0.07697946 0.11515026 -0.687346 0.712993
seq13/frame00049.png -0.0335225 -32.10654 -2.235426 0.0979731 -0.13970199 0.69789964 -0.6955165
seq13/frame00050.png 3.6157825 -25.903065 -1.8775933 -0.13524154 0.17661421 -0.6819021 0.69665927
seq13/frame00051.png -2.5265663 -28.098967 -1.9526242 -0.1011861 0.14263445 -0.68389446 0.70819074
seq13/frame00052.png -3.8087027 -29.49038 -2.0416145 -0.06411577 0.11571715 -0.67938006 0.72173387
seq13/frame00053.png -3.1105456 -31.842524 -2.1956017 0.04713943 -0.096117236 0.70380974 -0.7023248
seq13/frame00054.png -2.9451256 -33.50874 -2.2915974 0.043606207 -0.08927281 0.7091241 -0.69803715
seq13/frame00055.png 0.50641876 -36.10184 -2.5923202 -0.01035159 0.051021967 -0.68896365 0.7229106
seq13/frame00056.png 1.6773587 -34.782433 -2.506421 0.04357202 -0.0004265773 -0.68681866 0.7254747
seq13/frame00057.png 0.38340688 -34.591316 -2.5130644 0.12326566 -0.065732725 -0.6497926 0.74724203
seq13/frame00058.png 0.60413086 -33.01844 -2.418941 0.19604366 -0.10430695 -0.62060046 0.75204855
seq13/frame00059.png -1.6046475 -32.498924 -2.4020393 0.23585612 -0.11237835 -0.5555463 0.7894374
seq13/frame00060.png -1.3817327 -33.13327 -2.4482908 0.21929982 -0.0854401 -0.54356635 0.8058187
seq13/frame00061.png -1.0482682 -32.00527 -2.3665621 0.20994069 -0.07371696 -0.51959574 0.82498425
seq13/frame00062.png -2.4555616 -33.047222 -2.4574604 0.27886838 -0.11370528 -0.5148679 0.8026468
seq13/frame00063.png -3.5626485 -33.04388 -2.453462 0.29478657 -0.13177414 -0.51855516 0.79171395
seq13/frame00064.png -5.1809216 -31.588192 -2.2586048 0.29466015 -0.15455621 -0.58484715 0.7398272
seq13/frame00065.png -3.7540169 -33.98027 -2.3998392 0.24369648 -0.14815493 -0.63683695 0.7163462
seq13/frame00066.png -5.0940127 -33.615013 -2.37018 0.16288182 -0.09174891 -0.6565779 0.730767
seq13/frame00067.png -5.786787 -30.856533 -2.207412 0.09831344 -0.044160556 -0.656826 0.7462782
seq13/frame00068.png -7.198592 -29.974699 -2.1243298 0.086418085 -0.025642117 -0.63340986 0.76864725
seq13/frame00069.png -7.1273537 -30.466152 -2.1491687 0.064527005 -0.016236119 -0.6628649 0.7457942
seq13/frame00070.png -7.2606034 -30.365713 -2.1152403 0.060448274 -0.014747206 -0.67718166 0.7330972
seq13/frame00071.png -7.584802 -29.448921 -2.0256474 0.06925902 -0.03063462 -0.67605263 0.7329383
seq13/frame00072.png -8.319422 -28.416908 -1.9751583 0.09920932 -0.055205226 -0.6636159 0.73940647
seq13/frame00073.png -7.227355 -30.632584 -2.1634252 0.18519151 -0.10339432 -0.61432904 0.76002777
seq13/frame00074.png -6.55548 -29.561472 -2.0948384 0.24141727 -0.11211338 -0.5663404 0.77999425
seq13/frame00075.png -6.388355 -27.561226 -1.9525324 0.3104452 -0.1428304 -0.5416753 0.7679373
seq13/frame00076.png -5.913419 -24.928705 -1.7902617 0.37645125 -0.18120067 -0.50579596 0.75474584
seq13/frame00077.png -4.729721 -23.53714 -1.7322216 0.40752637 -0.19156712 -0.49196666 0.7451581
seq13/frame00078.png -4.65992 -24.534988 -1.7989551 0.37182295 -0.17301199 -0.50535053 0.7592141
seq13/frame00079.png -5.90435 -25.897945 -1.8554361 0.35503042 -0.17028628 -0.5163337 0.7604693
seq13/frame00080.png -4.732562 -25.965923 -1.8673534 0.36049056 -0.17427726 -0.51352453 0.7589266
seq13/frame00081.png -7.072556 -26.933655 -1.8951494 0.35021842 -0.17830138 -0.5396602 0.7444596
seq13/frame00082.png -10.159982 -25.7852 -1.7811453 0.3329036 -0.1827453 -0.5598049 0.73634475
seq13/frame00083.png -10.322799 -26.006 -1.8179784 0.27369466 -0.16798335 -0.57976073 0.7489096
seq13/frame00084.png -13.756741 -24.0101 -1.6269891 0.17521907 -0.120111175 -0.61900693 0.7561164
seq13/frame00085.png -13.719476 -23.2476 -1.6328045 0.12438945 -0.063761145 -0.6056851 0.7833933
seq13/frame00086.png -14.284894 -23.066805 -1.5972697 0.07846347 -0.03069878 -0.624404 0.77649444
seq13/frame00087.png -13.311196 -24.128428 -1.6712695 0.027211616 0.01568278 -0.6339648 0.77281016
seq13/frame00088.png -13.391957 -23.97803 -1.6670847 0.054917622 -0.010775372 -0.6286476 0.7757767
seq13/frame00089.png -15.206758 -21.624954 -1.4575491 0.11924525 -0.07233414 -0.62676287 0.7667073
seq13/frame00090.png -16.520863 -20.97776 -1.3802365 0.20771569 -0.15771769 -0.61601347 0.74338615
seq13/frame00091.png -16.208668 -21.954296 -1.435817 0.3553193 -0.2200646 -0.567566 0.7093823
seq13/frame00092.png -14.76424 -21.768333 -1.4310374 0.4115819 -0.23689777 -0.5469958 0.6893673
seq13/frame00093.png -14.832982 -21.672663 -1.4225594 0.39490414 -0.23976284 -0.55978227 0.68787324
seq13/frame00094.png -14.80054 -21.50294 -1.4146291 0.42355463 -0.24436839 -0.54386836 0.6819895
seq13/frame00095.png -18.044754 -19.101116 -1.2451541 0.49236956 -0.25483677 -0.4655094 0.6898968
seq13/frame00096.png -17.304573 -19.479597 -1.31295 0.4859272 -0.22164938 -0.4110784 0.73876554
seq13/frame00097.png -16.020983 -18.355673 -1.2569001 0.49526536 -0.2242176 -0.4164105 0.7286949
seq13/frame00098.png -16.287512 -18.252005 -1.2518948 0.52034885 -0.2353619 -0.4090262 0.7117459
seq13/frame00099.png -15.875308 -17.606283 -1.209865 0.5107927 -0.23812126 -0.42648038 0.7075757
seq13/frame00100.png -18.13718 -17.845474 -1.181879 0.5034821 -0.2439017 -0.43033716 0.7084962
seq13/frame00101.png -20.055174 -17.249619 -1.116707 0.34704447 -0.21256559 -0.5306767 0.7435312
seq13/frame00102.png -24.654854 -14.240578 -0.78606445 0.24836595 -0.1843797 -0.57983345 0.7537024
seq13/frame00103.png -25.745028 -12.502342 -0.61891484 0.28820774 -0.21366331 -0.581521 0.72998345
seq13/frame00104.png -25.50187 -12.6374855 -0.6365146 0.2837975 -0.21495001 -0.585131 0.7287001
seq13/frame00105.png -25.023092 -12.616981 -0.6384907 0.27840915 -0.21730441 -0.591384 0.725187
seq13/frame00106.png -23.07393 -14.124945 -0.79518527 0.27157503 -0.20940253 -0.59740674 0.72481376
seq13/frame00107.png -21.326336 -15.1367855 -0.8573405 0.36969507 -0.26660767 -0.58567196 0.6701905
seq13/frame00108.png -19.791208 -15.71355 -0.91936177 0.44331306 -0.29651886 -0.5641442 0.6302904
seq13/frame00109.png -20.052399 -14.249144 -0.78092664 0.43646625 -0.29515398 -0.57275957 0.62787515
seq13/frame00110.png -23.783249 -12.384861 -0.6489354 0.5510931 -0.32263115 -0.4716804 0.60820574
seq13/frame00111.png -23.393839 -12.47222 -0.6610549 0.50406957 -0.30453718 -0.4940379 0.63964033
seq13/frame00112.png -24.101007 -12.476572 -0.62796444 0.47970977 -0.30965373 -0.52413476 0.63194776
seq13/frame00113.png -24.545017 -11.409083 -0.5317802 0.4888038 -0.30251533 -0.5064993 0.6424794
seq13/frame00114.png -24.707157 -11.249823 -0.5015296 0.4407149 -0.28979203 -0.5375826 0.6579006
seq13/frame00115.png -24.580761 -11.771781 -0.54891104 0.45616642 -0.30220142 -0.53337437 0.6451446
seq13/frame00116.png -24.51166 -12.610378 -0.6422792 0.5180904 -0.300153 -0.47755575 0.64284104
seq13/frame00117.png -25.257154 -10.5948515 -0.48866218 0.55879205 -0.32729506 -0.45002973 0.61482394
seq13/frame00118.png -25.542894 -12.16674 -0.6337654 0.55670404 -0.3048173 -0.43017155 0.64206636
seq13/frame00119.png -25.032665 -12.459332 -0.66360116 0.55415297 -0.3112185 -0.44565976 0.63047427
seq13/frame00120.png -24.568726 -12.819537 -0.7098592 0.56187636 -0.30270946 -0.4349275 0.63497096
seq13/frame00121.png -23.820513 -13.52478 -0.7769528 0.5652142 -0.29625553 -0.43375158 0.6359725
seq13/frame00122.png -27.296915 -11.033212 -0.49651206 0.5349469 -0.30706045 -0.45258087 0.64389676
seq13/frame00123.png -27.165188 -11.12167 -0.51094306 0.51207435 -0.2947406 -0.46352017 0.6602814
seq13/frame00124.png -27.339758 -10.633276 -0.46684995 0.52055824 -0.30387658 -0.4661763 0.6474873
seq13/frame00125.png -24.896095 -12.5034275 -0.67186123 0.5850523 -0.32362908 -0.43967435 0.59958625
seq13/frame00126.png -26.43124 -10.34144 -0.49245936 0.5944676 -0.32958552 -0.42462918 0.59799606
seq13/frame00127.png -29.87616 -7.8968854 -0.25748932 0.6230877 -0.35032523 -0.4008843 0.5730151
seq13/frame00128.png -30.428917 -8.030913 -0.23585577 0.58324385 -0.3417987 -0.42512676 0.60178345
seq13/frame00129.png -32.926167 -5.568733 -0.011300104 0.5993758 -0.35462376 -0.4184363 0.58298975
seq13/frame00130.png -33.905346 -5.416105 0.024924954 0.57502306 -0.3462189 -0.42723992 0.6057684
seq13/frame00131.png -34.64138 -4.9412074 0.086102955 0.5620342 -0.34654373 -0.43600255 0.6116988
seq13/frame00132.png -35.757072 -3.8121698 0.18865447 0.5627569 -0.35418144 -0.43667218 0.6060682
seq13/frame00133.png -34.615982 -4.035163 0.12909903 0.5893429 -0.34980056 -0.41259766 0.5999831
seq13/frame00134.png -35.144207 -3.6196864 0.18337753 0.59445757 -0.35801807 -0.4225557 0.58305687
seq13/frame00135.png -38.184242 -0.6958087 0.48581263 0.5644278 -0.36859423 -0.44270176 0.5911663
seq13/frame00136.png -38.517456 0.101325065 0.54388785 0.5637329 -0.37904382 -0.443388 0.58478856
seq13/frame00137.png -39.689198 1.6239944 0.69238365 0.52596986 -0.3657211 -0.464777 0.6112176
seq13/frame00138.png -39.551685 0.9196773 0.6382888 0.5575657 -0.37332395 -0.44753885 0.5913858
seq13/frame00139.png -39.999302 1.8682244 0.70211685 0.5422633 -0.37455377 -0.4396896 0.61024135
seq13/frame00140.png -41.51778 4.01937 0.9192249 0.5860884 -0.40196407 -0.41888955 0.56523347
seq13/frame00141.png -41.871353 5.3134303 1.0408854 0.5788635 -0.40622196 -0.4201014 0.568808
seq13/frame00142.png -41.57847 4.829652 1.018566 0.5882776 -0.40985167 -0.42811114 0.5502626
seq13/frame00143.png -42.390987 6.1206155 1.128429 0.58846474 -0.4172732 -0.4224412 0.54848987
seq13/frame00144.png -42.23111 7.323686 1.2595502 0.5700507 -0.44012368 -0.4472975 0.5303277
seq13/frame00145.png -41.10688 7.5419993 1.2630142 0.57042134 -0.42278486 -0.44230828 0.5477321
seq13/frame00146.png -42.36734 7.6844344 1.3013735 0.5463329 -0.4028615 -0.4611691 0.57156044
seq13/frame00147.png -42.216007 7.8194013 1.3272449 0.5412092 -0.40981236 -0.46974528 0.56416386
seq13/frame00148.png -41.771587 7.4534297 1.290578 0.5277732 -0.38558802 -0.4763237 0.588169
seq13/frame00149.png -42.697426 7.6577287 1.3185786 0.53501815 -0.38767365 -0.47405782 0.5817848
seq13/frame00150.png -42.211514 8.193076 1.3592957 0.5229717 -0.3846461 -0.48924243 0.58247906
seq13/frame00151.png -42.394947 7.8576665 1.362578 0.48984355 -0.40163925 -0.52597237 0.56784475
seq13/frame00152.png -41.116463 9.514002 1.4601963 0.5149121 -0.4064099 -0.5072055 0.5589918
seq13/frame00153.png -40.66229 10.28485 1.5230383 0.5165601 -0.40990734 -0.5056178 0.55629027
seq13/frame00154.png -39.43883 10.664876 1.5452818 0.4995383 -0.39947763 -0.5169484 0.5688805
seq13/frame00155.png -37.843166 12.572499 1.6227463 0.5803247 -0.4131425 -0.4394287 0.5468964
seq13/frame00156.png -37.26176 13.493149 1.6884888 0.58848435 -0.40143174 -0.42400974 0.55924886
seq13/frame00157.png -35.98438 12.876345 1.6108282 0.59230256 -0.41025952 -0.41947567 0.55242985
seq13/frame00158.png -37.571907 15.371003 1.8486497 0.5726311 -0.38606632 -0.44686982 0.5687633
seq13/frame00159.png -37.15158 16.397005 1.9078629 0.58966666 -0.38839543 -0.4280449 0.5641729
seq13/frame00160.png -37.646088 17.23905 1.9936297 0.57957953 -0.37678432 -0.4336696 0.57812405
seq13/frame00161.png -37.38567 17.644114 2.0247355 0.5843499 -0.38533935 -0.43453556 0.56691
seq13/frame00162.png -37.029903 17.900335 2.040267 0.590719 -0.39588436 -0.43127933 0.5552873
seq13/frame00163.png -36.549007 18.526743 2.0811152 0.5943726 -0.39918676 -0.4307186 0.5492078
seq13/frame00164.png -36.37889 18.82811 2.097588 0.6104688 -0.4122575 -0.41829032 0.531261
seq13/frame00165.png -34.916862 18.95808 2.0460794 0.6670064 -0.43383554 -0.35656166 0.48958078
seq13/frame00166.png -34.6036 19.774239 2.1099186 0.6652588 -0.43610838 -0.35943636 0.4876287
seq13/frame00167.png -33.19035 20.381098 2.1330967 0.6802273 -0.4387235 -0.34529573 0.4749995
seq13/frame00168.png -33.62579 20.25363 2.1168277 0.70905197 -0.45032468 -0.31616065 0.44107231
seq13/frame00169.png -34.640144 21.356077 2.2124617 0.7248803 -0.44857895 -0.30441576 0.42501238
seq13/frame00170.png -34.777584 21.183027 2.1880162 0.73601454 -0.4360399 -0.2938983 0.4264051
seq13/frame00171.png -32.728756 22.503666 2.274123 0.71940356 -0.45709577 -0.30012912 0.42831028
seq13/frame00172.png -32.30911 22.34984 2.249083 0.73142046 -0.45991492 -0.28709126 0.41373137
seq13/frame00173.png -32.811905 23.052805 2.2988226 0.74661136 -0.4505625 -0.2797487 0.40152195
seq13/frame00174.png -32.62765 23.039017 2.282998 0.76357806 -0.44445008 -0.26409668 0.38681796
seq13/frame00175.png -30.598505 23.841011 2.3319774 0.7585337 -0.44456974 -0.26699436 0.39438444
seq13/frame00176.png -31.420282 23.14365 2.2863598 0.7679693 -0.46594214 -0.25286022 0.35935307
seq13/frame00177.png -31.309584 23.561316 2.3012266 0.7746958 -0.45309538 -0.24436313 0.36698228
seq13/frame00178.png -29.382587 23.816975 2.2829127 0.79324615 -0.4771805 -0.21015859 0.31433302
seq13/frame00179.png -28.449081 23.903532 2.281553 0.7900363 -0.48276758 -0.21123295 0.31320098
seq13/frame00180.png -26.286057 26.19524 2.3942716 0.8070513 -0.4960806 -0.17378357 0.26909158
seq13/frame00181.png -24.87994 27.1441 2.4563122 0.79940915 -0.496254 -0.18349491 0.28469428
seq13/frame00182.png -24.713642 27.42119 2.4653864 0.804597 -0.49370563 -0.17731729 0.27803507
seq13/frame00183.png -24.841486 27.605577 2.4733891 0.8179434 -0.49194184 -0.15754159 0.2534499
seq13/frame00184.png -24.03222 27.643541 2.46726 0.815795 -0.50504726 -0.14912444 0.23931551
seq13/frame00185.png -23.783148 28.005836 2.501937 0.80461043 -0.5258402 -0.15436083 0.22859809
seq13/frame00186.png -23.451485 28.135607 2.4925058 0.81444395 -0.5126325 -0.1469889 0.228897
seq13/frame00187.png -21.986994 28.351007 2.4901931 0.8081404 -0.52213734 -0.1484442 0.22837494
seq13/frame00188.png -22.086151 29.315187 2.5522423 0.81587446 -0.51718736 -0.14040679 0.21710862
seq13/frame00189.png -20.93608 30.015688 2.569588 0.80995864 -0.52932596 -0.13321124 0.21442024
seq13/frame00190.png -20.39453 31.220253 2.668748 0.8147365 -0.52833194 -0.12837696 0.20134147
seq13/frame00191.png -18.241335 30.34015 2.600956 0.8094833 -0.5314464 -0.1444653 0.20333415
seq13/frame00192.png -17.56099 30.389763 2.5809593 0.81327885 -0.51996636 -0.15483963 0.21002111
seq13/frame00193.png -17.74806 30.864992 2.6242185 0.8102086 -0.5197484 -0.17147952 0.20940365
seq13/frame00194.png -17.906464 32.416832 2.742024 0.8175218 -0.53036356 -0.1401851 0.1751853
seq13/frame00195.png -17.960484 32.868958 2.7685602 0.82391775 -0.5363404 -0.112796865 0.14405322
seq13/frame00196.png -16.537218 32.664997 2.7346265 0.82097626 -0.546222 -0.10242833 0.13152444
seq13/frame00197.png -15.684021 31.92157 2.7352338 0.7840673 -0.5894502 -0.13887066 0.13618419
seq13/frame00198.png -14.277572 31.566355 2.7246423 0.76372695 -0.61842704 -0.13533369 0.12578528
seq13/frame00199.png -9.335953 28.050428 2.3962603 0.75935584 -0.6461639 -0.0607059 0.04599953
seq13/frame00200.png -9.867221 29.850521 2.5176265 0.764475 -0.63855183 -0.07281036 0.05096821
seq13/frame00201.png -13.936031 32.168587 2.7589307 0.7667941 -0.62515396 -0.11522967 0.08901417
seq13/frame00202.png -12.180248 31.676622 2.7029028 0.7641767 -0.64164394 -0.058042355 0.032203294
seq13/frame00203.png -11.749574 33.64886 2.8311765 0.7825087 -0.6115962 -0.09587184 0.06585045
seq13/frame00204.png -12.641362 35.587822 2.9173157 0.8066499 -0.584583 -0.07408271 0.04833404
seq13/frame00205.png -12.268966 36.07599 2.9201229 0.8260372 -0.55576515 -0.067587234 0.06613096
seq13/frame00206.png -11.909794 36.53641 2.95627 0.8174431 -0.57379967 -0.045199826 0.023472358
seq13/frame00207.png -11.608056 37.21775 3.013838 0.8292391 -0.55266213 -0.06895163 0.046631627
seq13/frame00208.png -10.740925 35.53667 2.9252222 0.808371 -0.5841385 -0.061913118 0.04090014
seq13/frame00209.png -10.968353 34.677387 2.8161826 0.8366413 -0.54117864 -0.057374403 0.062195424
seq13/frame00210.png -12.012637 34.3155 2.7986927 0.8426758 -0.5279805 -0.077609025 0.07246906
seq13/frame00211.png -9.648063 36.5254 2.9399636 0.83381057 -0.55100936 -0.034467228 0.012523572
seq13/frame00212.png -9.658318 34.94622 2.8176045 0.83295757 -0.55237687 -0.029130794 0.0093826465
seq13/frame00213.png -10.313777 33.65849 2.7656145 0.8205375 -0.5707913 -0.031351604 0.0020251442
seq13/frame00214.png -8.960324 33.111565 2.720464 0.8084156 -0.5880806 -0.017919775 -0.015328352
seq13/frame00215.png -8.233127 33.354366 2.711356 0.8136481 -0.5808951 -0.004117695 -0.025848396
seq13/frame00216.png -7.0532417 33.037006 2.6586235 0.8092595 -0.58647627 0.008201352 -0.02957207
seq13/frame00217.png -5.649813 32.2989 2.5920227 0.7945511 -0.6064484 0.0065207374 -0.024817042
seq13/frame00218.png -4.36461 31.64418 2.537777 0.788228 -0.61506915 4.8633352e-05 -0.014906375
seq13/frame00219.png -3.7660737 30.940144 2.4825337 0.7861899 -0.6175867 -0.01930026 0.005896999
seq13/frame00220.png -3.7672865 30.991714 2.4563427 0.8003003 -0.5995733 -0.010402404 -0.0020490345
seq13/frame00221.png -3.1250265 30.936028 2.4218 0.81884664 -0.5661671 -0.06451076 0.069995016
seq13/frame00222.png -3.414246 30.493193 2.3712265 0.8342763 -0.54480004 -0.057232123 0.062190764
seq13/frame00223.png -1.3837377 29.781857 2.307308 0.82091856 -0.5576115 -0.081395805 0.09262201
seq13/frame00224.png -0.51368344 30.042719 2.3058445 0.8175497 -0.5712118 -0.049276773 0.054205995
seq13/frame00225.png 0.3555315 29.740881 2.2636862 0.8171537 -0.5758267 -0.018068453 0.013953962
seq13/frame00226.png -0.57475173 29.891531 2.3050187 0.80419 -0.59423435 -0.008910295 -0.005069344
seq13/frame00227.png 0.7670451 29.096737 2.2167118 0.8120369 -0.58344734 -0.015731407 0.0049697747
seq13/frame00228.png 3.5721788 27.51305 2.0134034 0.8281744 -0.55991334 0.0169026 -0.019253526
seq13/frame00229.png 4.355004 27.063751 1.9649857 0.83564097 -0.54826885 -0.018403351 0.02683841
seq13/frame00230.png 4.1757684 26.92786 1.959571 0.83423847 -0.5511514 -0.016741063 0.0082571525
seq13/frame00231.png 6.349589 25.918873 1.8278241 0.83408743 -0.5420285 -0.05875425 0.08377578
seq13/frame00232.png 5.6286607 26.966255 1.9136548 0.8359537 -0.5485355 0.008695175 0.009162163
seq13/frame00233.png 6.185139 26.756027 1.8617734 0.8495975 -0.5273394 0.010734998 0.0026461126
seq13/frame00234.png 6.409963 26.427124 1.8517987 0.8411667 -0.5405034 0.00018230376 0.017025463
seq13/frame00235.png 7.2267575 26.392916 1.8133435 0.8576888 -0.51363355 -0.0043322695 0.022633437
seq13/frame00236.png 7.347174 26.153315 1.8101007 0.84814304 -0.5295819 0.014956534 -0.0009633692
seq13/frame00237.png 7.0625334 25.371683 1.7534219 0.8516114 -0.52415574 0.0112233935 -0.0030577944
seq13/frame00238.png 8.739596 23.409712 1.5330725 0.8728296 -0.48450944 0.03520054 -0.047242906
seq13/frame00239.png 10.820944 21.852154 1.358595 0.88845044 -0.458488 0.005776476 -0.021073468
seq13/frame00240.png 10.930777 21.163929 1.2990028 0.89129514 -0.4528035 0.010111253 -0.022793455
seq13/frame00241.png 11.738144 20.64011 1.238634 0.8912466 -0.44942293 0.025819125 -0.052913327
seq13/frame00242.png 11.858329 20.311897 1.2271533 0.87181604 -0.48527408 0.04100688 -0.052193623
seq13/frame00243.png 10.48079 21.300207 1.3768947 0.83179086 -0.5519198 0.038555767 -0.044376656
seq13/frame00244.png 12.915058 18.716093 1.1460909 0.82318676 -0.5628789 0.047296345 -0.058341276
seq13/frame00245.png 11.7817955 18.748817 1.2271254 0.7988032 -0.60090387 0.012047993 -0.029219676
seq13/frame00246.png 13.7473135 16.706789 1.0616292 0.78890485 -0.59828025 0.08390101 -0.112789564
seq13/frame00247.png 15.8034935 15.308934 0.94392174 0.76636827 -0.62057966 0.106328905 -0.12797885
seq13/frame00248.png 14.5996895 15.677946 0.96580184 0.7759653 -0.6011922 0.11984866 -0.14874585
seq13/frame00249.png 13.177462 17.851383 1.1764821 0.7626118 -0.6255925 0.101482965 -0.12864216
seq13/frame00250.png 14.422209 14.274936 0.89010143 0.67381984 -0.6053463 0.2849978 -0.3135848
seq13/frame00251.png 9.483704 18.276548 1.263143 0.71139026 -0.58673245 0.24624594 -0.29832572
seq13/frame00252.png 15.472662 12.465082 0.67405397 0.60063994 -0.5109063 0.4094343 -0.4589643
seq13/frame00253.png 17.821913 12.998372 0.6985025 0.56533706 -0.4861362 0.44178328 -0.4989472
seq13/frame00254.png 18.294567 13.725405 0.7380761 0.5946195 -0.49576247 0.42010403 -0.4732693
seq13/frame00255.png 15.435346 15.184761 0.8587676 0.64693445 -0.4759037 0.3884968 -0.45169747
seq13/frame00256.png 16.857426 14.303412 0.77344507 0.64962405 -0.4722292 0.38081935 -0.45812485
seq13/frame00257.png 8.644881 19.348738 1.308226 0.7653127 -0.53632665 0.21850905 -0.28041866
seq13/frame00258.png 12.638047 16.700615 1.0454459 0.71067894 -0.50717 0.30583143 -0.37980747
seq13/frame00259.png 13.20453 16.906887 1.0503708 0.7369869 -0.5304781 0.26399773 -0.32511425
seq13/frame00260.png 15.089764 15.070356 0.8217098 0.7484594 -0.48573667 0.2791628 -0.3548977
seq13/frame00261.png 19.917547 12.699204 0.5541581 0.80914617 -0.50091827 0.17475778 -0.25255278
seq13/frame00262.png 21.621868 10.196389 0.2849174 0.8312052 -0.4810716 0.1566036 -0.23069666
seq13/frame00263.png 20.244514 10.461667 0.43400913 0.7704782 -0.5517551 0.18734813 -0.25839245
seq13/frame00264.png 21.468227 9.643964 0.33233902 0.7773863 -0.5341882 0.1863541 -0.27499402
seq13/frame00265.png 21.018524 9.396911 0.3601975 0.7498641 -0.55815095 0.21479179 -0.28303653
seq13/frame00266.png 20.559597 9.245971 0.36188123 0.7495042 -0.5721239 0.20521839 -0.26223832
seq13/frame00267.png 17.547665 11.329653 0.580394 0.7476507 -0.5894982 0.19026117 -0.23949137
seq13/frame00268.png 19.29071 10.19225 0.47529915 0.7384144 -0.5840617 0.2129912 -0.2611318
seq13/frame00269.png 18.989244 9.863937 0.45586365 0.73684984 -0.59908897 0.20001133 -0.24147709
seq13/frame00270.png 20.4434 8.86476 0.36975464 0.71678275 -0.5993808 0.23121096 -0.2710439
seq13/frame00271.png 21.45016 9.2283945 0.35963503 0.73375505 -0.5808355 0.21880074 -0.2765452
seq13/frame00272.png 24.960136 9.672845 0.25964016 0.753393 -0.537663 0.22950822 -0.30083305
seq13/frame00273.png 26.322931 8.327074 0.099855416 0.761762 -0.5054332 0.24543102 -0.32210243
seq13/frame00274.png 26.84224 7.1013 -0.031334117 0.7763651 -0.48347193 0.23645744 -0.3279369
seq13/frame00275.png 26.75521 7.5109367 0.011403952 0.7752707 -0.4841545 0.2366441 -0.3293791
seq13/frame00276.png 27.25282 7.2514577 -0.011353938 0.7695379 -0.49298808 0.23956583 -0.32753792
seq13/frame00277.png 29.390526 6.211379 -0.106127955 0.7724535 -0.5077022 0.2264017 -0.30698037
seq13/frame00278.png 28.857525 6.3125997 -0.037972488 0.7269115 -0.5516684 0.258433 -0.31691355
seq13/frame00279.png 31.298489 6.469298 -0.079008244 0.7078071 -0.5345515 0.2980928 -0.35272306
seq13/frame00280.png 30.518696 6.690367 -0.024343261 0.68108106 -0.55346847 0.31634498 -0.3601174
seq13/frame00281.png 31.62819 6.5755825 -0.06735273 0.69704896 -0.5384042 0.30596405 -0.36149943
seq13/frame00282.png 31.683104 5.73886 -0.13119164 0.6824007 -0.5247735 0.33207762 -0.38542688
seq13/frame00283.png 33.331966 5.035834 -0.21492393 0.66758794 -0.50071496 0.35924795 -0.41763595
seq13/frame00284.png 33.321148 4.7432957 -0.22123726 0.65877366 -0.5206407 0.35945883 -0.4072937
seq13/frame00285.png 32.156605 3.1244335 -0.27568072 0.63432544 -0.568143 0.3621508 -0.37904313
seq13/frame00286.png 32.981796 3.8419154 -0.25702804 0.63965595 -0.5351327 0.3698123 -0.4096613
seq13/frame00287.png 34.057377 2.1149297 -0.41392997 0.6460639 -0.50742215 0.36940876 -0.43454987
seq13/frame00288.png 33.8799 1.4596698 -0.44273695 0.6338387 -0.525211 0.37706593 -0.42432472
seq13/frame00289.png 34.082565 0.7201976 -0.4761486 0.60573506 -0.52189916 0.40468168 -0.44371307
seq13/frame00290.png 34.315105 0.124318525 -0.5365741 0.6190729 -0.52237993 0.39246482 -0.4357231
seq13/frame00291.png 33.839508 0.064168826 -0.5287319 0.60220575 -0.538902 0.40249166 -0.43011487
seq13/frame00292.png 32.07229 -0.97023356 -0.5519624 0.59581304 -0.5476346 0.4047464 -0.42587832
seq13/frame00293.png 32.006336 -1.5621393 -0.5969124 0.5834473 -0.52933544 0.42088062 -0.44938588
seq13/frame00294.png 32.19566 -2.6625197 -0.6859741 0.5935963 -0.52585965 0.41100135 -0.4492917
seq13/frame00295.png 31.370268 -4.499185 -0.8351125 0.57271063 -0.5040641 0.43760392 -0.47577456
seq13/frame00296.png 30.466513 -4.4462757 -0.78742987 0.5633967 -0.49973452 0.44762293 -0.48200393
seq13/frame00297.png 30.395544 -4.987934 -0.8249751 0.5556583 -0.50266254 0.4570929 -0.47908264
seq13/frame00298.png 29.73428 -5.578909 -0.86521304 0.5422375 -0.4910928 0.46976703 -0.4942246
seq13/frame00299.png 31.092178 -6.4482703 -0.9615148 0.5487951 -0.47294948 0.4545378 -0.51816374
seq13/frame00300.png 29.10149 -8.246954 -1.0704222 -0.48821247 0.4353137 -0.5154494 0.55369276
seq13/frame00301.png 28.965878 -7.840145 -1.0302404 -0.5075629 0.44381353 -0.48970687 0.55296206
seq13/frame00302.png 26.929405 -9.051158 -1.096596 -0.4643879 0.40552628 -0.5240257 0.58774304
seq13/frame00303.png 26.329086 -9.224651 -1.1013544 -0.46016064 0.39755666 -0.5327391 0.5884123
seq13/frame00304.png 24.730276 -9.244896 -1.0662302 -0.45517644 0.40831253 -0.54240966 0.57597435
seq13/frame00305.png 23.247458 -11.028884 -1.1526037 -0.44748485 0.40081808 -0.55456537 0.5760857
seq13/frame00306.png 26.837797 -10.446074 -1.1889786 -0.4491621 0.40150535 -0.5539005 0.5749284
seq13/frame00307.png 25.94753 -11.4317045 -1.2260436 -0.45520416 0.40472916 -0.5462056 0.5750461
seq13/frame00308.png 28.812647 -12.206631 -1.3586698 -0.4689457 0.36819088 -0.5164664 0.6147383
seq13/frame00309.png 29.62477 -9.298478 -1.2302414 -0.5724225 0.37676936 -0.4319381 0.58619195
seq13/frame00310.png 28.733942 -9.079201 -1.214385 -0.5557642 0.34139332 -0.40447128 0.6412418
seq13/frame00311.png 29.905848 -10.306613 -1.3566297 -0.5326888 0.27833518 -0.36696333 0.7099527
seq13/frame00312.png 30.340996 -9.929666 -1.3644857 -0.53465533 0.2501108 -0.34805116 0.7283601
seq13/frame00313.png 29.531435 -10.110938 -1.3535311 -0.50402653 0.2386732 -0.37860486 0.7385986
seq13/frame00314.png 28.24058 -11.534528 -1.4465934 -0.43786135 0.21286057 -0.3970204 0.7779546
seq13/frame00315.png 24.973013 -10.637617 -1.3116928 -0.41948193 0.22842956 -0.4338162 0.76395637
seq13/frame00316.png 25.668526 -9.688358 -1.2334808 -0.47424835 0.28066617 -0.43158782 0.7140239
seq13/frame00317.png 24.365786 -16.500904 -1.6757878 -0.3302742 0.2338326 -0.50473243 0.7626069
seq13/frame00318.png 24.68678 -17.892588 -1.725421 -0.33175433 0.25732353 -0.54497594 0.72590464
seq13/frame00319.png 23.359715 -18.197952 -1.7043315 -0.27762517 0.21447131 -0.5648978 0.7468672
seq13/frame00320.png 23.235731 -17.737305 -1.6423912 -0.2714942 0.21775301 -0.58409816 0.7333059
seq13/frame00321.png 22.752035 -17.358376 -1.6065809 -0.22828951 0.18958405 -0.6031892 0.7402803
seq13/frame00322.png 22.759241 -17.102814 -1.5746907 -0.20658684 0.18631718 -0.613273 0.739204
seq13/frame00323.png 21.472486 -17.513832 -1.5783137 -0.18623938 0.17786512 -0.6269505 0.7352548
seq13/frame00324.png 21.906698 -17.528706 -1.5816659 -0.19236575 0.18556973 -0.6417485 0.7189001
seq13/frame00325.png 21.525356 -17.134697 -1.550862 -0.16921012 0.17130256 -0.642123 0.7279217
seq13/frame00326.png 21.840853 -18.71629 -1.6572564 -0.1455989 0.13838714 -0.640456 0.74117535
seq13/frame00327.png 20.165537 -18.045643 -1.5788649 -0.14219648 0.124680154 -0.6165754 0.7643468
seq13/frame00328.png 18.601213 -19.527721 -1.6682553 -0.0963236 0.08299772 -0.6128443 0.77994716
seq13/frame00329.png 21.274817 -18.577257 -1.6626096 -0.17162625 0.13838354 -0.60216844 0.7671609
seq13/frame00330.png 18.310171 -20.047932 -1.7517827 -0.11899342 0.08781812 -0.5882869 0.7949505
seq13/frame00331.png 23.182713 -20.557394 -1.8742105 -0.19433726 0.1575254 -0.584587 0.77191323
seq13/frame00332.png 21.822704 -19.673542 -1.7860632 -0.18120275 0.14924435 -0.5970673 0.76718926
seq13/frame00333.png 21.525936 -22.003696 -1.9417287 -0.16551784 0.13776657 -0.5958124 0.77371836
seq13/frame00334.png 20.223124 -23.036386 -1.9843475 -0.14033175 0.123772874 -0.6096319 0.7702905
seq13/frame00335.png 19.167711 -23.861357 -2.0158708 -0.10059044 0.090189144 -0.6154619 0.776475
seq13/frame00336.png 18.470276 -24.127876 -2.0104594 -0.090272084 0.08527021 -0.6226765 0.7724929
seq13/frame00337.png 16.85001 -25.408453 -2.0750892 -0.082498536 0.087710984 -0.60546917 0.7866352
seq13/frame00338.png 15.874727 -26.717152 -2.1605256 -0.04754557 0.067633376 -0.5664009 0.8199638
seq13/frame00339.png 15.441186 -27.395315 -2.2218614 -0.032510284 0.050744295 -0.54517853 0.83610255
seq13/frame00340.png 14.398345 -25.943024 -2.10839 -0.05548342 0.06927407 -0.53961277 0.8371713
seq13/frame00341.png 13.893585 -25.402111 -2.0458043 -0.013400023 0.040028278 -0.5471043 0.8360026
seq13/frame00342.png 13.141175 -24.810638 -1.987789 -0.00516216 0.028046364 -0.5578207 0.82946837
seq13/frame00343.png 11.760985 -24.856892 -1.9796144 0.035250876 0.0046668835 -0.54698884 0.8363118
seq13/frame00344.png 12.857469 -24.196743 -1.963318 -0.0029477535 0.029279893 -0.5531064 0.8326922
seq13/frame00345.png 11.981815 -25.269585 -2.020069 0.035747882 0.0044032824 -0.6061369 0.79458404
seq13/frame00346.png 10.810266 -25.392517 -1.9833018 0.03413503 -0.0058834176 -0.5910294 0.8058517
seq13/frame00347.png 10.616851 -23.817616 -1.8588508 0.038182758 0.005454237 -0.60580903 0.7946381
seq13/frame00348.png 10.052202 -24.901812 -1.9212021 0.0754421 -0.01927539 -0.6385921 0.76553935
seq13/frame00349.png 10.138039 -23.7057 -1.8383768 0.07064818 -0.01506772 -0.6422924 0.7631523
seq13/frame00350.png 10.034923 -22.539423 -1.7555306 0.04969867 0.0022315476 -0.66081184 0.74891007
seq3/frame00001.png 13.798043 -32.09582 -2.472971 -0.08735995 0.07953789 -0.65162235 0.7492793
seq3/frame00002.png 13.678501 -32.175663 -2.4772475 -0.09202622 0.08248359 -0.6498028 0.7500732
seq3/frame00003.png 13.680376 -32.071827 -2.4854417 -0.0905296 0.079435654 -0.6370884 0.76141065
seq3/frame00004.png 14.185037 -33.539665 -2.6202502 -0.097379915 0.084465295 -0.5880386 0.7984302
seq3/frame00005.png 13.031506 -32.48511 -2.5698617 -0.0809783 0.064499564 -0.5299773 0.8416304
seq3/frame00006.png 13.376673 -30.81829 -2.5071425 -0.087598115 0.06094919 -0.47554275 0.8732846
seq3/frame00007.png 14.751381 -28.901787 -2.4049072 -0.08678332 0.06122183 -0.42514175 0.89894176
seq3/frame00008.png 16.356627 -27.067944 -2.3026228 -0.12917008 0.06852481 -0.4140352 0.8984766
seq3/frame00009.png 13.712879 -31.471945 -2.5492494 -0.08533066 0.061283294 -0.45362836 0.8848984
seq3/frame00010.png 13.207265 -33.128387 -2.6183808 -0.1190071 0.10286639 -0.5390263 0.82744306
seq3/frame00011.png 12.050333 -29.903782 -2.3114276 -0.19348319 0.1903467 -0.6228444 0.73374754
seq3/frame00012.png 5.52757 -34.62572 -2.5437496 -0.040072672 0.09697483 -0.6480411 0.754314
seq3/frame00013.png 12.301423 -33.317825 -2.5226223 -0.1596378 0.16003777 -0.6556619 0.72036135
seq3/frame00014.png 11.793732 -30.888008 -2.3137858 -0.0100816265 0.036231536 -0.69903827 0.7140707
seq3/frame00015.png 10.526542 -28.739971 -2.1528285 0.07458476 -0.029751386 -0.6829201 0.7259378
seq3/frame00016.png 12.589654 -29.697107 -2.284823 0.02055193 0.0050670826 -0.6443175 0.7643595
seq3/frame00017.png 14.83275 -29.941078 -2.3387957 -0.038372766 0.046120115 -0.6025848 0.79572713
seq3/frame00018.png 15.529404 -31.760155 -2.512627 -0.09862588 0.08162606 -0.5850364 0.8008301
seq3/frame00019.png 16.375183 -33.67215 -2.6712184 -0.1598368 0.13106713 -0.5766872 0.7903675
seq3/frame00020.png 15.415738 -28.70304 -2.4045022 -0.20669283 0.13326147 -0.4930393 0.8345495
seq3/frame00021.png 15.905161 -24.560589 -2.1197703 -0.2767692 0.16180357 -0.44592598 0.83562034
seq3/frame00022.png 16.191977 -26.617443 -2.2728655 -0.23580275 0.14844641 -0.4639704 0.8409625
seq3/frame00023.png 16.54493 -21.949768 -1.9499437 -0.32557616 0.19698909 -0.45514357 0.80496037
seq3/frame00024.png 17.355276 -28.08705 -2.3859754 -0.24146636 0.15626767 -0.48844093 0.8238961
seq3/frame00025.png 17.468655 -26.768322 -2.1968966 -0.2765489 0.20853479 -0.56965804 0.74525076
seq3/frame00026.png 18.404657 -28.784117 -2.2909832 -0.2717344 0.23052472 -0.6159374 0.7026996
seq3/frame00027.png 19.01763 -28.58876 -2.2896938 -0.25487646 0.2205228 -0.6125761 0.7149051
seq3/frame00028.png 17.90682 -30.375786 -2.464372 -0.25221673 0.1993693 -0.5950405 0.7365542
seq3/frame00029.png 21.246363 -28.476343 -2.365262 -0.28840348 0.206945 -0.56642336 0.74371654
seq3/frame00030.png 21.651484 -27.91083 -2.3281758 -0.29985994 0.2191102 -0.5671478 0.7350568
seq3/frame00031.png 22.30925 -26.698406 -2.2527606 -0.29264173 0.21461983 -0.5465564 0.7547638
seq3/frame00032.png 22.796904 -25.620235 -2.1865385 -0.32511085 0.23651497 -0.5376831 0.7412045
seq3/frame00033.png 23.144814 -25.653206 -2.2131214 -0.33942306 0.24075271 -0.52873504 0.7397272
seq3/frame00034.png 23.669695 -25.175226 -2.1248035 -0.2776132 0.23329386 -0.6176662 0.69786465
seq3/frame00035.png 24.667604 -25.54621 -2.1914887 -0.29192734 0.22367024 -0.5829309 0.72464913
seq3/frame00036.png 25.188248 -25.469936 -2.2396376 -0.28192168 0.1879837 -0.5371797 0.77240956
seq3/frame00037.png 24.984005 -24.109404 -2.2083607 -0.30122685 0.16794841 -0.46398437 0.81596285
seq3/frame00038.png 25.202168 -23.18891 -2.1698358 -0.33725291 0.16914727 -0.38939527 0.84031546
seq3/frame00039.png 26.257677 -20.539242 -2.0235083 -0.38911 0.19245759 -0.35240033 0.82914233
seq3/frame00040.png 25.689228 -17.661793 -1.8647277 -0.4327542 0.21970643 -0.35048577 0.8010232
seq3/frame00041.png 25.507002 -18.4829 -1.8997784 -0.4290353 0.2087442 -0.34307715 0.8090402
seq3/frame00042.png 25.081627 -22.209248 -2.1212316 -0.36759788 0.18337707 -0.35836455 0.8383
seq3/frame00043.png 24.540812 -21.369352 -2.0189629 -0.41243705 0.24019106 -0.419326 0.772313
seq3/frame00044.png 23.656752 -24.027134 -2.1157842 -0.39439586 0.2769995 -0.50499886 0.71613026
seq3/frame00045.png 18.72622 -23.47815 -1.9348304 -0.3412169 0.27446306 -0.5889522 0.6791294
seq3/frame00046.png 17.223097 -21.278881 -1.72942 -0.3127386 0.2768971 -0.6210681 0.66324776
seq3/frame00047.png 19.029547 -25.112411 -2.0341966 -0.29332477 0.25627288 -0.6331869 0.6689064
seq3/frame00048.png 25.107826 -20.800463 -1.8386551 -0.2643466 0.24297033 -0.6442699 0.67518806
seq3/frame00049.png 23.740377 -18.913023 -1.6780088 -0.23240536 0.21101616 -0.6368485 0.70420885
seq3/frame00050.png 19.181301 -22.129501 -1.8356199 -0.08790317 0.09428198 -0.6668369 0.73402417
seq3/frame00051.png 18.626606 -21.506115 -1.7872524 -0.0821716 0.08125845 -0.6552865 0.7464267
seq3/frame00052.png 17.387459 -21.803568 -1.7867503 -0.040910777 0.04816046 -0.65359825 0.75411063
seq3/frame00053.png 23.948158 -20.003908 -1.7983733 -0.22863576 0.18007061 -0.61276805 0.7346114
seq3/frame00054.png 27.998285 -19.738974 -1.8442929 -0.30027667 0.23726468 -0.57737327 0.72119236
seq3/frame00055.png 27.7466 -18.886803 -1.7778159 -0.31382683 0.2529597 -0.59444094 0.6957689
seq3/frame00056.png 27.914595 -21.072727 -1.9444951 -0.31623688 0.24061182 -0.57370985 0.7160966
seq3/frame00057.png 28.144777 -22.628716 -2.060199 -0.37869418 0.26638877 -0.5314162 0.7095025
seq3/frame00058.png 25.793468 -20.899805 -1.899881 -0.40109396 0.2856889 -0.5061725 0.7079792
seq3/frame00059.png 25.663984 -20.29641 -1.8960364 -0.4362854 0.29110718 -0.46427223 0.71382004
seq3/frame00060.png 26.206694 -18.71866 -1.8480349 -0.46097878 0.283002 -0.42186874 0.7275846
seq3/frame00061.png 28.74944 -18.929533 -1.8899803 -0.45582414 0.2858556 -0.44958284 0.712873
seq3/frame00062.png 30.049637 -18.356815 -1.851756 -0.45333198 0.29519138 -0.46335414 0.701896
seq3/frame00063.png 28.213877 -17.236677 -1.7517289 -0.40524757 0.26552838 -0.49488592 0.7213744
seq3/frame00064.png 29.130234 -16.775446 -1.7188298 -0.40626574 0.27574202 -0.51548886 0.7022869
seq3/frame00065.png 29.184492 -16.207155 -1.6624935 -0.434176 0.29847375 -0.5048628 0.6837217
seq3/frame00066.png 30.567682 -15.482552 -1.6269028 -0.4786457 0.3320421 -0.4784523 0.65688145
seq3/frame00067.png 30.380709 -14.066522 -1.5438397 -0.503382 0.34708396 -0.4608808 0.64312744
seq3/frame00068.png 31.259472 -12.371108 -1.4809971 -0.534165 0.33297497 -0.4127877 0.6582664
seq3/frame00069.png 30.553827 -11.956531 -1.4325639 -0.53847545 0.34164783 -0.42617196 0.64169574
seq3/frame00070.png 31.126993 -11.218113 -1.4048265 -0.54174095 0.3270589 -0.4121281 0.65552354
seq3/frame00071.png 31.479185 -10.468869 -1.3392988 -0.576398 0.34064448 -0.39499113 0.6290737
seq3/frame00072.png 31.513342 -9.828802 -1.2919863 -0.5951022 0.3571965 -0.38371193 0.6089826
seq3/frame00073.png 32.673004 -9.668542 -1.3092724 0.614823 -0.36115745 0.36886555 -0.5960415
seq3/frame00074.png 32.42896 -10.135496 -1.3113467 0.6003795 -0.38793385 0.38899368 -0.58106005
seq3/frame00075.png 30.941345 -8.268111 -1.1691948 0.6123351 -0.3814211 0.38733464 -0.5740656
seq3/frame00076.png 31.645151 -7.1706076 -1.0864298 0.6287272 -0.4104822 0.38606766 -0.5357938
seq3/frame00077.png 31.645195 -8.660918 -1.1909943 0.6107668 -0.40059558 0.40643758 -0.5487845
seq3/frame00078.png 33.052788 -7.36586 -1.0843507 0.6185377 -0.4261675 0.38822237 -0.5339788
seq3/frame00079.png 31.119026 -7.80769 -1.0672092 0.55053884 -0.44396302 0.4545835 -0.54133946
seq3/frame00080.png 29.384823 -7.4809327 -0.99524003 -0.51208633 0.47429258 -0.4982173 0.514155
seq3/frame00081.png 30.432627 -5.8385787 -0.89110833 0.5406389 -0.49366403 0.46916482 -0.49399808
seq3/frame00082.png 29.25806 -7.535724 -1.0065839 -0.4980454 0.4524835 -0.5155006 0.53071636
seq3/frame00083.png 26.290043 -4.596247 -0.78078395 -0.46102569 0.39268827 -0.5249872 0.5979701
seq3/frame00084.png 27.33124 -4.135879 -0.7868723 -0.4704121 0.3595428 -0.49576858 0.635174
seq3/frame00085.png 29.443224 -4.732433 -0.8849672 -0.53193766 0.33176577 -0.44664106 0.63824636
seq3/frame00086.png 29.584572 -5.3535256 -0.9475283 -0.54080254 0.3323453 -0.441597 0.63397473
seq3/frame00087.png 31.082096 -4.848011 -0.9424809 -0.57693577 0.35713488 -0.42732975 0.59741163
seq3/frame00088.png 34.218132 -5.6803465 -1.0919855 0.623994 -0.34405947 0.36586186 -0.5985198
seq3/frame00089.png 33.3393 -7.3532977 -1.2157204 -0.63253707 0.30173537 -0.31955165 0.6378428
seq3/frame00090.png 33.663727 -6.2043605 -1.1609945 0.6498534 -0.29990515 0.28628662 -0.63710785
seq3/frame00091.png 33.707684 -5.969602 -1.1251003 0.6562706 -0.31763294 0.28533474 -0.62191814
seq3/frame00092.png 31.912794 -5.9259863 -1.0557895 0.6673793 -0.3724818 0.31064644 -0.5651409
seq3/frame00093.png 33.359966 -4.3975425 -0.89868736 0.6791771 -0.46284348 0.3208333 -0.47072148
seq3/frame00094.png 32.566345 -4.871311 -0.8692521 0.5858302 -0.50341696 0.4154788 -0.4804605
seq3/frame00095.png 31.745789 -6.304901 -0.9431047 0.5454211 -0.49361476 0.46398425 -0.49351662
seq3/frame00096.png 30.990183 -5.762692 -0.9036346 0.554653 -0.48785847 0.45795184 -0.49484554
seq3/frame00097.png 29.498608 -7.025664 -0.97393733 -0.514285 0.44009864 -0.48793435 0.5512055
seq3/frame00098.png 29.417177 -7.059836 -1.0072614 -0.52116394 0.44103736 -0.48696217 0.54499775
seq5/frame00001.png 26.467157 -13.399157 -1.3523618 -0.36244994 0.3396246 -0.5896262 0.63695234
seq5/frame00002.png 25.913574 -13.880016 -1.3720276 -0.34291708 0.32842115 -0.60166883 0.6424694
seq5/frame00003.png 25.49125 -13.318475 -1.3223975 -0.33624297 0.32050857 -0.6095896 0.64239
seq5/frame00004.png 24.807808 -11.655795 -1.2133614 -0.31437102 0.30144048 -0.6114153 0.66054124
seq5/frame00005.png 24.808113 -12.177482 -1.2455136 -0.3251445 0.30431235 -0.61052185 0.65494245
seq5/frame00006.png 25.97269 -11.318505 -1.2268229 -0.38090327 0.35634556 -0.58496976 0.62116486
seq5/frame00007.png 23.369324 -10.22527 -1.0870177 -0.3103973 0.26551455 -0.60173285 0.68645036
seq5/frame00008.png 26.482292 -9.883817 -1.1304226 -0.39891553 0.3454208 -0.5499333 0.64755535
seq5/frame00009.png 23.851204 -13.231388 -1.3214576 -0.30434152 0.2719804 -0.5961215 0.69148827
seq5/frame00010.png 25.233967 -15.591078 -1.5383341 -0.36185902 0.29966396 -0.5655886 0.67783296
seq5/frame00011.png 29.38341 -12.8987875 -1.4001131 -0.42213893 0.35161796 -0.54643667 0.63208425
seq5/frame00012.png 23.975512 -12.466208 -1.2815986 -0.36928624 0.30615276 -0.5476261 0.68568844
seq5/frame00013.png 25.703192 -11.970378 -1.2889713 -0.41143695 0.33457914 -0.5369714 0.65606487
seq5/frame00014.png 25.72627 -11.726855 -1.261545 -0.4177841 0.33525833 -0.5319105 0.65580237
seq5/frame00015.png 26.944468 -11.339026 -1.2586452 -0.42007878 0.33703202 -0.5244856 0.6593763
seq5/frame00016.png 27.222752 -10.937999 -1.2393678 -0.43130967 0.3372145 -0.5191915 0.65610564
seq5/frame00017.png 27.047907 -11.394519 -1.2738035 -0.4325966 0.33070654 -0.5151688 0.6618033
seq5/frame00018.png 30.718403 -12.945445 -1.4453206 -0.4592094 0.35901815 -0.51792353 0.625964
seq5/frame00019.png 28.624117 -14.710909 -1.5333501 -0.44444183 0.35516676 -0.53309834 0.626298
seq5/frame00020.png 25.506207 -17.299957 -1.6479344 -0.3959528 0.32337683 -0.5467352 0.66319513
seq5/frame00021.png 24.130896 -13.999593 -1.3957213 -0.43973562 0.36872333 -0.5297169 0.6245511
seq5/frame00022.png 24.315435 -12.427324 -1.2801191 -0.4700376 0.42040852 -0.5140845 0.58136624
seq5/frame00023.png 24.70094 -11.37623 -1.2014275 -0.5108593 0.42749813 -0.47439244 0.5752884
seq5/frame00024.png 24.123457 -14.626885 -1.5030514 -0.47936222 0.33237556 -0.45667648 0.6717665
seq5/frame00025.png 26.354635 -13.211199 -1.4371085 -0.54471207 0.35844287 -0.41915995 0.63153076
seq5/frame00026.png 25.299547 -15.279887 -1.5760257 -0.50614315 0.33575997 -0.43976986 0.6615944
seq5/frame00027.png 24.78712 -16.238514 -1.6331165 -0.4801287 0.33143172 -0.44491917 0.67944735
seq5/frame00028.png 23.628511 -16.091623 -1.6061944 -0.47426897 0.32319 -0.45518067 0.6808086
seq5/frame00029.png 22.983335 -15.636506 -1.5465208 -0.49398872 0.34542307 -0.45355278 0.65629876
seq5/frame00030.png 22.082167 -18.931747 -1.7321038 -0.45605823 0.3379559 -0.49162945 0.6604566
seq5/frame00031.png 21.634787 -18.946701 -1.7310957 -0.45194238 0.32578903 -0.47918093 0.67833537
seq5/frame00032.png 22.581186 -18.877428 -1.7287433 -0.46925762 0.33813205 -0.47002685 0.6667524
seq5/frame00033.png 21.57513 -19.21614 -1.7324328 -0.44999796 0.32810605 -0.48736483 0.6725746
seq5/frame00034.png 20.682922 -18.723612 -1.6994213 -0.41575605 0.3173897 -0.51489633 0.6791788
seq5/frame00035.png 20.279764 -19.090384 -1.6954625 -0.39911905 0.3169968 -0.5384602 0.67109
seq5/frame00036.png 18.509531 -21.29217 -1.8310213 -0.3255644 0.26698408 -0.5851022 0.69297314
seq5/frame00037.png 18.67759 -19.71968 -1.7355641 -0.3481473 0.27358654 -0.57288814 0.68977624
seq5/frame00038.png 18.1122 -21.627636 -1.8295604 -0.29552346 0.25345734 -0.6054207 0.6941512
seq5/frame00039.png 20.73514 -17.627758 -1.5888623 -0.36164865 0.30652344 -0.5906403 0.653041
seq5/frame00040.png 20.958431 -17.447882 -1.5692583 -0.3691247 0.31906462 -0.58475393 0.64794767
seq5/frame00041.png 21.400164 -15.251678 -1.4319096 -0.34871334 0.31219634 -0.60428524 0.64477545
seq5/frame00042.png 22.568193 -11.108704 -1.1420697 0.41562146 -0.38272133 0.5838262 -0.5830838
seq5/frame00043.png 19.760073 -15.251442 -1.3697933 -0.3182212 0.3007363 -0.62926304 0.6419862
seq5/frame00044.png 17.689539 -18.27952 -1.554497 -0.3273405 0.29273856 -0.61573815 0.6544326
seq5/frame00045.png 21.285734 -16.93724 -1.5005106 -0.34971216 0.32521564 -0.6091571 0.63301086
seq5/frame00046.png 19.72473 -18.527039 -1.5980128 -0.33187684 0.31350854 -0.6180274 0.64003736
seq5/frame00047.png 18.891329 -18.753262 -1.6034886 -0.31196514 0.3015474 -0.6343363 0.639617
seq5/frame00048.png 15.677529 -24.166584 -1.9542435 -0.25294358 0.23752625 -0.63680714 0.6885982
seq5/frame00049.png 20.294437 -25.810797 -2.1163998 -0.26111192 0.2393984 -0.61490446 0.70462143
seq5/frame00050.png 19.202223 -27.816772 -2.2659519 -0.2404643 0.20855722 -0.60992986 0.72550225
seq5/frame00051.png 18.441954 -28.814642 -2.316341 -0.23398593 0.20472004 -0.6228719 0.7178981
seq5/frame00052.png 18.566599 -27.278355 -2.191463 -0.23818949 0.2153298 -0.62945896 0.7077932
seq5/frame00053.png 17.712614 -27.347597 -2.1931553 -0.18348297 0.16748834 -0.6317408 0.73414856
seq5/frame00054.png 16.492521 -26.996391 -2.1542475 -0.12521477 0.11727439 -0.6335716 0.7545555
seq5/frame00055.png 16.235178 -26.432108 -2.1174614 -0.10437439 0.10229783 -0.6153725 0.774575
seq5/frame00056.png 16.38149 -26.385508 -2.121258 -0.0647456 0.069543034 -0.6147307 0.78289866
seq5/frame00057.png 15.894162 -26.115932 -2.0926921 -0.06323763 0.07084481 -0.6148742 0.78289914
seq5/frame00058.png 15.846024 -26.767532 -2.1300397 -0.08045349 0.07846652 -0.6200315 0.7765168
seq5/frame00059.png 16.408718 -29.585722 -2.3792884 -0.14294347 0.11781109 -0.57852435 0.7944434
seq5/frame00060.png 16.252827 -27.780613 -2.2179875 -0.06366643 0.070079565 -0.5921163 0.80040675
seq5/frame00061.png 16.702806 -27.994188 -2.2674322 -0.09631036 0.080695085 -0.5688684 0.8128135
seq5/frame00062.png 17.183933 -27.687593 -2.2716386 -0.10418826 0.07441822 -0.536247 0.8343154
seq5/frame00063.png 17.394735 -27.88349 -2.2992113 -0.11023609 0.080903456 -0.52348685 0.8408976
seq5/frame00064.png 18.784954 -27.740498 -2.297304 -0.13768181 0.10154809 -0.5273294 0.8321696
seq5/frame00065.png 18.783745 -27.777365 -2.313597 -0.15702248 0.10758731 -0.52379745 0.8302519
seq5/frame00066.png 19.457878 -25.99498 -2.218507 -0.18147609 0.117888995 -0.495177 0.8414559
seq5/frame00067.png 19.384691 -23.889778 -2.0734742 -0.18181911 0.11751108 -0.52317053 0.8242606
seq5/frame00068.png 19.960363 -26.118116 -2.21213 -0.1867768 0.1289795 -0.54199475 0.8090193
seq5/frame00069.png 21.711805 -25.60765 -2.177161 -0.20247623 0.1413108 -0.57472634 0.7799984
seq5/frame00070.png 25.472233 -23.407352 -2.0608509 -0.23923801 0.17590761 -0.58445334 0.7551507
seq5/frame00071.png 26.229864 -19.4476 -1.7931795 -0.2521956 0.20994309 -0.6239343 0.70930153
seq5/frame00072.png 27.215487 -17.117224 -1.6303923 -0.25676164 0.25420472 -0.6510301 0.667616
seq5/frame00073.png 26.371267 -17.117964 -1.619682 -0.28522098 0.27368373 -0.64063406 0.65828884
seq5/frame00074.png 23.58763 -18.864311 -1.6918943 -0.2458448 0.23789321 -0.64602274 0.68241864
seq5/frame00075.png 22.898214 -19.628315 -1.7242342 -0.26111138 0.24653862 -0.6497942 0.669865
seq5/frame00076.png 23.798313 -20.635595 -1.8236355 -0.2829163 0.26521093 -0.63060296 0.6723195
seq5/frame00077.png 24.260847 -20.904705 -1.8464952 -0.28798404 0.26599738 -0.634149 0.6664386
seq5/frame00078.png 24.172619 -20.776443 -1.8354028 -0.30055028 0.27069438 -0.6288634 0.6640764
seq5/frame00079.png 23.445492 -21.044558 -1.8473077 -0.28970638 0.26549476 -0.6363697 0.66381335
seq5/frame00080.png 20.05167 -18.980536 -1.6502157 0.23763132 -0.23672737 0.66620237 -0.666015
seq5/frame00081.png 20.44273 -21.393364 -1.8321407 0.21982484 -0.21566811 0.6754937 -0.66999817
seq5/frame00082.png 19.174965 -21.298267 -1.824318 -0.22704038 0.21389918 -0.6557344 0.6874051
