seq13/frame00001.png 29.671265 -16.200092 -1.6761938 -0.4318459 0.33773336 -0.5096837 0.66313374
seq13/frame00002.png 29.619003 -16.305578 -1.6740105 -0.42871866 0.33751953 -0.5115714 0.66383666
seq13/frame00003.png 29.606838 -16.089853 -1.6520811 -0.43405855 0.33809507 -0.5074857 0.663074
seq13/frame00004.png 29.620441 -16.023348 -1.6608653 -0.44314653 0.32336465 -0.4833109 0.68224907
seq13/frame00005.png 29.040363 -16.223608 -1.651689 -0.43839768 0.3110787 -0.50100166 0.67836726
seq13/frame00006.png 28.665804 -16.502434 -1.6826495 -0.41084316 0.30910668 -0.49949625 0.6972081
seq13/frame00007.png 27.75566 -17.183718 -1.7325921 -0.38966835 0.26643735 -0.5180954 0.713297
seq13/frame00008.png 27.049429 -17.202394 -1.7469116 -0.38803482 0.2626455 -0.5059011 0.7241997
seq13/frame00009.png 26.41212 -17.894417 -1.7979474 -0.4079618 0.2532807 -0.4944733 0.72439367
seq13/frame00010.png 25.662828 -19.36858 -1.9582841 -0.39873457 0.20043592 -0.45522183 0.7704373
seq13/frame00011.png 26.755411 -17.267117 -1.8894597 -0.42970446 0.19436295 -0.40075016 0.78546
seq13/frame00012.png 25.069393 -21.77108 -2.1253285 -0.3459234 0.12988116 -0.40518364 0.8362322
seq13/frame00013.png 27.320633 -19.073069 -2.0798948 -0.39621085 0.14792557 -0.36708042 0.8284828
seq13/frame00014.png 24.165112 -22.8236 -2.2347815 -0.30068907 0.10845601 -0.40730348 0.8555176
seq13/frame00015.png 25.072102 -21.850603 -2.1603248 -0.3587704 0.13988638 -0.41721737 0.8231741
seq13/frame00016.png 23.86448 -21.420576 -2.0704362 -0.333526 0.17753397 -0.45699158 0.805201
seq13/frame00017.png 22.512598 -20.51829 -1.9060198 -0.3078893 0.2238556 -0.5357252 0.7535841
seq13/frame00018.png 22.847681 -21.255875 -1.8593171 -0.27550292 0.2489747 -0.60919476 0.70081234
seq13/frame00019.png 23.20494 -19.81973 -1.7860903 -0.28784952 0.2876473 -0.60474294 0.68452156
seq13/frame00020.png 24.032251 -17.186543 -1.6006423 -0.33993065 0.3166986 -0.5953088 0.65555084
seq13/frame00021.png 25.087393 -15.637694 -1.4174207 0.34034574 -0.30586013 0.62911844 -0.6283367
seq13/frame00022.png 24.032232 -17.918875 -1.6340948 -0.3146141 0.29969257 -0.5953828 0.67581624
seq13/frame00023.png 19.401882 -22.965317 -1.9754922 -0.21587671 0.18870737 -0.6107488 0.7380784
seq13/frame00024.png 11.084414 -12.413362 -1.0771911 -0.24665196 0.15280597 -0.57054204 0.76834345
seq13/frame00025.png 13.19428 -16.212637 -1.3853569 -0.24073164 0.23148689 -0.5936647 0.7321752
seq13/frame00026.png 13.327956 -17.182093 -1.357709 -0.19584908 0.22068049 -0.6468964 0.70304763
seq13/frame00027.png 18.006302 -19.256384 -1.6745093 -0.19527598 0.23133872 -0.5925694 0.7465304
seq13/frame00028.png 22.611517 -18.04118 -1.7163312 -0.27489227 0.25142884 -0.56741476 0.73451483
seq13/frame00029.png 18.16784 -16.491686 -1.3590035 -0.31563497 0.3718856 -0.5807145 0.652029
seq13/frame00030.png 6.369663 -10.88088 -0.837278 -0.14665928 0.18360975 -0.6241383 0.7451711
seq13/frame00031.png 21.169975 -17.461178 -1.606681 -0.21457845 0.21012434 -0.58680856 0.7519876
seq13/frame00032.png 20.778343 -17.961147 -1.6433665 -0.20364237 0.19215426 -0.5922402 0.75551724
seq13/frame00033.png 16.588505 -21.7684 -1.7587824 -0.26915225 0.3155854 -0.59402734 0.68924516
seq13/frame00034.png 20.492456 -18.046114 -1.6618102 -0.3090705 0.25172567 -0.5748839 0.714635
seq13/frame00035.png 20.452791 -17.218536 -1.4703548 -0.34608006 0.2948238 -0.60558635 0.65299445
seq13/frame00036.png 19.201424 -18.34833 -1.6131788 -0.27346662 0.22014605 -0.6192952 0.70241123
seq13/frame00037.png 9.204145 -21.319307 -1.6383334 -0.09528762 0.16170202 -0.67404294 0.71450484
seq13/frame00038.png 9.699036 -24.42709 -1.8311422 -0.22138047 0.21717633 -0.6227147 0.71830773
seq13/frame00039.png 1.5563672 -28.841604 -2.1638384 -0.022451403 0.07946782 -0.622665 0.7781713
seq13/frame00040.png 5.903266 -24.349483 -1.9036081 -0.18020733 0.22868946 -0.63095206 0.7191141
seq13/frame00041.png 6.7376647 -29.653793 -2.230968 -0.07816985 0.09597809 -0.62881446 0.7677765
seq13/frame00042.png 6.9451313 -30.746866 -2.331142 -0.060024016 0.07422799 -0.6485862 0.7552392
seq13/frame00043.png 6.159587 -30.649536 -2.2878337 -0.08371107 0.06352901 -0.65228695 0.7505867
seq13/frame00044.png 6.930285 -31.782463 -2.3987195 -0.08747573 0.07128672 -0.6568742 0.74557537
seq13/frame00045.png 7.135557 -32.04743 -2.3947945 -0.10292297 0.08689843 -0.64666694 0.75080436
seq13/frame00046.png 7.0029936 -32.520237 -2.3954866 -0.07926503 0.09785692 -0.6429735 0.7555301
seq13/frame00047.png 6.3289585 -32.190083 -2.4048421 -0.05782922 0.057121016 -0.6645724 0.74264455
seq13/frame00048.png 6.4100986 -31.573225 -2.3437755 -0.09251521 0.07772003 -0.6519507 0.7484349
seq13/frame00049.png 4.9754157 -27.91985 -2.1399918 -0.040874556 0.092218 -0.6191599 0.77871287
seq13/frame00050.png 8.749972 -22.619623 -1.8218279 -0.124564536 0.18574347 -0.6742452 0.7039246
seq13/frame00051.png -3.715642 -27.92342 -2.0475264 -0.029915348 0.0724228 -0.6306883 0.7721338
seq13/frame00052.png -3.218353 -28.074898 -2.0568898 -0.023965297 0.09737176 -0.6286021 0.7711737
seq13/frame00053.png 0.24869342 -30.94297 -2.2751405 0.0357915 0.022872759 -0.64083195 0.76630807
seq13/frame00054.png -2.6277835 -28.356344 -2.1212823 0.12811494 -0.003031292 -0.61144143 0.7808285
seq13/frame00055.png 1.6518692 -28.303257 -2.1160915 0.02488478 0.0132444585 -0.638536 0.769225
seq13/frame00056.png 3.3196301 -33.154633 -2.3419266 0.06377708 -0.0007943812 -0.675102 0.7349369
seq13/frame00057.png 2.131987 -34.718906 -2.4609282 0.13245139 -0.044576965 -0.66196257 0.7364014
seq13/frame00058.png 0.5312418 -32.883347 -2.390819 0.19381072 -0.12063976 -0.62318164 0.74805623
seq13/frame00059.png -1.0066812 -32.292496 -2.3610685 0.25530353 -0.12037992 -0.5712802 0.77073544
seq13/frame00060.png -0.1037689 -32.94446 -2.4632514 0.21283048 -0.10866026 -0.5386709 0.80790186
seq13/frame00061.png -0.3590796 -32.040146 -2.3888173 0.23525673 -0.09397393 -0.50619507 0.82439595
seq13/frame00062.png -0.511114 -32.57779 -2.4393158 0.23513795 -0.13425955 -0.5363085 0.799406
seq13/frame00063.png -1.9071822 -31.78644 -2.358878 0.25845203 -0.1541321 -0.5392216 0.78661853
seq13/frame00064.png -5.048407 -29.973654 -2.1310856 0.31020832 -0.2194297 -0.58479416 0.7165412
seq13/frame00065.png -2.0022035 -32.985264 -2.357864 0.19293515 -0.11417315 -0.6465832 0.7292314
seq13/frame00066.png -2.6687899 -32.589634 -2.2854745 0.14497873 -0.06260213 -0.6694688 0.72587925
seq13/frame00067.png -3.524556 -31.449032 -2.2370515 0.09176267 -0.047484014 -0.6388365 0.76245874
seq13/frame00068.png -4.9757657 -29.983412 -2.131085 0.10371966 -0.025311174 -0.62427896 0.77395546
seq13/frame00069.png -4.0036736 -31.06223 -2.2025518 0.05784323 0.014431714 -0.64497334 0.76182145
seq13/frame00070.png -5.6522574 -30.458073 -2.1437933 0.08287784 -0.003733216 -0.6478991 0.75707626
seq13/frame00071.png -5.028704 -30.142853 -2.068268 0.08113097 0.0051266155 -0.66178423 0.7454104
seq13/frame00072.png -7.682292 -30.275879 -2.1583676 0.12879972 -0.051588826 -0.64666164 0.7500839
seq13/frame00073.png -6.251129 -29.07484 -2.080822 0.1849456 -0.08671848 -0.6180626 0.7590974
seq13/frame00074.png -6.5925417 -28.42783 -2.0533097 0.23790988 -0.12234434 -0.57385474 0.7740012
seq13/frame00075.png -7.0088353 -28.292944 -2.0418117 0.28483266 -0.1790581 -0.55436945 0.76123244
seq13/frame00076.png -7.3700957 -26.097076 -1.8575872 0.3543252 -0.21495925 -0.5094186 0.7541715
seq13/frame00077.png -3.9625893 -27.368906 -2.0752363 0.35164875 -0.23354302 -0.5125906 0.7477511
seq13/frame00078.png -5.3187017 -27.408358 -2.066488 0.2740152 -0.20226873 -0.5311482 0.7757985
seq13/frame00079.png -7.967498 -27.328157 -1.9539814 0.30818027 -0.21470664 -0.5377892 0.75481653
seq13/frame00080.png -7.9906554 -26.237234 -1.902592 0.32192522 -0.22349179 -0.54359496 0.742251
seq13/frame00081.png -9.639623 -25.22216 -1.7895486 0.31510282 -0.24789007 -0.5424946 0.7382795
seq13/frame00082.png -10.334807 -24.38434 -1.7256645 0.30404848 -0.2283534 -0.5589682 0.73677063
seq13/frame00083.png -10.703185 -23.939009 -1.6881409 0.26976252 -0.19782414 -0.5865754 0.73771906
seq13/frame00084.png -7.6718764 -25.375093 -1.9082245 0.15323387 -0.07031498 -0.5981942 0.783447
seq13/frame00085.png -12.206453 -25.790913 -1.8417904 0.14389984 -0.103291534 -0.60840845 0.77357286
seq13/frame00086.png -15.332043 -19.077238 -1.3158484 0.087253086 -0.031038528 -0.6163567 0.7820441
seq13/frame00087.png -12.05765 -21.092106 -1.5293459 0.14409073 -0.05904721 -0.588867 0.79316866
seq13/frame00088.png -6.0529113 -24.789743 -1.9151165 0.073676884 0.01251064 -0.6027526 0.7943949
seq13/frame00089.png -14.171516 -22.392145 -1.497257 0.078420766 -0.045141272 -0.6410456 0.76212394
seq13/frame00090.png -14.678755 -21.644478 -1.4988317 0.21006894 -0.13428448 -0.6271285 0.73794687
seq13/frame00091.png -16.242355 -19.268778 -1.3128301 0.35017076 -0.17799835 -0.5791656 0.7143902
seq13/frame00092.png -15.14644 -20.547466 -1.3958617 0.35812014 -0.15901382 -0.5901236 0.7058965
seq13/frame00093.png -16.278585 -18.962786 -1.2945426 0.38857716 -0.1891328 -0.5770191 0.6931108
seq13/frame00094.png -16.474428 -20.701231 -1.3671758 0.37351447 -0.18440358 -0.5849924 0.6960381
seq13/frame00095.png -16.995722 -19.711699 -1.3192385 0.44195017 -0.2737939 -0.4942229 0.6967763
seq13/frame00096.png -18.18626 -20.970394 -1.4277862 0.4593443 -0.24942102 -0.4342618 0.73357844
seq13/frame00097.png -15.275127 -22.493982 -1.6030942 0.4436694 -0.23741615 -0.44292206 0.74204516
seq13/frame00098.png -16.793516 -22.046959 -1.5191157 0.46253264 -0.25890097 -0.44429532 0.72235036
seq13/frame00099.png -17.167814 -20.113268 -1.404312 0.5099894 -0.28453234 -0.41815844 0.6957905
seq13/frame00100.png -18.544224 -20.0562 -1.3683048 0.47120664 -0.27917188 -0.45240116 0.7038591
seq13/frame00101.png -19.397648 -17.781843 -1.2345058 0.31117457 -0.2195033 -0.54141355 0.7495864
seq13/frame00102.png -20.875969 -16.474024 -1.0144761 0.15216064 -0.10451161 -0.613508 0.76780134
seq13/frame00103.png -24.58214 -12.4222555 -0.6478121 0.27033496 -0.17580804 -0.58667356 0.74283546
seq13/frame00104.png -22.851181 -14.975916 -0.9020719 0.19784763 -0.11578614 -0.62399006 0.7471064
seq13/frame00105.png -24.73515 -13.070178 -0.7038223 0.25909773 -0.1687564 -0.6040426 0.73463017
seq13/frame00106.png -22.310738 -13.577841 -0.7954244 0.31863496 -0.18992189 -0.594708 0.71323895
seq13/frame00107.png -21.099537 -15.305738 -0.8396917 0.39678165 -0.25370285 -0.5935865 0.6526187
seq13/frame00108.png -19.679916 -14.546433 -0.7738641 0.46970528 -0.26956525 -0.57079947 0.61705136
seq13/frame00109.png -20.425076 -14.7476635 -0.77351797 0.46902406 -0.2888905 -0.5746436 0.60518664
seq13/frame00110.png -25.180773 -10.953401 -0.4865894 0.520133 -0.31247318 -0.5091956 0.61050916
seq13/frame00111.png -24.867258 -11.966725 -0.5745053 0.49160665 -0.3449962 -0.50970227 0.61606205
seq13/frame00112.png -24.007608 -13.996844 -0.73228574 0.44875097 -0.28047198 -0.5576803 0.6394116
seq13/frame00113.png -26.090332 -10.906526 -0.4546789 0.48867148 -0.328024 -0.5153546 0.62293726
seq13/frame00114.png -26.673807 -10.894123 -0.43702072 0.47000054 -0.30625567 -0.53487223 0.6319418
seq13/frame00115.png -25.92064 -12.479454 -0.549113 0.4536791 -0.28031522 -0.55881584 0.6350708
seq13/frame00116.png -27.85292 -9.988586 -0.40609217 0.5044964 -0.31906775 -0.48349786 0.6402463
seq13/frame00117.png -28.180998 -9.09168 -0.3550657 0.5368313 -0.34263653 -0.4603479 0.61850536
seq13/frame00118.png -27.25209 -9.7025385 -0.43763322 0.54004747 -0.31620535 -0.44064304 0.6434839
seq13/frame00119.png -26.44216 -10.244757 -0.49502382 0.5312716 -0.31445006 -0.44978175 0.6454231
seq13/frame00120.png -25.979084 -10.696364 -0.52359813 0.52154744 -0.30020192 -0.4492089 0.6604376
seq13/frame00121.png -25.398413 -13.562216 -0.74133116 0.5279508 -0.3181435 -0.44438323 0.6501506
seq13/frame00122.png -26.761192 -10.716304 -0.4641155 0.4374377 -0.254412 -0.48880947 0.7106188
seq13/frame00123.png -29.19046 -7.869333 -0.15820344 0.43451184 -0.3208226 -0.48455602 0.68804747
seq13/frame00124.png -30.169607 -7.1439004 -0.15137073 0.45516375 -0.3273345 -0.4730533 0.6795983
seq13/frame00125.png -25.488935 -10.884383 -0.51289463 0.55912507 -0.35373306 -0.42037073 0.6208185
seq13/frame00126.png -29.812004 -7.3951864 -0.18028116 0.45469853 -0.19154851 -0.49490705 0.7152749
seq13/frame00127.png -30.495632 -6.579901 -0.12141891 0.5754531 -0.3629996 -0.40082553 0.6136495
seq13/frame00128.png -34.071903 -4.2031302 0.08265186 0.55999243 -0.36949167 -0.43232587 0.6023281
seq13/frame00129.png -34.46916 -3.7484581 0.15251604 0.5701923 -0.3546632 -0.42481914 0.6072908
seq13/frame00130.png -35.578964 -3.6129313 0.15596698 0.5428912 -0.34015813 -0.43747464 0.63098294
seq13/frame00131.png -36.678406 -2.8702571 0.20857453 0.5470243 -0.3356164 -0.4352274 0.63149107
seq13/frame00132.png -36.82538 -2.1771474 0.26898926 0.5228921 -0.3487341 -0.4375795 0.64310443
seq13/frame00133.png -36.692654 -1.7462637 0.32150918 0.56364363 -0.36483982 -0.4010707 0.623324
seq13/frame00134.png -37.80381 -1.1886549 0.47143412 0.61291164 -0.34128302 -0.43157303 0.56711507
seq13/frame00135.png -37.969337 -1.0519024 0.41808826 0.5404795 -0.35918695 -0.44494364 0.61725354
seq13/frame00136.png -38.47005 -0.25210914 0.5370989 0.54673266 -0.3659426 -0.45070186 0.60321206
seq13/frame00137.png -34.751915 3.125672 0.7394678 0.6328512 -0.34880695 -0.40407678 0.5610469
seq13/frame00138.png -37.86945 0.3809233 0.60303366 0.5628537 -0.37692025 -0.45160425 0.5806908
seq13/frame00139.png -36.568493 6.7736344 1.0074444 0.5875824 -0.3370806 -0.489677 0.5491002
seq13/frame00140.png -40.811615 4.212987 0.9844576 0.59207505 -0.4242144 -0.4086052 0.55008113
seq13/frame00141.png -41.126167 4.0838747 1.0432374 0.5670557 -0.4006543 -0.43336564 0.5747501
seq13/frame00142.png -41.14933 4.230127 1.0936214 0.5898501 -0.41278335 -0.42821223 0.5462605
seq13/frame00143.png -41.403996 4.386325 1.10392 0.5847956 -0.38917702 -0.4592357 0.54388136
seq13/frame00144.png -34.49971 3.6192794 0.829265 0.5832969 -0.3785883 -0.43635353 0.5709836
seq13/frame00145.png -40.94998 5.014731 1.155238 0.5371868 -0.36249384 -0.49142963 0.58184016
seq13/frame00146.png -41.65242 6.308485 1.2253537 0.5199307 -0.35574168 -0.47770315 0.61241335
seq13/frame00147.png -42.132282 7.4164743 1.3317075 0.53970087 -0.368887 -0.4921663 0.57482284
seq13/frame00148.png -40.045254 9.446466 1.4609063 0.52020544 -0.3214281 -0.50676024 0.60769916
seq13/frame00149.png -40.128487 9.72348 1.4648349 0.5368484 -0.30841798 -0.50129443 0.6044712
seq13/frame00150.png -40.809692 9.470098 1.4772986 0.51868725 -0.30969265 -0.5358122 0.58997023
seq13/frame00151.png -32.767914 6.8349733 1.0768456 0.5222285 -0.25077626 -0.4893865 0.65196407
seq13/frame00152.png -24.456749 6.3856945 0.92901284 0.4084508 -0.27430838 -0.6143612 0.61696535
seq13/frame00153.png -37.200672 12.792944 1.7286003 0.5179764 -0.39409015 -0.50585914 0.56585234
seq13/frame00154.png -34.2258 8.32922 1.3028634 0.36364454 -0.32283133 -0.5452892 0.68280095
seq13/frame00155.png -23.350414 13.567169 1.3729321 -0.43562868 0.5710535 0.41460732 -0.5586383
seq13/frame00156.png -36.77318 13.265888 1.6995115 0.5748848 -0.3766035 -0.45561633 0.56576407
seq13/frame00157.png -36.02974 14.059762 1.7081295 0.58989286 -0.3848892 -0.44675827 0.5520066
seq13/frame00158.png -36.9158 14.439733 1.7343307 0.5944546 -0.36388603 -0.46492934 0.5460875
seq13/frame00159.png -36.547806 15.270752 1.7769036 0.6085274 -0.3710173 -0.4362293 0.54919744
seq13/frame00160.png -36.327965 15.989521 1.8374857 0.6022693 -0.35621014 -0.44409505 0.5596559
seq13/frame00161.png -36.049545 16.658722 1.9064779 0.6169519 -0.3709386 -0.42366546 0.54969203
seq13/frame00162.png -35.78883 17.125082 1.9361421 0.6266459 -0.38100597 -0.43227625 0.5246033
seq13/frame00163.png -35.341244 18.057829 2.0207958 0.6341819 -0.38737372 -0.426868 0.51535094
seq13/frame00164.png -34.892136 18.439121 2.016349 0.64882606 -0.40759364 -0.40518865 0.49882996
seq13/frame00165.png -34.544476 18.932663 2.0698392 0.69398504 -0.43069857 -0.366146 0.44574234
seq13/frame00166.png -33.60822 18.70141 2.0023022 0.6804779 -0.4253312 -0.3657982 0.4716189
seq13/frame00167.png -33.097965 19.181995 2.0198452 0.6979722 -0.41278076 -0.35993862 0.4614974
seq13/frame00168.png -33.32566 20.206108 2.1075737 0.7199142 -0.44998705 -0.3115871 0.42663074
seq13/frame00169.png -33.0453 21.630478 2.185905 0.75545883 -0.44856486 -0.27017945 0.39390442
seq13/frame00170.png -32.626465 21.176996 2.1664362 0.73587483 -0.45113862 -0.2565948 0.4347267
seq13/frame00171.png -32.31494 21.828354 2.2761233 0.6983503 -0.47598293 -0.27915373 0.45581552
seq13/frame00172.png -32.580627 21.875057 2.2345595 0.71980524 -0.46920276 -0.28404525 0.42556196
seq13/frame00173.png -31.74868 22.23521 2.1845708 0.7620823 -0.43026716 -0.26170254 0.40707815
seq13/frame00174.png -31.6564 23.439617 2.2569318 0.7785479 -0.43840098 -0.23321 0.3838888
seq13/frame00175.png -31.042566 24.207973 2.3254895 0.7729457 -0.45050806 -0.24181546 0.37556678
seq13/frame00176.png -30.735565 23.949831 2.3010094 0.7915085 -0.45160457 -0.23494357 0.33816594
seq13/frame00177.png -30.580164 24.149527 2.305796 0.79761195 -0.4423594 -0.23152389 0.33829066
seq13/frame00178.png -30.163898 23.561064 2.2670016 0.78214574 -0.44759738 -0.26291272 0.34427008
seq13/frame00179.png -29.72409 23.428713 2.2594144 0.77943766 -0.44370943 -0.25387168 0.3620942
seq13/frame00180.png -27.248835 26.457796 2.4517462 0.8010046 -0.49174908 -0.2015423 0.27562475
seq13/frame00181.png -25.960476 26.875381 2.456191 0.79635686 -0.48034164 -0.20205538 0.30722436
seq13/frame00182.png -21.512264 23.354767 2.018453 0.72027975 -0.4601786 -0.21189176 0.47399414
seq13/frame00183.png -24.947441 27.431204 2.4244297 0.83307236 -0.46726882 -0.15366608 0.25294507
seq13/frame00184.png -25.070457 27.914042 2.514376 0.8183074 -0.5008753 -0.1564446 0.23464815
seq13/frame00185.png -24.80603 27.682116 2.5011308 0.79550666 -0.5163709 -0.19140857 0.2529373
seq13/frame00186.png -22.533562 25.363344 2.238858 0.81031823 -0.46518868 -0.18313585 0.30557498
seq13/frame00187.png -22.824322 28.25585 2.4733407 0.8250492 -0.49153292 -0.16012126 0.22808127
seq13/frame00188.png -22.301651 25.371643 2.2371988 0.78466725 -0.45431745 -0.24056436 0.3463546
seq13/frame00189.png -20.759178 29.35935 2.4694066 0.8286811 -0.498072 -0.16213888 0.19754232
seq13/frame00190.png -20.177021 29.721384 2.5102596 0.84214723 -0.48337853 -0.15965219 0.17793223
seq13/frame00191.png -19.633352 30.632042 2.598239 0.8179197 -0.51977044 -0.16099446 0.18717119
seq13/frame00192.png -19.20497 30.97865 2.6187751 0.8108602 -0.52544355 -0.16676834 0.19657646
seq13/frame00193.png -18.937647 31.304718 2.6217146 0.8112706 -0.5342952 -0.15487544 0.17998527
seq13/frame00194.png -18.202797 31.77296 2.638136 0.82568467 -0.5251489 -0.13861006 0.15228556
seq13/frame00195.png -17.617823 32.081238 2.6413453 0.82599413 -0.5399575 -0.110954344 0.11760581
seq13/frame00196.png -17.138577 32.67754 2.7085512 0.82424456 -0.5383835 -0.13306858 0.11418292
seq13/frame00197.png -11.134124 27.768501 2.304257 0.7907829 -0.5852242 -0.0668603 0.16669264
seq13/frame00198.png -13.14245 24.04795 2.1766222 0.749187 -0.6365645 -0.042066537 0.17787735
seq13/frame00199.png -3.2688632 17.96006 1.3825148 0.7755973 -0.61663336 0.1350456 -0.0025428222
seq13/frame00200.png -7.392286 28.479015 2.419274 0.7347328 -0.6769969 0.02658167 0.03707635
seq13/frame00201.png -9.784721 30.058992 2.45584 0.76441365 -0.6348087 0.0011817985 0.1121477
seq13/frame00202.png -7.8069906 25.239729 2.1227472 0.7315795 -0.646351 -0.08072102 0.20108618
seq13/frame00203.png -11.236732 30.013653 2.5583305 0.78120726 -0.6113708 -0.06176182 0.110647306
seq13/frame00204.png -9.275391 32.02067 2.6174133 0.75833255 -0.65112996 -0.023323473 0.02320175
seq13/frame00205.png -11.274391 34.390488 2.6991355 0.82706076 -0.5604192 -0.025375534 0.034503832
seq13/frame00206.png -8.461423 31.16036 2.603091 0.7782534 -0.6266649 0.018728381 -0.036097042
seq13/frame00207.png -10.057567 34.49722 2.7308722 0.82800406 -0.559844 -0.028561795 -0.015316539
seq13/frame00208.png -9.552133 34.089436 2.7310362 0.8145098 -0.5794123 -0.030797124 0.00983366
seq13/frame00209.png -8.8757925 34.479267 2.720199 0.8278323 -0.55782485 -0.041340586 0.043289226
seq13/frame00210.png -8.639621 33.123127 2.5468147 0.8462362 -0.5323079 -0.020464187 0.006992597
seq13/frame00211.png -8.276696 32.614376 2.5326202 0.83650154 -0.5472151 -0.018144708 -0.021790694
seq13/frame00212.png -7.9155526 32.22058 2.4813318 0.8411099 -0.54016805 -0.0015284705 -0.026069673
seq13/frame00213.png -7.2622595 31.631851 2.451909 0.8245999 -0.5649321 0.023675606 -0.017740183
seq13/frame00214.png -6.776737 31.575815 2.4896986 0.82453614 -0.56467795 0.026044417 -0.022994114
seq13/frame00215.png -6.1118674 33.567036 2.5635695 0.81261724 -0.58123887 0.040743798 -0.016769404
seq13/frame00216.png -5.548005 32.654053 2.5977955 0.81270695 -0.58174247 0.0033745973 -0.031388376
seq13/frame00217.png -5.0162606 30.615406 2.4133134 0.80932677 -0.5869768 -0.012682166 -0.018408496
seq13/frame00218.png -4.362987 30.14869 2.4520428 0.80089563 -0.59838927 -0.020236041 0.015096685
seq13/frame00219.png -3.6630974 29.765219 2.3829527 0.79940647 -0.5995717 -0.03720756 0.0021986398
seq13/frame00220.png -2.8695672 30.387527 2.3734915 0.8029501 -0.5958396 -0.0012217392 0.00750888
seq13/frame00221.png -2.371634 29.437439 2.3067534 0.8168838 -0.5741305 -0.046676036 0.030467361
seq13/frame00222.png -1.7773972 29.160744 2.2857132 0.82109785 -0.5678883 -0.032465056 0.047525033
seq13/frame00223.png -0.97940356 29.07945 2.2558463 0.81871825 -0.5711211 -0.047109112 0.0366008
seq13/frame00224.png -0.25251058 28.932177 2.228181 0.8136738 -0.581259 -0.009620322 0.0035715133
seq13/frame00225.png 0.4113751 28.602798 2.1685047 0.8147236 -0.57900804 0.013481956 -0.027305054
seq13/frame00226.png 1.3264856 28.59053 2.1500273 0.80723643 -0.58609366 0.027944047 -0.06337249
seq13/frame00227.png 2.1148624 27.985239 2.1033423 0.8062454 -0.58894324 -0.006415853 -0.057026427
seq13/frame00228.png 2.7981195 27.833773 2.0936396 0.8196491 -0.57011795 0.01644099 -0.053358003
seq13/frame00229.png 3.4474218 27.367168 2.0429504 0.82791525 -0.56033915 -0.004325138 -0.02655315
seq13/frame00230.png 4.110869 27.105942 1.985233 0.8308134 -0.5552518 -0.030397868 -0.017233556
seq13/frame00231.png 4.70994 27.15639 1.9636586 0.8295701 -0.5573674 -0.024908807 0.024845904
seq13/frame00232.png 5.4048314 26.4629 1.88562 0.8333084 -0.55103886 0.03946718 -0.021700963
seq13/frame00233.png 6.240601 26.36364 1.8675253 0.83781016 -0.54247314 0.040992558 -0.04612541
seq13/frame00234.png 6.8796062 25.855673 1.8201597 0.835678 -0.5455558 0.060909275 -0.018613193
seq13/frame00235.png 7.400516 25.276869 1.7456577 0.8489502 -0.5234562 0.06647529 -0.029055972
seq13/frame00236.png 8.222499 25.07207 1.6945949 0.8437496 -0.52942526 0.07822491 -0.041193485
seq13/frame00237.png 8.396901 24.517447 1.6689717 0.84362906 -0.5283179 0.08995167 -0.030748779
seq13/frame00238.png 9.141896 23.778147 1.5844883 0.86452687 -0.4976369 0.057250787 -0.039724834
seq13/frame00239.png 9.642607 21.356918 1.3974556 0.88906956 -0.45529667 0.016645495 -0.04379156
seq13/frame00240.png 12.41257 21.483896 1.3139255 0.8720894 -0.48062375 0.04366503 -0.080757335
seq13/frame00241.png 11.713796 22.53832 1.4048147 0.88515586 -0.45755365 0.029086962 -0.07985148
seq13/frame00242.png 13.565171 20.47053 1.1963791 0.86171114 -0.501728 0.049313173 -0.056153692
seq13/frame00243.png 9.9309 21.826784 1.4518831 0.8258951 -0.55234057 0.092315175 -0.06506004
seq13/frame00244.png 8.050571 22.262756 1.4961364 0.8391554 -0.5433838 0.022212062 0.010807086
seq13/frame00245.png 14.417882 18.724556 1.1555177 0.80192757 -0.59163725 0.06677164 -0.047284987
seq13/frame00246.png 16.280085 18.805685 1.1853346 0.7914945 -0.57427967 0.16077115 -0.13353355
seq13/frame00247.png 20.7076 13.615973 0.71087694 0.7156548 -0.5648519 0.31154147 -0.26814935
seq13/frame00248.png 14.541981 19.937328 1.3087215 0.8009043 -0.57603383 0.12391965 -0.106324896
seq13/frame00249.png 15.855966 18.088356 1.0980902 0.72505605 -0.59017575 0.22789267 -0.27178216
seq13/frame00250.png 13.829963 12.757868 0.8061638 0.74871975 -0.6008658 0.2091588 -0.1867884
seq13/frame00251.png 10.229444 14.89461 0.982346 0.6663689 -0.55303276 0.30830336 -0.39381617
seq13/frame00252.png 11.331142 12.428823 0.76654226 0.68216354 -0.5575536 0.31618035 -0.35171944
seq13/frame00253.png 11.710028 10.097167 0.5852843 0.62661356 -0.5080887 0.39411506 -0.44021058
seq13/frame00254.png 16.854761 10.339642 0.483035 0.66872424 -0.48871568 0.3832816 -0.40878475
seq13/frame00255.png 15.982452 10.316262 0.25341624 0.7242757 -0.38308826 0.3289332 -0.46955806
seq13/frame00256.png 15.014514 7.9192214 0.17614506 0.7186763 -0.45845634 0.3030558 -0.4261714
seq13/frame00257.png 9.820194 17.332462 1.0041817 0.81009066 -0.47615182 0.21846975 -0.2631454
seq13/frame00258.png 9.991211 15.421309 0.89609605 0.78335685 -0.5146402 0.19630373 -0.28805032
seq13/frame00259.png 17.890528 13.362475 0.64376223 0.72891355 -0.5139794 0.2856156 -0.35031328
seq13/frame00260.png 18.763083 13.759081 0.74309486 0.7448398 -0.5179365 0.2991342 -0.296193
seq13/frame00261.png 19.364403 11.836367 0.53065056 0.7728519 -0.5354958 0.21233046 -0.26603162
seq13/frame00262.png 20.660046 10.653179 0.3309627 0.8088464 -0.49262586 0.18203454 -0.26428026
seq13/frame00263.png 20.155478 12.63873 0.6312038 0.71582806 -0.5697627 0.2692502 -0.3006503
seq13/frame00264.png 16.270716 11.71848 0.60980177 0.73109543 -0.5788551 0.22536896 -0.282568
seq13/frame00265.png 18.964834 11.669736 0.59829384 0.7153655 -0.56788677 0.27748108 -0.29801944
seq13/frame00266.png 16.707014 10.78222 0.57361925 0.68776816 -0.5955517 0.27097392 -0.31420195
seq13/frame00267.png 15.489432 10.824487 0.46531457 0.780782 -0.48603004 0.2631931 -0.29110882
seq13/frame00268.png 17.023178 10.604688 0.56487554 0.6796326 -0.5891405 0.3030335 -0.31481573
seq13/frame00269.png 17.578508 10.327137 0.5208101 0.67355937 -0.5774075 0.32585478 -0.3266256
seq13/frame00270.png 18.513699 10.317001 0.50248367 0.69945264 -0.54800683 0.33362564 -0.31457108
seq13/frame00271.png 18.241335 9.503802 0.4440081 0.6887034 -0.5679911 0.3332083 -0.3032728
seq13/frame00272.png 25.270716 8.015583 0.09944466 0.73732525 -0.51564795 0.29400462 -0.3225471
seq13/frame00273.png 26.21525 7.883865 0.042459656 0.7501955 -0.49044752 0.28506938 -0.339818
seq13/frame00274.png 26.768112 8.16585 0.0940958 0.77124333 -0.4916989 0.27618673 -0.2954379
seq13/frame00275.png 27.008232 7.202136 0.048748508 0.7720125 -0.48328063 0.28385535 -0.2993393
seq13/frame00276.png 27.995823 7.4274464 -0.038542867 0.76191854 -0.4886138 0.30487365 -0.2960508
seq13/frame00277.png 27.389208 5.378446 -0.13485141 0.76674485 -0.49573976 0.26353735 -0.31157377
seq13/frame00278.png 28.932905 6.7000175 -0.0042236056 0.7265469 -0.53837687 0.27686393 -0.32490042
seq13/frame00279.png 30.128326 6.3399754 -0.075401194 0.71630156 -0.51946115 0.3100083 -0.34768844
seq13/frame00280.png 30.847538 5.628028 -0.034421943 0.6876387 -0.5372051 0.32571054 -0.36424446
seq13/frame00281.png 31.261473 5.1072187 -0.10952722 0.69501823 -0.5126826 0.34624833 -0.36629683
seq13/frame00282.png 31.902672 4.6921306 -0.13258892 0.6781187 -0.5110534 0.3612479 -0.38543025
seq13/frame00283.png 32.491238 4.1622443 -0.26577803 0.6854475 -0.47437295 0.38488626 -0.3965001
seq13/frame00284.png 33.322212 3.443487 -0.24958146 0.6673956 -0.49724048 0.38294575 -0.4008274
seq13/frame00285.png 32.94639 2.8333158 -0.26865712 0.65132785 -0.5459052 0.35586464 -0.38885742
seq13/frame00286.png 33.211227 2.952854 -0.22593486 0.65980285 -0.51886046 0.3738043 -0.39457783
seq13/frame00287.png 34.304977 1.8276281 -0.38114765 0.67308265 -0.473164 0.38336736 -0.4196279
seq13/frame00288.png 34.430855 1.0617923 -0.47834677 0.64771694 -0.5016699 0.36015835 -0.44597474
seq13/frame00289.png 34.89748 0.50395536 -0.41092107 0.6189212 -0.510705 0.4013686 -0.44134364
seq13/frame00290.png 34.50701 -0.3620287 -0.5143758 0.619172 -0.5179195 0.38231224 -0.4496318
seq13/frame00291.png 32.341965 -0.63235843 -0.60146254 0.61699635 -0.53182745 0.3747553 -0.44283104
seq13/frame00292.png 32.480816 -1.2218838 -0.55626035 0.6054776 -0.5453915 0.38299403 -0.4351086
seq13/frame00293.png 32.03591 -1.0143648 -0.6729022 0.6316205 -0.498231 0.36019155 -0.4724581
seq13/frame00294.png 33.1965 -2.8006568 -0.61512345 0.59987533 -0.51982266 0.3975926 -0.46031597
seq13/frame00295.png 33.799854 -3.5465262 -0.6810206 0.5819848 -0.5190314 0.41599306 -0.4678993
seq13/frame00296.png 33.168724 -4.192587 -0.7323518 0.5597173 -0.5129387 0.426569 -0.49158767
seq13/frame00297.png 32.86644 -4.9149394 -0.7738694 0.5478724 -0.51358086 0.43672705 -0.4952422
seq13/frame00298.png 22.299995 -1.6581008 -0.357553 -0.52914757 0.48528057 -0.4243683 0.5516684
seq13/frame00299.png 32.079372 -5.972258 -0.854522 0.5669052 -0.50419486 0.43095666 -0.48842883
seq13/frame00300.png 25.662497 -11.07166 -1.1495664 -0.39994317 0.34725374 -0.59566826 0.60381144
seq13/frame00301.png 24.766394 -11.68105 -1.1687044 -0.39686987 0.34765986 -0.589247 0.6117058
seq13/frame00302.png 25.413366 -8.451767 -0.95600843 -0.46938375 0.40726364 -0.5453755 0.5626426
seq13/frame00303.png 26.86668 -10.457957 -1.1086415 -0.4577957 0.39771354 -0.5452278 0.5787319
seq13/frame00304.png 20.773642 -10.002864 -1.0147686 -0.425866 0.3544527 -0.5870003 0.59023714
seq13/frame00305.png 6.3545465 6.852552 0.49374172 -0.4118336 0.34996033 -0.5092945 0.6697979
seq13/frame00306.png 24.300158 -8.911257 -0.9555607 -0.5084003 0.44095212 -0.5109882 0.5349678
seq13/frame00307.png 22.839252 -11.455449 -1.1042022 -0.4428634 0.3121203 -0.5730202 0.61483973
seq13/frame00308.png 26.965487 -8.163955 -0.9887674 0.58641165 -0.4437347 0.40475044 -0.5434503
seq13/frame00309.png 27.233418 -11.206999 -1.3852854 -0.5557111 0.3289465 -0.42511836 0.6342848
seq13/frame00310.png 28.680607 -12.3153305 -1.4778012 -0.52460086 0.32183015 -0.4172537 0.6686452
seq13/frame00311.png 32.619965 -8.571879 -1.2615134 -0.5862032 0.3568971 -0.3644778 0.6295475
seq13/frame00312.png 31.608826 -8.997693 -1.2659106 -0.5757088 0.32833943 -0.34016064 0.6673457
seq13/frame00313.png 31.76697 -8.0164 -1.2149445 -0.57930654 0.33058208 -0.34922048 0.6581015
seq13/frame00314.png 27.96854 -6.6287947 -0.9092535 -0.44413885 0.28361413 -0.5296666 0.66474825
seq13/frame00315.png 19.559437 -14.472511 -1.326482 -0.30585194 0.2725729 -0.57712716 0.70645905
seq13/frame00316.png 24.45525 -8.229855 -1.0156837 -0.39255983 0.2508469 -0.5561959 0.6882594
seq13/frame00317.png 18.038416 -14.680345 -1.3467865 -0.24310225 0.21734928 -0.6364885 0.6988815
seq13/frame00318.png 22.593147 -16.57902 -1.5244651 -0.22487818 0.24419528 -0.59089434 0.7353367
seq13/frame00319.png 20.71206 -16.662914 -1.4643675 -0.14860794 0.21469055 -0.58262604 0.7695651
seq13/frame00320.png 23.6572 -16.0712 -1.5485318 -0.30679062 0.20854886 -0.5894639 0.71755683
seq13/frame00321.png 23.426428 -16.928654 -1.5908535 -0.2647362 0.19107504 -0.60281795 0.7279207
seq13/frame00322.png 23.371376 -17.642164 -1.6131315 -0.23988806 0.19221878 -0.6198443 0.72218823
seq13/frame00323.png 23.278437 -18.44625 -1.6477371 -0.22076806 0.18632898 -0.63306624 0.7182833
seq13/frame00324.png 23.357395 -18.42842 -1.6140499 -0.20554847 0.19128674 -0.6458351 0.70994943
seq13/frame00325.png 22.906137 -19.271294 -1.6539999 -0.19016409 0.17456855 -0.6445 0.71961224
seq13/frame00326.png 22.544823 -19.850485 -1.707514 -0.17644353 0.13167782 -0.65606564 0.721906
seq13/frame00327.png 22.97188 -14.690954 -1.417031 -0.3236933 0.2920636 -0.5402429 0.719684
seq13/frame00328.png 21.144562 -19.91168 -1.7167404 -0.136417 0.13515203 -0.62487084 0.7568233
seq13/frame00329.png 22.873867 -19.53114 -1.706338 -0.17438272 0.21828018 -0.589603 0.7578712
seq13/frame00330.png 20.315071 -22.09254 -1.9073961 -0.08058674 0.100946285 -0.619724 0.77418536
seq13/frame00331.png 19.835735 -22.991735 -1.972338 -0.112586774 0.12907924 -0.6046207 0.77784276
seq13/frame00332.png 19.597616 -23.460857 -1.994804 -0.101224065 0.11778193 -0.6202347 0.7687707
seq13/frame00333.png 19.01361 -24.31197 -2.0806015 -0.105885305 0.11321775 -0.60668844 0.7796364
seq13/frame00334.png 19.483028 -24.565233 -2.1198902 -0.10217515 0.11000226 -0.59931284 0.7862813
seq13/frame00335.png 17.512632 -24.928633 -2.115972 -0.06859291 0.07697651 -0.60459197 0.78981036
seq13/frame00336.png 17.231998 -25.269127 -2.1332364 -0.07140927 0.07114383 -0.62174875 0.7767485
seq13/frame00337.png 16.490328 -25.575615 -2.1298728 -0.09420348 0.07686169 -0.6107208 0.7825909
seq13/frame00338.png 15.772626 -25.773449 -2.1547682 -0.09711954 0.06707505 -0.5874085 0.8005755
seq13/frame00339.png 15.145465 -25.863577 -2.210259 -0.11656306 0.052734755 -0.5604951 0.8181868
seq13/frame00340.png 14.637097 -26.524418 -2.1931996 -0.10741182 0.078242354 -0.5644904 0.8146681
seq13/frame00341.png 14.231992 -26.907343 -2.1902359 -0.060369886 0.043007087 -0.59790057 0.79815555
seq13/frame00342.png 12.9978 -24.09918 -1.9808767 0.0026646336 0.029805183 -0.57749784 0.8158452
seq13/frame00343.png 13.107273 -26.200577 -2.1061974 0.014895546 -0.015843337 -0.58074236 0.81372535
seq13/frame00344.png 12.741333 -26.816343 -2.1367452 0.0067952583 0.04498796 -0.594054 0.803209
seq13/frame00345.png 11.313963 -25.298906 -2.0538027 0.031313844 -0.025168477 -0.60500026 0.79518324
seq13/frame00346.png 11.793828 -24.940638 -2.037875 0.00418379 0.0010017505 -0.58444625 0.81156814
seq13/frame00347.png 10.7179 -25.55937 -1.9852194 0.032543443 0.01383429 -0.6246399 0.78006923
seq13/frame00348.png 11.307682 -25.488588 -1.984789 0.03150071 0.0072488384 -0.65530986 0.7547158
seq13/frame00349.png 10.513822 -21.118353 -1.680359 -0.038837634 0.03177669 -0.6579549 0.7514031
seq13/frame00350.png 10.899864 -21.665415 -1.7345926 -0.02428638 0.057686243 -0.66145074 0.7473686
seq3/frame00001.png 14.053757 -33.663364 -2.6502712 -0.09053715 0.05539607 -0.64655757 0.7553477
seq3/frame00002.png 14.082494 -33.642506 -2.6489072 -0.08972674 0.056085806 -0.64444405 0.7572853
seq3/frame00003.png 14.093026 -33.492874 -2.6537821 -0.09341023 0.055777855 -0.63670224 0.7633422
seq3/frame00004.png 13.924424 -33.458923 -2.6518137 -0.0907556 0.05239918 -0.6035849 0.79025406
seq3/frame00005.png 13.910583 -33.44668 -2.7325978 -0.09202664 0.04471669 -0.5413681 0.83455664
seq3/frame00006.png 14.767164 -31.8309 -2.6664658 -0.109580256 0.06228521 -0.48169875 0.86724526
seq3/frame00007.png 16.391596 -30.585825 -2.622824 -0.14291151 0.076987416 -0.428362 0.8889189
seq3/frame00008.png 19.06703 -25.28987 -2.2250617 -0.101630375 0.10759264 -0.47742325 0.8661147
seq3/frame00009.png 15.328344 -31.183075 -2.6557512 -0.13693853 0.062031306 -0.457881 0.87627065
seq3/frame00010.png 14.700186 -33.544357 -2.7370524 -0.16646026 0.10035953 -0.5428735 0.81696475
seq3/frame00011.png 13.974698 -28.359133 -2.3060763 -0.2236923 0.19497827 -0.5836534 0.7558523
seq3/frame00012.png 9.953772 -27.926746 -2.204147 -0.1644063 0.1420517 -0.6394288 0.73752046
seq3/frame00013.png 11.5501375 -32.224716 -2.4652288 -0.12279927 0.103470914 -0.6522798 0.7407546
seq3/frame00014.png 11.071496 -30.130075 -2.3085098 0.04688993 0.010620853 -0.6707801 0.74007785
seq3/frame00015.png 10.479069 -26.00253 -2.0035214 0.067413166 -0.046489865 -0.67106193 0.7369102
seq3/frame00016.png 13.353352 -31.10713 -2.461059 0.0180586 -0.008742724 -0.6450953 0.76392174
seq3/frame00017.png 15.026936 -31.197823 -2.4945235 -0.04845902 0.011381491 -0.6196207 0.7832087
seq3/frame00018.png 15.576187 -32.1185 -2.6120527 -0.111733995 0.02960536 -0.6061051 0.78695595
seq3/frame00019.png 16.024012 -31.376993 -2.5619667 -0.17736796 0.11186817 -0.5746832 0.79116595
seq3/frame00020.png 16.059292 -30.541111 -2.5877824 -0.22519949 0.115732856 -0.4883592 0.83500606
seq3/frame00021.png 13.192713 -15.883886 -1.5175574 -0.30024397 0.10929851 -0.41112566 0.85368574
seq3/frame00022.png 17.925852 -28.492922 -2.506314 -0.26809904 0.15721214 -0.44228163 0.84139013
seq3/frame00023.png 18.678724 -26.281256 -2.3637018 -0.33978254 0.16942328 -0.40684167 0.8308189
seq3/frame00024.png 17.810553 -28.942188 -2.5261552 -0.25089803 0.15743521 -0.47129074 0.8308088
seq3/frame00025.png 18.252333 -25.290792 -2.2082675 -0.32565105 0.22970508 -0.5050552 0.76555175
seq3/frame00026.png 18.701189 -28.169529 -2.311127 -0.25875148 0.20957881 -0.603736 0.7242191
seq3/frame00027.png 19.036966 -27.765121 -2.2944446 -0.2714498 0.1884364 -0.61324286 0.7175599
seq3/frame00028.png 17.724037 -28.186888 -2.3321645 -0.25634414 0.17968413 -0.58679634 0.7465938
seq3/frame00029.png 20.056923 -26.502705 -2.2902234 -0.28380266 0.19324078 -0.5566448 0.7565499
seq3/frame00030.png 20.04222 -26.222694 -2.2740984 -0.27844495 0.2008394 -0.55366206 0.7586739
seq3/frame00031.png 21.467152 -25.775602 -2.2554123 -0.30110437 0.20021276 -0.547382 0.75470775
seq3/frame00032.png 22.271204 -24.880848 -2.1750486 -0.31267574 0.2401512 -0.5338678 0.7480188
seq3/frame00033.png 22.52934 -24.945267 -2.2198558 -0.33241493 0.22775617 -0.5248898 0.74980474
seq3/frame00034.png 23.328016 -24.281252 -2.12983 -0.27899647 0.23901856 -0.5960047 0.7141591
seq3/frame00035.png 23.492647 -23.632336 -2.1173563 -0.30530953 0.22435845 -0.5771212 0.7234076
seq3/frame00036.png 23.87207 -23.33469 -2.1658096 -0.29727584 0.19105862 -0.53926885 0.76430845
seq3/frame00037.png 22.856323 -23.93126 -2.2042859 -0.2767142 0.13741486 -0.49102122 0.81452703
seq3/frame00038.png 24.795729 -24.156446 -2.2513802 -0.28747076 0.1680092 -0.43496472 0.83667964
seq3/frame00039.png 27.835258 -19.408297 -2.0449662 -0.41796243 0.20462358 -0.37875488 0.80008715
seq3/frame00040.png 25.85528 -18.365868 -1.7357794 -0.4305709 0.3164747 -0.52020013 0.6662057
seq3/frame00041.png 29.97383 -19.52656 -2.0609286 -0.4413742 0.22990055 -0.36342072 0.7874711
seq3/frame00042.png 26.196884 -22.968235 -2.3023167 -0.38211933 0.15486348 -0.3566858 0.8382672
seq3/frame00043.png 23.338846 -22.334835 -2.1458597 -0.39854783 0.19663747 -0.42034188 0.79113144
seq3/frame00044.png 22.939411 -24.448494 -2.2314057 -0.40111524 0.23443092 -0.50046664 0.73076105
seq3/frame00045.png 17.647547 -26.62474 -2.1832628 -0.26518714 0.24666902 -0.58310205 0.7272414
seq3/frame00046.png 13.066792 -25.997025 -2.0432625 -0.12356441 0.18350255 -0.64995366 0.72713006
seq3/frame00047.png 20.774925 -26.793913 -2.259889 -0.26830617 0.21672094 -0.6186917 0.70587635
seq3/frame00048.png 22.668846 -23.752396 -2.0044076 -0.22936837 0.18904056 -0.64284676 0.70604914
seq3/frame00049.png 25.207731 -15.027344 -1.4524829 -0.29762822 0.33709145 -0.51737595 0.72799575
seq3/frame00050.png 17.748047 -22.187445 -1.7719421 -0.18351318 0.25674355 -0.6312594 0.7084865
seq3/frame00051.png 17.545746 -22.867004 -1.8402259 -0.15890226 0.21724278 -0.62524235 0.7326484
seq3/frame00052.png 17.546808 -22.310873 -1.8224738 -0.18522374 0.21450292 -0.62020576 0.7314998
seq3/frame00053.png 23.297115 -16.137554 -1.6044031 -0.2876047 0.2599501 -0.5211823 0.7603322
seq3/frame00054.png 26.635029 -21.692127 -1.9734437 -0.29220974 0.1988878 -0.6064442 0.7120417
seq3/frame00055.png 26.459084 -21.280495 -1.9399756 -0.291769 0.19492318 -0.620286 0.7016704
seq3/frame00056.png 24.829468 -20.78416 -1.9339877 -0.3156923 0.21166842 -0.5813152 0.7194361
seq3/frame00057.png 25.08436 -20.219204 -1.8815786 -0.39874524 0.23572789 -0.5324954 0.7085372
seq3/frame00058.png 25.657349 -20.525091 -1.9580954 -0.41855967 0.26348802 -0.4995308 0.71125853
seq3/frame00059.png 26.72113 -18.89893 -1.8276877 -0.47296518 0.2893905 -0.48220006 0.67842853
seq3/frame00060.png 24.494972 -17.480541 -1.6587929 -0.49166548 0.31169516 -0.46657115 0.6659049
seq3/frame00061.png 27.86568 -17.934496 -1.8187928 -0.4457855 0.31971273 -0.49889475 0.6709737
seq3/frame00062.png 26.678692 -17.024931 -1.8195935 -0.43463042 0.26753703 -0.47381046 0.7175808
seq3/frame00063.png 26.923862 -16.056034 -1.7336853 -0.4093121 0.26924574 -0.47881263 0.7285129
seq3/frame00064.png 27.262358 -15.545682 -1.6667877 -0.4021007 0.28315118 -0.49670693 0.71512336
seq3/frame00065.png 27.681654 -14.888952 -1.6280303 -0.43461147 0.28546837 -0.49659824 0.6948395
seq3/frame00066.png 28.063084 -14.637149 -1.6338868 -0.4710397 0.3066062 -0.48404777 0.6706832
seq3/frame00067.png 27.95972 -14.018452 -1.6067507 -0.4546255 0.3362612 -0.466955 0.6797918
seq3/frame00068.png 29.720264 -13.717678 -1.5808899 -0.5266047 0.32244492 -0.4242198 0.66238874
seq3/frame00069.png 29.51019 -12.825449 -1.5158912 -0.5149187 0.3526351 -0.42391542 0.65643305
seq3/frame00070.png 28.946432 -12.076818 -1.4694035 -0.5234916 0.33181652 -0.39909896 0.6758116
seq3/frame00071.png 29.424347 -10.283312 -1.1858337 -0.5794497 0.39163038 -0.4073949 0.5872007
seq3/frame00072.png 30.835823 -10.395976 -1.2260169 -0.5626679 0.4180343 -0.4215517 0.57544535
seq3/frame00073.png 30.51215 -10.294235 -1.2919959 -0.5673267 0.41550922 -0.39506048 0.5910507
seq3/frame00074.png 30.391088 -9.1254635 -1.1983039 0.5711659 -0.44111165 0.39493364 -0.56863534
seq3/frame00075.png 29.309002 -8.633942 -1.1424391 0.5933943 -0.40870312 0.41148424 -0.5581397
seq3/frame00076.png 29.212568 -8.038232 -1.1290513 0.6111903 -0.39486697 0.3904542 -0.5635307
seq3/frame00077.png 28.573895 -8.140786 -1.1865783 0.6074944 -0.36258876 0.4050478 -0.5791764
seq3/frame00078.png 28.602306 -7.105272 -1.0477785 0.6290351 -0.39604273 0.4041934 -0.53295416
seq3/frame00079.png 28.882965 -6.4789786 -0.8883194 0.62379885 -0.4761451 0.413628 -0.46160457
seq3/frame00080.png 25.231115 -11.461537 -1.1784574 -0.4228658 0.38082623 -0.57721 0.5856525
seq3/frame00081.png 28.651987 -5.4536633 -0.73275465 0.48122233 -0.48464578 0.5190213 -0.5141239
seq3/frame00082.png 28.775658 -5.664601 -0.8047266 0.5256217 -0.47707906 0.472056 -0.5229454
seq3/frame00083.png 21.989828 -1.3068353 -0.39419928 -0.513808 0.46210656 -0.48386005 0.5367466
seq3/frame00084.png 28.459885 -4.7815905 -0.80206585 -0.49894622 0.3746763 -0.49048832 0.6082796
seq3/frame00085.png 27.986809 -4.3688464 -0.82352626 -0.5210471 0.32447666 -0.42870715 0.6629064
seq3/frame00086.png 29.194561 -2.363556 -0.7129836 -0.57590246 0.3512777 -0.40414345 0.618091
seq3/frame00087.png 28.584438 -7.236125 -1.054759 0.59229237 -0.37372583 0.4044578 -0.5881165
seq3/frame00088.png 29.568344 -5.4720807 -1.0334442 0.62463194 -0.32061166 0.3534144 -0.6180343
seq3/frame00089.png 32.98545 -5.8433475 -0.92205894 0.6211874 -0.3986006 0.37926927 -0.5580162
seq3/frame00090.png 30.893415 -7.5870333 -1.0211899 0.58149475 -0.43779474 0.3929062 -0.5619388
seq3/frame00091.png 34.043144 -6.1379414 -0.92188 -0.55358636 0.44514886 -0.41540825 0.5682464
seq3/frame00092.png 30.598486 -6.8445783 -1.0095942 0.62389207 -0.41882306 0.39547434 -0.52806735
seq3/frame00093.png 30.711882 -6.5905347 -0.95108736 0.6577651 -0.44105262 0.3679725 -0.48723736
seq3/frame00094.png 32.954647 -5.8202114 -0.85773474 0.556403 -0.46936318 0.45771703 -0.5104511
seq3/frame00095.png 31.166914 -5.241343 -0.7776775 0.5609482 -0.4823199 0.4649047 -0.48615503
seq3/frame00096.png 28.446526 -6.793357 -0.8232284 -0.45885116 0.46391657 -0.53003037 0.54143906
seq3/frame00097.png 29.02893 -4.956035 -0.70504797 -0.45677114 0.46814036 -0.52677834 0.5432128
seq3/frame00098.png 26.732044 -5.4878683 -0.7786326 -0.51656467 0.4729395 -0.46648827 0.54010993
seq5/frame00001.png 25.020615 -13.539925 -1.3104798 -0.37491584 0.30491307 -0.57538736 0.6597973
seq5/frame00002.png 24.39047 -13.403934 -1.3420655 -0.37666476 0.32030174 -0.5533105 0.6702674
seq5/frame00003.png 28.904684 -14.69512 -1.4097944 -0.32222095 0.28647655 -0.6140241 0.6611974
seq5/frame00004.png 27.674498 -8.693899 -0.93067205 0.3711333 -0.38151821 0.60097474 -0.5962014
seq5/frame00005.png 22.745245 -11.685906 -1.0804149 0.28082725 -0.29796332 0.64599997 -0.6440782
seq5/frame00006.png 9.577048 -8.823763 -0.73177254 -0.2074367 0.2155583 -0.6402854 0.7073595
seq5/frame00007.png 27.065699 -10.564446 -1.076736 -0.31269246 0.30514625 -0.6222124 0.64949405
seq5/frame00008.png 19.06522 -16.690619 -1.5703958 -0.16552989 0.21218471 -0.5607018 0.7830724
seq5/frame00009.png 26.84511 -14.07114 -1.408459 -0.2676575 0.2597762 -0.576358 0.7271845
seq5/frame00010.png 26.940264 -15.355564 -1.4752353 -0.31171453 0.24849243 -0.6074058 0.687116
seq5/frame00011.png 29.569744 -12.119043 -1.3238581 -0.4284142 0.34527743 -0.5455377 0.63219357
seq5/frame00012.png 23.61604 -14.203623 -1.458797 -0.2891365 0.2872641 -0.48314235 0.7749618
seq5/frame00013.png 24.804485 -9.0954485 -0.9893445 -0.36201426 0.34840098 -0.55046564 0.6669856
seq5/frame00014.png 27.497652 -11.576106 -1.2583073 -0.41676238 0.3131073 -0.54565704 0.6562963
seq5/frame00015.png 27.297892 -10.816553 -1.2218258 -0.44214284 0.31619766 -0.5326381 0.64873403
seq5/frame00016.png 24.078743 -10.766222 -1.1184154 -0.3047133 0.31692833 -0.5424063 0.7160182
seq5/frame00017.png 24.744701 -8.70071 -1.007786 -0.39994723 0.37872812 -0.48530662 0.67897546
seq5/frame00018.png 25.951653 -9.562645 -1.164189 -0.51938707 0.3617191 -0.47673053 0.6099354
seq5/frame00019.png 25.838795 -10.939372 -1.1780866 -0.5352279 0.37540227 -0.47022116 0.59305125
seq5/frame00020.png 28.776049 -13.987017 -1.4661971 -0.5042952 0.40225708 -0.48824993 0.58768624
seq5/frame00021.png 27.234108 -12.937357 -1.2959387 0.54183334 -0.4389333 0.47039175 -0.54079735
seq5/frame00022.png 23.657366 -12.404749 -1.3659037 -0.41343093 0.39411202 -0.46274054 0.67792946
seq5/frame00023.png 23.160254 -11.588582 -1.1864018 -0.41993546 0.34935877 -0.5040353 0.6688931
seq5/frame00024.png 25.14594 -9.025331 -1.0710521 0.6555581 -0.41767088 0.30454507 -0.55035585
seq5/frame00025.png 24.637428 -10.499454 -1.2164487 0.64476025 -0.36720112 0.33133373 -0.5826627
seq5/frame00026.png 23.471642 -16.853996 -1.6960555 -0.45144504 0.2802737 -0.44211808 0.7226355
seq5/frame00027.png 25.610744 -12.106504 -1.3059428 0.59652376 -0.38777342 0.37948725 -0.5911992
seq5/frame00028.png 25.66961 -10.032138 -1.1003587 0.58433926 -0.43602106 0.4296182 -0.5328353
seq5/frame00029.png 23.020638 -13.906701 -1.4784867 -0.53816915 0.33238408 -0.40897575 0.6576809
seq5/frame00030.png 18.560972 -17.6237 -1.6771231 -0.3817848 0.18931194 -0.50321186 0.7517216
seq5/frame00031.png 19.698872 -16.176853 -1.5952646 -0.49308714 0.25698087 -0.46596906 0.6882597
seq5/frame00032.png 19.06354 -16.825869 -1.607009 -0.46752623 0.24010019 -0.47677243 0.7044973
seq5/frame00033.png 17.296911 -16.082071 -1.5533499 -0.39777642 0.22247127 -0.4572089 0.7636977
seq5/frame00034.png 17.04727 -17.772413 -1.6574138 -0.35665524 0.21305451 -0.5273287 0.74119043
seq5/frame00035.png 19.099068 -18.9302 -1.7195133 -0.38655534 0.26180363 -0.55098104 0.6917013
seq5/frame00036.png 15.877154 -19.710546 -1.7098976 -0.24053249 0.18503472 -0.60051405 0.7397324
seq5/frame00037.png 16.074446 -21.372469 -1.8509688 -0.24068771 0.18623969 -0.59727585 0.74206394
seq5/frame00038.png 16.641628 -21.33477 -1.8306887 -0.27720442 0.21472463 -0.59616315 0.7222672
seq5/frame00039.png 23.804333 -15.319092 -1.5667893 -0.3815983 0.2581832 -0.5377435 0.7060205
seq5/frame00040.png 23.84141 -15.845296 -1.5906224 -0.3639584 0.25394043 -0.5521101 0.7056909
seq5/frame00041.png 10.839094 -6.6468544 -0.60344166 -0.21576807 0.12259014 -0.6036741 0.7576349
seq5/frame00042.png 18.547655 -9.912411 -1.0305576 -0.33724982 0.2422869 -0.5730262 0.70648026
seq5/frame00043.png 20.535917 -17.469206 -1.5879837 -0.2930041 0.21517047 -0.5819556 0.72744024
seq5/frame00044.png 13.179061 -23.273209 -1.8982732 -0.2230375 0.21748999 -0.6024797 0.7348254
seq5/frame00045.png 22.174046 -17.47047 -1.6609998 -0.2923784 0.25455102 -0.5543272 0.73654
seq5/frame00046.png 14.703511 -23.703583 -1.9222832 -0.26412228 0.26018834 -0.6148743 0.69598
seq5/frame00047.png 11.042791 -18.134327 -1.4194466 -0.19142461 0.19583087 -0.6748678 0.68523395
seq5/frame00048.png 13.907748 -25.917093 -2.0599473 -0.15031607 0.18694288 -0.6251927 0.7426588
seq5/frame00049.png 19.323723 -25.21457 -2.0996532 -0.23705885 0.22263142 -0.61090887 0.7217955
seq5/frame00050.png 18.547762 -26.07617 -2.1755419 -0.227522 0.20005 -0.60504633 0.7361975
seq5/frame00051.png 18.345896 -26.83624 -2.2268858 -0.21806806 0.19483338 -0.6125955 0.73427206
seq5/frame00052.png 18.123425 -27.545975 -2.2398374 -0.20760813 0.19886544 -0.62266976 0.7276734
seq5/frame00053.png 18.146011 -27.927721 -2.282635 -0.18503077 0.17182645 -0.6279083 0.7363347
seq5/frame00054.png 17.867619 -28.43162 -2.3120668 -0.13391615 0.140716 -0.63022494 0.7515791
seq5/frame00055.png 17.40571 -28.915442 -2.32566 -0.1076015 0.1259585 -0.6215273 0.7656797
seq5/frame00056.png 16.780556 -29.501177 -2.3583603 -0.067214966 0.07554141 -0.6342277 0.76657414
seq5/frame00057.png 16.50822 -29.146545 -2.3049312 -0.04825218 0.08978158 -0.6306804 0.76922154
seq5/frame00058.png 16.155231 -29.333464 -2.3250883 -0.056813672 0.079414286 -0.62784094 0.7721513
seq5/frame00059.png 17.0416 -29.711128 -2.4261472 -0.11578257 0.12696557 -0.58875203 0.7898149
seq5/frame00060.png 16.234085 -28.535025 -2.3043013 -0.04486398 0.05641574 -0.60553855 0.79254925
seq5/frame00061.png 17.82985 -28.20984 -2.3714864 -0.106602386 0.05939262 -0.587748 0.79982
seq5/frame00062.png 18.043135 -28.516638 -2.4183848 -0.12332893 0.06685038 -0.5772872 0.80445576
seq5/frame00063.png 18.103071 -28.063406 -2.4261556 -0.1246056 0.053172722 -0.5619726 0.8159818
seq5/frame00064.png 18.837547 -27.412992 -2.3498466 -0.14984894 0.09635985 -0.5505966 0.8154933
seq5/frame00065.png 19.13174 -26.823723 -2.3152802 -0.16223164 0.115600474 -0.54522914 0.8142542
seq5/frame00066.png 19.361786 -26.292927 -2.2784069 -0.15336123 0.09540693 -0.53029805 0.8283516
seq5/frame00067.png 19.273859 -25.488142 -2.2213569 -0.108426884 0.079995975 -0.54062533 0.83043057
seq5/frame00068.png 20.210379 -25.593216 -2.2294352 -0.15954539 0.11766495 -0.56115824 0.80360776
seq5/frame00069.png 21.301962 -25.228489 -2.2262356 -0.16828549 0.1304229 -0.5777331 0.7879496
seq5/frame00070.png 22.24164 -24.991459 -2.1926215 -0.19100423 0.13473628 -0.6048817 0.7612665
seq5/frame00071.png 24.017183 -18.938997 -1.773094 -0.2784839 0.28044888 -0.55962765 0.7284535
seq5/frame00072.png 25.740986 -19.49616 -1.7229284 -0.31397015 0.26934633 -0.6320955 0.6552159
seq5/frame00073.png 24.471598 -17.318306 -1.6128147 -0.324265 0.33283642 -0.5715761 0.67614836
seq5/frame00074.png 23.473003 -19.188044 -1.7151554 -0.2920684 0.30322203 -0.59264284 0.6868074
seq5/frame00075.png 24.179335 -21.286392 -1.8820899 -0.28182605 0.26080167 -0.6216569 0.68264997
seq5/frame00076.png 19.754845 -16.281748 -1.5690795 -0.33828342 0.2260858 -0.5549429 0.7255969
seq5/frame00077.png 19.851206 -15.794161 -1.5427932 -0.36693397 0.23060338 -0.54651076 0.71657985
seq5/frame00078.png 23.488811 -19.235493 -1.7473562 -0.32992148 0.28940144 -0.60086775 0.6679989
seq5/frame00079.png 23.573347 -18.946207 -1.7266479 -0.3567649 0.2713333 -0.6051329 0.65806067
seq5/frame00080.png 16.368902 -14.43643 -1.3047155 -0.23900099 0.18109931 -0.5739317 0.7620654
seq5/frame00081.png 18.998135 -19.513302 -1.6607656 -0.2079283 0.23485415 -0.6215267 0.7176936
seq5/frame00082.png 22.33396 -18.9585 -1.6720484 -0.32200035 0.30040643 -0.59517515 0.67207336
