seq13/frame00001.png 29.570816 -16.540125 -1.6521144 -0.42486408 0.33437055 -0.5129554 0.66677374
seq13/frame00002.png 29.635408 -16.521595 -1.640412 -0.42712218 0.33639392 -0.51094514 0.66587895
seq13/frame00003.png 29.529072 -16.456352 -1.6414362 -0.42896762 0.3341518 -0.5102605 0.66637796
seq13/frame00004.png 29.537374 -16.29838 -1.6549147 -0.43596116 0.3175921 -0.48676232 0.6871578
seq13/frame00005.png 28.88916 -16.672815 -1.6537344 -0.43266967 0.30624145 -0.5068797 0.6795833
seq13/frame00006.png 28.335361 -16.779934 -1.6662027 -0.4051915 0.30220714 -0.501935 0.7018157
seq13/frame00007.png 27.700151 -17.150013 -1.6967181 -0.38981822 0.26639566 -0.5136418 0.7163743
seq13/frame00008.png 27.041056 -17.225687 -1.7319702 -0.38714036 0.26221335 -0.5027612 0.7271284
seq13/frame00009.png 26.705988 -17.017113 -1.7493098 -0.41913027 0.26859412 -0.48248503 0.72056884
seq13/frame00010.png 26.456806 -18.126995 -1.872283 -0.43508026 0.2180915 -0.4367457 0.7564949
seq13/frame00011.png 25.846247 -18.182447 -1.8917032 -0.42910156 0.15668939 -0.40317005 0.79303366
seq13/frame00012.png 24.236721 -19.30357 -1.916099 -0.41402835 0.11761923 -0.3727007 0.82210594
seq13/frame00013.png 25.313707 -17.421667 -1.9688188 -0.4425673 0.127267 -0.34711176 0.8169736
seq13/frame00014.png 23.713715 -19.85467 -1.974145 -0.38480923 0.103574835 -0.38151255 0.83407634
seq13/frame00015.png 23.51417 -19.372355 -2.0003266 -0.41973218 0.12999718 -0.38594353 0.8112276
seq13/frame00016.png 23.37024 -20.18038 -1.8985467 -0.3789828 0.17195746 -0.44515833 0.7928283
seq13/frame00017.png 22.971807 -20.64462 -1.8617437 -0.31072915 0.22781931 -0.535274 0.7515569
seq13/frame00018.png 22.42743 -21.133947 -1.8557318 -0.27229148 0.24401294 -0.60791093 0.7047556
seq13/frame00019.png 25.92764 -18.433937 -1.7064729 -0.22752838 0.14583924 -0.63350904 0.72502023
seq13/frame00020.png 26.890953 -17.767172 -1.7893795 -0.1459046 0.21080993 -0.61755943 0.7436407
seq13/frame00021.png 21.52941 -22.088083 -1.7869551 -0.10357495 0.1545374 -0.68355376 0.7059378
seq13/frame00022.png 29.112614 -19.439276 -1.8225988 -0.14293565 0.21442871 -0.62495106 0.7368882
seq13/frame00023.png 19.342957 -22.809008 -1.9642843 -0.21163274 0.19890568 -0.60766715 0.73919785
seq13/frame00024.png 19.151957 -22.660528 -1.9632719 -0.34716713 0.2576278 -0.5310469 0.7286903
seq13/frame00025.png 18.81087 -23.643082 -2.0700057 -0.35862967 0.25918606 -0.5207772 0.73002
seq13/frame00026.png 18.432697 -23.379826 -1.9910071 -0.33931765 0.27567405 -0.5344065 0.72360456
seq13/frame00027.png 17.539951 -24.902023 -2.0529637 -0.28156957 0.24964438 -0.59163684 0.7128747
seq13/frame00028.png 11.866531 -17.26947 -1.3477799 -0.30602136 0.265424 -0.64186037 0.6512834
seq13/frame00029.png 21.810654 -14.343803 -1.4201275 -0.38846013 0.2972764 -0.5772659 0.65394604
seq13/frame00030.png 12.708579 -19.98624 -1.6212296 -0.055957746 0.1127753 -0.6490296 0.7501871
seq13/frame00031.png 16.53182 -25.758362 -2.032518 -0.18779975 0.2116665 -0.64963186 0.70543617
seq13/frame00032.png 20.60474 -18.222849 -1.6034665 -0.20388559 0.18633427 -0.60176015 0.7493862
seq13/frame00033.png 10.698647 -18.1164 -1.3799746 -0.1897537 0.24767724 -0.65524304 0.6881014
seq13/frame00034.png 17.691103 -19.037907 -1.5669851 -0.4344308 0.3658942 -0.56715304 0.59645146
seq13/frame00035.png 13.91237 -28.671597 -2.2281382 -0.21097195 0.20135777 -0.6386408 0.71213627
seq13/frame00036.png 13.295683 -29.042696 -2.2743378 -0.18527976 0.17290485 -0.66314274 0.70443946
seq13/frame00037.png 4.226346 -24.890047 -1.9057546 -0.08244927 0.12232272 -0.5713285 0.8073872
seq13/frame00038.png 2.1528232 -23.181917 -1.5549197 -0.2256264 0.18192142 -0.6683073 0.6851173
seq13/frame00039.png 2.2054975 -24.061943 -1.7174243 -0.22990549 0.19357324 -0.66395104 0.6845644
seq13/frame00040.png 1.7618229 -24.30242 -1.6241248 -0.21721901 0.16694127 -0.67487895 0.68523556
seq13/frame00041.png 3.5554235 -30.077995 -2.2117834 -0.10180095 0.112809256 -0.6432764 0.7504615
seq13/frame00042.png 4.296917 -32.864006 -2.4355218 -0.06964532 0.12715153 -0.67786545 0.72066194
seq13/frame00043.png 4.0593114 -32.294945 -2.3503456 -0.08419289 0.13911793 -0.6789024 0.7160064
seq13/frame00044.png 3.522991 -32.77356 -2.3212442 -0.055921953 0.11488216 -0.67665005 0.7251858
seq13/frame00045.png 0.008098293 -24.882381 -1.6749529 -0.16976406 0.11422855 -0.6581184 0.7244791
seq13/frame00046.png -2.833485 -27.806164 -1.9246505 -0.045552686 0.07665471 -0.6529842 0.7521351
seq13/frame00047.png 5.4092126 -28.138275 -1.9303735 -0.06713301 0.2058757 -0.65699416 0.7220506
seq13/frame00048.png 3.7731926 -31.542877 -2.1888924 -0.05096854 0.15520419 -0.6656467 0.7282765
seq13/frame00049.png -3.3200202 -27.751783 -1.9108682 -0.048539024 0.11003953 -0.6660563 0.7361582
seq13/frame00050.png -7.1540356 -16.69322 -1.0549967 -0.2582757 0.24010587 -0.6143784 0.70594174
seq13/frame00051.png -3.4308815 -28.307194 -1.9906788 -0.09421301 0.14058845 -0.6406989 0.7488254
seq13/frame00052.png -3.1185617 -28.795229 -2.0751045 -0.11000136 0.13970055 -0.6496408 0.73898935
seq13/frame00053.png -11.768574 -30.229725 -1.9723046 0.04095 -0.017578086 0.71126246 -0.70158815
seq13/frame00054.png -4.421895 -28.976599 -1.949666 -0.050964646 0.1020472 -0.6826857 0.7216918
seq13/frame00055.png 5.80496 -25.49826 -2.0825336 -0.13837336 0.1632535 -0.64154 0.7367066
seq13/frame00056.png 2.6612017 -35.90924 -2.5634875 0.067622185 0.0066954587 -0.68917227 0.7215039
seq13/frame00057.png 0.3025695 -33.316925 -2.4393253 0.1506834 -0.06653415 -0.6528548 0.73950195
seq13/frame00058.png 1.338852 -35.05586 -2.5261636 0.20194544 -0.09882288 -0.6311535 0.7423607
seq13/frame00059.png 0.14464778 -33.565964 -2.4857616 0.23789863 -0.11035649 -0.57448244 0.7753913
seq13/frame00060.png 0.36178267 -34.58551 -2.535 0.21167924 -0.094218634 -0.5509007 0.80165917
seq13/frame00061.png -1.1944456 -29.62696 -2.191281 0.29952878 -0.09299488 -0.46907246 0.8255791
seq13/frame00062.png -0.57429725 -29.3303 -2.2056077 0.30772057 -0.12013037 -0.48245034 0.8112903
seq13/frame00063.png -2.1403494 -28.932892 -2.0758822 0.34497398 -0.13458271 -0.48679447 0.7911915
seq13/frame00064.png -3.6147456 -30.369715 -2.2078764 0.27189088 -0.17835611 -0.57639384 0.7497055
seq13/frame00065.png -1.9654987 -32.996307 -2.3785114 0.19658184 -0.11311701 -0.6447372 0.7299938
seq13/frame00066.png -2.5798647 -32.502254 -2.3025448 0.1439006 -0.06288261 -0.6654311 0.7297295
seq13/frame00067.png -5.498322 -29.64466 -2.0426023 -0.027610267 -0.013230265 -0.6813571 0.7313609
seq13/frame00068.png -7.3049765 -29.16581 -1.928575 -0.046810795 0.017016878 -0.67206955 0.73879117
seq13/frame00069.png -5.7441077 -29.885674 -2.1371036 -0.060451876 0.048520453 -0.68543875 0.7238901
seq13/frame00070.png -7.7762413 -30.390661 -2.1666327 -0.039380956 0.025856638 -0.6866338 0.72557884
seq13/frame00071.png -6.123239 -30.960022 -2.2468433 -0.03921824 0.07095491 -0.68810743 0.72096187
seq13/frame00072.png -4.758636 -27.480967 -1.7759696 -0.09889782 0.1531417 -0.67654055 0.71336126
seq13/frame00073.png -6.283885 -29.097034 -2.028217 0.18762968 -0.08402894 -0.61683553 0.7597416
seq13/frame00074.png -6.6281652 -28.569487 -2.0153677 0.24127884 -0.11995079 -0.5709573 0.7755283
seq13/frame00075.png -6.850634 -28.064688 -1.984224 0.284762 -0.1774614 -0.55060846 0.76435435
seq13/frame00076.png -2.1320598 -23.716972 -1.796078 0.34767884 -0.22735362 -0.5084602 0.7541429
seq13/frame00077.png -10.504643 -26.419062 -1.8704693 0.45421472 -0.24891867 -0.4970491 0.69613034
seq13/frame00078.png -8.2547245 -27.842525 -1.9705433 0.31563544 -0.235853 -0.5281203 0.7522319
seq13/frame00079.png -9.082895 -26.494986 -1.8518345 0.3260666 -0.24246359 -0.52717185 0.74616784
seq13/frame00080.png -8.925234 -25.358755 -1.798162 0.33401325 -0.2521426 -0.52788454 0.7390754
seq13/frame00081.png -6.782349 -24.837029 -1.7126358 0.29756463 -0.20330277 -0.53853357 0.76168275
seq13/frame00082.png -10.042212 -24.345812 -1.6485077 0.2961056 -0.2233968 -0.5588625 0.7416208
seq13/frame00083.png -10.572758 -23.879858 -1.6246296 0.26838446 -0.19308276 -0.584954 0.7405781
seq13/frame00084.png -12.020888 -23.563725 -1.611442 0.15502127 -0.104064904 -0.6234362 0.75939894
seq13/frame00085.png -14.681031 -20.64166 -1.4341274 0.05815322 -0.022955585 -0.61710155 0.7843942
seq13/frame00086.png -13.864685 -20.989279 -1.5150808 0.0032910442 0.030408928 -0.63970685 0.7679225
seq13/frame00087.png -13.149194 -22.473623 -1.580744 0.018178925 0.025684632 -0.63969 0.7679995
seq13/frame00088.png -13.995594 -22.3778 -1.5744185 0.043073185 0.0024406419 -0.63785607 0.7689579
seq13/frame00089.png -16.348911 -25.97288 -1.7983758 0.0033252258 0.015871635 -0.6884925 0.72503674
seq13/frame00090.png -14.3593025 -21.633951 -1.4144853 0.20396619 -0.1276759 -0.6252546 0.7424685
seq13/frame00091.png -14.790781 -21.431732 -1.4135821 0.36294493 -0.24184588 -0.56178176 0.7029604
seq13/frame00092.png -15.311567 -20.680838 -1.3190329 0.41162992 -0.28221467 -0.54681927 0.67224026
seq13/frame00093.png -15.728925 -20.168646 -1.2528126 0.40476173 -0.29645023 -0.5462161 0.6709227
seq13/frame00094.png -16.280848 -19.727417 -1.238292 0.42915612 -0.31145158 -0.5246442 0.66589785
seq13/frame00095.png -16.73093 -19.1211 -1.2627022 0.44916144 -0.2792096 -0.48189694 0.6987479
seq13/frame00096.png -18.699928 -14.448067 -0.85799193 0.5277636 -0.29808903 -0.38297117 0.69705003
seq13/frame00097.png -18.001247 -15.264514 -0.9127311 0.52914363 -0.30167913 -0.36687878 0.7031882
seq13/frame00098.png -15.79954 -15.100464 -0.95313084 0.54513663 -0.2906317 -0.35819826 0.699924
seq13/frame00099.png -16.61318 -18.979002 -1.2666858 0.50857866 -0.29620934 -0.40460506 0.70003587
seq13/frame00100.png -18.523098 -15.872614 -1.0125393 0.51402336 -0.31042582 -0.40168628 0.69135255
seq13/frame00101.png -19.51763 -16.148449 -1.0412614 0.3322032 -0.2391603 -0.51962453 0.74979067
seq13/frame00102.png -20.229445 -15.927372 -0.98701364 0.15299927 -0.093361095 -0.60913163 0.772585
seq13/frame00103.png -22.180262 -15.496246 -0.8867999 0.18830425 -0.09969153 -0.62166387 0.7538647
seq13/frame00104.png -22.28729 -14.863521 -0.8449701 0.19185968 -0.099336244 -0.62329 0.7517046
seq13/frame00105.png -21.93087 -14.610001 -0.8225526 0.20971757 -0.10171033 -0.62310517 0.7466706
seq13/frame00106.png -21.688522 -14.265492 -0.80675244 0.29992232 -0.1679224 -0.600699 0.721702
seq13/frame00107.png -22.176632 -14.068496 -0.71781886 0.4259796 -0.28708884 -0.5766484 0.63523054
seq13/frame00108.png -19.84609 -13.705083 -0.74473417 0.51276606 -0.42357987 -0.49318546 0.5607586
seq13/frame00109.png -23.233858 -12.458177 -0.55446184 0.5083824 -0.38241246 -0.5320259 0.55933553
seq13/frame00110.png -23.705605 -12.276683 -0.59557307 0.5288409 -0.36328927 -0.486492 0.5929687
seq13/frame00111.png -24.365677 -11.827071 -0.576286 0.49233544 -0.34362492 -0.50506836 0.6200687
seq13/frame00112.png -25.04165 -11.518016 -0.52348906 0.4749508 -0.34617037 -0.51772875 0.6218233
seq13/frame00113.png -25.663956 -11.04258 -0.46895155 0.4804095 -0.32648346 -0.5147383 0.6306145
seq13/frame00114.png -26.441769 -10.784506 -0.4101931 0.46436647 -0.309998 -0.5315248 0.63702506
seq13/frame00115.png -23.45905 -12.489787 -0.61389077 0.48206213 -0.3527999 -0.5120652 0.61724246
seq13/frame00116.png -23.28211 -15.249102 -0.8697784 0.46627438 -0.2684822 -0.5145318 0.66764015
seq13/frame00117.png -24.213362 -14.74048 -0.8114291 0.500203 -0.2899374 -0.50027096 0.6447009
seq13/frame00118.png -24.763105 -13.912692 -0.7723736 0.5221386 -0.28274202 -0.46585438 0.65594137
seq13/frame00119.png -25.007517 -13.1678915 -0.69578046 0.5225921 -0.3047746 -0.4652349 0.646168
seq13/frame00120.png -25.65304 -12.606722 -0.66277397 0.52434576 -0.3114718 -0.45427144 0.6493994
seq13/frame00121.png -21.019054 -13.101665 -0.8350252 0.5299221 -0.29726166 -0.41941375 0.6744084
seq13/frame00122.png -22.422882 -10.736 -0.5758851 0.43015316 -0.2691177 -0.45021194 0.734879
seq13/frame00123.png -24.882345 -10.244641 -0.45652622 0.49362448 -0.30245468 -0.43331647 0.69066405
seq13/frame00124.png -24.846186 -9.949385 -0.40283832 0.50042313 -0.30251828 -0.43519813 0.6845575
seq13/frame00125.png -24.663013 -12.395594 -0.58475786 0.5483858 -0.33906487 -0.4249203 0.6353674
seq13/frame00126.png -23.63235 -10.139084 -0.5950606 0.60128707 -0.3218707 -0.380628 0.6243194
seq13/frame00127.png -25.446726 -8.933921 -0.25050977 0.59252787 -0.32007787 -0.3991791 0.622275
seq13/frame00128.png -26.33885 -4.5417547 0.07416929 0.62729853 -0.32746476 -0.43897083 0.5536231
seq13/frame00129.png -35.904232 -3.949584 0.05590155 0.56567615 -0.35899183 -0.4326311 0.60334384
seq13/frame00130.png -37.699604 -3.6681056 0.122238696 0.5504824 -0.34490877 -0.45861518 0.6063319
seq13/frame00131.png -38.61276 -3.2318277 0.19606385 0.57012135 -0.33516365 -0.47338852 0.5818631
seq13/frame00132.png -36.770958 -2.1539125 0.2580306 0.5286829 -0.34231246 -0.44436014 0.6370178
seq13/frame00133.png -36.993862 -1.8567388 0.23517656 0.5510864 -0.3679075 -0.39946052 0.63363045
seq13/frame00134.png -38.084564 -1.3889837 0.31024125 0.5801746 -0.36323225 -0.43325958 0.58624077
seq13/frame00135.png -37.78199 -0.8285592 0.42910704 0.54114074 -0.35512125 -0.44088358 0.6218981
seq13/frame00136.png -38.43536 -0.30222985 0.49165308 0.557089 -0.35899666 -0.4572138 0.59327406
seq13/frame00137.png -39.050728 0.10415347 0.49473232 0.53149974 -0.35602626 -0.47314224 0.6057821
seq13/frame00138.png -38.80075 0.741203 0.5809347 0.56764656 -0.384546 -0.44969732 0.57229125
seq13/frame00139.png -39.740597 4.0510216 0.8204485 0.59848297 -0.4407015 -0.39184287 0.54213136
seq13/frame00140.png -40.94607 5.965017 0.94018227 0.6144088 -0.45929316 -0.37449732 0.52087253
seq13/frame00141.png -40.883553 5.713939 0.9724616 0.586617 -0.42789105 -0.40222713 0.5578878
seq13/frame00142.png -42.51285 3.896017 0.9516264 0.5742614 -0.41065162 -0.45102832 0.54621553
seq13/frame00143.png -41.898724 6.0618005 1.0832236 0.59042746 -0.43128112 -0.42923874 0.5303063
seq13/frame00144.png -41.360783 7.334242 1.1859033 0.57759565 -0.42948025 -0.4371884 0.5391806
seq13/frame00145.png -41.58756 5.5678196 1.0580269 0.5475678 -0.3734293 -0.48948988 0.56661576
seq13/frame00146.png -42.060787 6.4940987 1.1680561 0.5201146 -0.36417896 -0.47937644 0.60573834
seq13/frame00147.png -41.820095 7.129663 1.2084687 0.5271403 -0.36479068 -0.49707425 0.58483297
seq13/frame00148.png -41.399677 8.145287 1.3213506 0.5059172 -0.32415244 -0.52847147 0.59996116
seq13/frame00149.png -41.14607 8.407881 1.3387893 0.52195346 -0.3112332 -0.5156758 0.6039801
seq13/frame00150.png -40.97445 9.505873 1.3836492 0.51339346 -0.32142767 -0.5341498 0.5897412
seq13/frame00151.png -40.586807 9.661083 1.3543804 0.49241665 -0.34884828 -0.54621595 0.58093107
seq13/frame00152.png -39.81669 10.770648 1.4881787 0.49664742 -0.34661698 -0.5457925 0.57894737
seq13/frame00153.png -39.339622 11.3383665 1.546458 0.52273965 -0.37561464 -0.52213234 0.55951923
seq13/frame00154.png -39.094578 12.051072 1.5834227 0.5283118 -0.3859418 -0.52264524 0.54629683
seq13/frame00155.png -38.63096 12.597191 1.6019161 0.57753074 -0.40800923 -0.45974216 0.53719145
seq13/frame00156.png -38.1406 13.272744 1.5977566 0.57729006 -0.386343 -0.4619773 0.55160964
seq13/frame00157.png -36.78836 14.264894 1.6733706 0.57383484 -0.41721803 -0.4216872 0.56468076
seq13/frame00158.png -36.800575 14.554818 1.6452537 0.59224117 -0.36867797 -0.4611913 0.54826367
seq13/frame00159.png -35.704117 15.074861 1.659964 0.6032442 -0.3641719 -0.43811753 0.55816007
seq13/frame00160.png -35.759304 15.763678 1.7608413 0.60402215 -0.34450695 -0.44823042 0.5618284
seq13/frame00161.png -35.84994 16.432354 1.8628812 0.6177577 -0.3632448 -0.42942038 0.5495049
seq13/frame00162.png -35.623756 16.992893 1.8707405 0.62435865 -0.37740546 -0.43228737 0.5299154
seq13/frame00163.png -35.22692 17.732216 1.9242691 0.62915254 -0.3830379 -0.4310997 0.5210056
seq13/frame00164.png -34.836636 18.222311 1.9860848 0.6461883 -0.40506673 -0.4096983 0.5003554
seq13/frame00165.png -34.46412 18.968075 2.00487 0.6915736 -0.4326009 -0.36619547 0.44776508
seq13/frame00166.png -33.91613 19.050095 1.9978976 0.68341935 -0.43313214 -0.36341053 0.46190906
seq13/frame00167.png -33.668175 19.966537 2.0765805 0.70384425 -0.43427378 -0.34529752 0.44346583
seq13/frame00168.png -33.234108 20.657465 2.1217105 0.72400206 -0.45797637 -0.29937658 0.42007867
seq13/frame00169.png -33.06411 21.112686 2.142679 0.7498643 -0.43975106 -0.28633097 0.40293682
seq13/frame00170.png -32.766308 21.993223 2.1859965 0.7398504 -0.46714318 -0.24075644 0.4199178
seq13/frame00171.png -32.402058 22.897276 2.303733 0.7056757 -0.49735925 -0.25529474 0.43527862
seq13/frame00172.png -31.91401 23.636951 2.3242874 0.73562986 -0.501821 -0.22844438 0.39349797
seq13/frame00173.png -31.753805 23.822657 2.2911773 0.76177555 -0.46751755 -0.21699329 0.39224562
seq13/frame00174.png -31.316603 23.935429 2.2632077 0.77927 -0.450659 -0.21530846 0.3784901
seq13/frame00175.png -30.525862 25.010025 2.379749 0.77772313 -0.46775556 -0.21455304 0.3609563
seq13/frame00176.png -30.423569 24.833904 2.3580558 0.79679465 -0.46799558 -0.20799392 0.32106048
seq13/frame00177.png -29.857227 25.24881 2.3508286 0.80615354 -0.4615139 -0.18925425 0.31801343
seq13/frame00178.png -28.437368 26.02075 2.4293418 0.8223774 -0.47675663 -0.1875891 0.24712494
seq13/frame00179.png -21.581806 21.055168 1.7907394 0.9056875 -0.41860506 0.021568568 -0.062431455
seq13/frame00180.png -26.488352 26.775059 2.4043448 0.8178006 -0.48739338 -0.18190753 0.24632241
seq13/frame00181.png -25.58228 27.058048 2.4247904 0.8108389 -0.47725552 -0.2063868 0.26861864
seq13/frame00182.png -25.178524 27.242374 2.4303813 0.81908673 -0.46981475 -0.18483062 0.2723463
seq13/frame00183.png -24.4757 27.418518 2.4104612 0.8408324 -0.46686593 -0.14534594 0.23251335
seq13/frame00184.png -24.143747 27.862568 2.4444761 0.8319499 -0.49587953 -0.13446745 0.20924957
seq13/frame00185.png -23.490265 28.1153 2.489419 0.8154605 -0.5233978 -0.1480104 0.19831076
seq13/frame00186.png -25.029202 28.214079 2.5768192 0.7643073 -0.5464085 -0.17995916 0.2914418
seq13/frame00187.png -23.639355 26.370054 2.3989856 0.7414236 -0.5291847 -0.19861557 0.3616152
seq13/frame00188.png -21.906067 25.540697 2.2094693 0.7799167 -0.4637704 -0.21151519 0.3630274
seq13/frame00189.png -21.016785 29.474339 2.479777 0.8261114 -0.49871376 -0.17507091 0.19534418
seq13/frame00190.png -20.465588 29.626802 2.4743686 0.8331451 -0.4899636 -0.16637735 0.19539854
seq13/frame00191.png -19.896996 30.355528 2.5866551 0.816237 -0.51320654 -0.17896338 0.19615795
seq13/frame00192.png -19.187555 30.835642 2.5733569 0.81608266 -0.5173413 -0.16866364 0.19447741
seq13/frame00193.png -18.862616 31.294308 2.604272 0.81449205 -0.53079915 -0.15943031 0.1712044
seq13/frame00194.png -18.151936 31.63064 2.6164594 0.8257878 -0.52511436 -0.14559047 0.14553452
seq13/frame00195.png -17.6475 32.164036 2.6502008 0.8278842 -0.53915465 -0.12272928 0.093767025
seq13/frame00196.png -17.132471 32.644325 2.7241373 0.82448316 -0.53831625 -0.13440031 0.111294195
seq13/frame00197.png -16.35144 32.916176 2.781024 0.7835089 -0.5946148 -0.14667054 0.10431518
seq13/frame00198.png -15.791111 33.223003 2.8705294 0.75374496 -0.61463964 -0.20008719 0.1186946
seq13/frame00199.png -9.3209095 16.370186 1.5202254 -0.67223793 0.7124063 0.02705766 -0.19944464
seq13/frame00200.png -9.211098 27.619627 2.3176727 0.7331964 -0.6677012 0.10164012 -0.078446604
seq13/frame00201.png -13.917793 34.247074 2.8567467 0.76522946 -0.62520075 -0.13410045 0.07493819
seq13/frame00202.png -8.625125 29.16327 2.307422 0.74786454 -0.659447 0.06801037 -0.03487359
seq13/frame00203.png -12.596817 34.416885 2.82113 0.7888907 -0.6047238 -0.095496655 0.05483231
seq13/frame00204.png -11.89575 34.707047 2.7619944 0.8093812 -0.5860537 -0.031927492 0.018253319
seq13/frame00205.png -16.589205 27.791286 2.362587 0.7485962 -0.45752025 -0.34866938 0.32962844
seq13/frame00206.png -10.606924 34.590466 2.7035935 0.817139 -0.57616484 0.0064018313 -0.013244892
seq13/frame00207.png -9.590687 34.86294 2.6933813 0.8228692 -0.56724465 -0.016024038 -0.029427016
seq13/frame00208.png -12.4600115 34.390358 2.7032647 0.8283547 -0.5446277 -0.12909585 0.023916313
seq13/frame00209.png -13.819389 20.799427 1.8582196 0.7582869 -0.5857419 -0.2020768 0.20295836
seq13/frame00210.png -13.069769 36.92578 2.9547956 0.8212639 -0.56248915 -0.08229737 -0.04795205
seq13/frame00211.png -8.396299 32.35353 2.455439 0.8388576 -0.5419085 -0.03592849 -0.038215064
seq13/frame00212.png -10.727511 32.203945 2.6377242 0.81444144 -0.5543568 -0.14543054 0.09096925
seq13/frame00213.png -14.520352 38.946518 3.1655724 0.832486 -0.54683584 -0.067846514 -0.056798268
seq13/frame00214.png -12.845931 27.04006 2.304632 0.80225223 -0.54662246 -0.16399066 0.1748453
seq13/frame00215.png -19.50802 24.688547 2.2299545 0.7721676 -0.6247753 -0.065419726 0.09614129
seq13/frame00216.png -15.286966 23.234207 1.951764 0.86253494 -0.48150536 -0.06519473 0.1414874
seq13/frame00217.png -9.357048 30.24628 2.5025444 0.83892787 -0.53970844 -0.05916053 -0.037468433
seq13/frame00218.png -5.8437963 31.543207 2.6515656 0.79091823 -0.6079817 -0.018421097 0.0669241
seq13/frame00219.png -6.1319714 28.311752 2.4378693 0.77467716 -0.6226968 -0.026280632 0.107034504
seq13/frame00220.png -12.242685 21.778357 1.867631 0.7990327 -0.59343386 0.09517153 0.018363787
seq13/frame00221.png -2.3808298 29.766363 2.2797263 0.8157517 -0.5757682 -0.04724434 0.029815627
seq13/frame00222.png -1.7825779 29.205019 2.2301214 0.8204412 -0.5690679 -0.031114606 0.0471142
seq13/frame00223.png -1.0695336 29.157219 2.1942132 0.8156515 -0.5749281 -0.04781485 0.042891223
seq13/frame00224.png -0.21439303 28.989256 2.1895924 0.8128835 -0.58245784 -0.0072650947 0.007333962
seq13/frame00225.png -4.8323812 27.429514 2.2667768 0.803402 -0.5908902 -0.022661336 0.070489995
seq13/frame00226.png -4.8207645 27.509562 2.2869568 0.78991294 -0.60696524 -0.016828764 0.08551002
seq13/frame00227.png 1.7965219 28.070414 2.062408 0.8053897 -0.5906292 -0.012689336 -0.048319474
seq13/frame00228.png 2.4192805 27.90128 2.0518851 0.8204684 -0.56952286 0.007964972 -0.049196076
seq13/frame00229.png 3.298418 27.44213 1.9791124 0.8272149 -0.5614152 -0.008984543 -0.02307367
seq13/frame00230.png 3.803408 27.096107 1.9365419 0.82929456 -0.557592 -0.037411064 -0.013290466
seq13/frame00231.png 4.709758 26.834303 1.8986753 0.8298764 -0.5566906 -0.028976837 0.022209244
seq13/frame00232.png 5.3469496 26.58008 1.8357906 0.8319016 -0.55313295 0.040197104 -0.018736474
seq13/frame00233.png 5.921514 25.997738 1.774069 0.83885616 -0.5415591 0.03474896 -0.04140392
seq13/frame00234.png 6.942152 26.016739 1.7687922 0.8339646 -0.54819125 0.059540376 -0.01916712
seq13/frame00235.png 7.2748947 25.427889 1.7049773 0.8475102 -0.52641004 0.060343526 -0.031791788
seq13/frame00236.png 8.093953 24.962349 1.6617165 0.84435815 -0.5292531 0.07104193 -0.04335557
seq13/frame00237.png 8.469199 24.648067 1.6242878 0.8410881 -0.53241843 0.08831122 -0.03620303
seq13/frame00238.png 9.067937 24.043142 1.5477669 0.8629182 -0.50114805 0.055129394 -0.035735276
seq13/frame00239.png 9.28048 23.339336 1.5026554 0.88106424 -0.47185487 0.022757374 -0.023726923
seq13/frame00240.png 10.641422 22.701004 1.5053973 0.87972045 -0.47237268 0.035063796 -0.04038029
seq13/frame00241.png 11.465069 20.981796 1.3367676 0.8918837 -0.44922224 0.036063455 -0.03613999
seq13/frame00242.png 11.482135 23.779284 1.5283172 0.8448522 -0.53252554 0.048073426 -0.012578062
seq13/frame00243.png 11.425311 21.368034 1.3295976 0.81645125 -0.5731605 0.01982063 -0.06794505
seq13/frame00244.png 11.90176 20.722097 1.2820199 0.81816626 -0.574057 -0.0027522342 -0.032691825
seq13/frame00245.png 12.536583 20.302294 1.2584317 0.8006649 -0.5983971 0.006714647 -0.02798114
seq13/frame00246.png 15.487038 13.245052 0.7986537 0.8005865 -0.5989583 -0.012818914 -0.0053473194
seq13/frame00247.png 7.84861 10.758218 0.79102683 0.73781866 -0.65249 0.16167796 -0.06257252
seq13/frame00248.png 13.847703 11.350074 0.69770265 0.7779489 -0.62289274 -0.009856386 0.08262085
seq13/frame00249.png 13.480257 18.532 1.1846423 0.7826996 -0.6097393 0.079206094 -0.09648181
seq13/frame00250.png 10.725502 15.956307 1.0744431 0.70915234 -0.6237112 0.18983053 -0.26848406
seq13/frame00251.png 5.987373 17.260159 1.2444199 0.72622585 -0.5760523 0.2502361 -0.2795785
seq13/frame00252.png 15.991446 11.972339 0.59852743 0.57585335 -0.48309746 0.43684626 -0.49407217
seq13/frame00253.png 14.889408 10.01481 0.49958652 0.5869874 -0.47837996 0.414495 -0.50490385
seq13/frame00254.png 15.918005 14.636215 0.7974532 0.6387154 -0.46743128 0.41323218 -0.4501052
seq13/frame00255.png 6.141425 13.758943 0.9893981 0.7045114 -0.62215215 0.26968008 -0.20945558
seq13/frame00256.png 14.140574 11.561366 0.8197958 0.56503856 -0.52624667 0.41254228 -0.48336142
seq13/frame00257.png 11.1937475 19.475824 1.2072088 0.701184 -0.47430286 0.32887182 -0.41850293
seq13/frame00258.png 11.547906 18.237268 1.0976909 0.7111805 -0.47258317 0.34595883 -0.38874123
seq13/frame00259.png 8.040359 19.85882 1.2703154 0.78754294 -0.519409 0.19514163 -0.26786298
seq13/frame00260.png 14.888489 14.517122 0.73664224 0.75864726 -0.4544349 0.28616107 -0.36879638
seq13/frame00261.png 19.203074 11.463259 0.4650116 0.8025187 -0.48275042 0.19068936 -0.29402918
seq13/frame00262.png 19.597982 10.8264675 0.40223524 0.82060367 -0.4892337 0.14530323 -0.257338
seq13/frame00263.png 19.837439 10.529599 0.44010672 0.77944845 -0.5468168 0.17960367 -0.24766746
seq13/frame00264.png 20.07509 10.029126 0.3604511 0.78671914 -0.5375028 0.16302036 -0.25634265
seq13/frame00265.png 20.701298 9.63713 0.3735867 0.75841075 -0.55274993 0.20070341 -0.2810316
seq13/frame00266.png 21.23871 9.15662 0.3405028 0.7413169 -0.56139714 0.21497162 -0.29849872
seq13/frame00267.png 16.39619 11.485823 0.69035894 0.6679884 -0.61754996 0.26549408 -0.31936628
seq13/frame00268.png 21.015255 10.31913 0.45810163 0.7403891 -0.58076155 0.2075435 -0.26734903
seq13/frame00269.png 21.334013 10.762691 0.5059234 0.7294857 -0.59787595 0.22131555 -0.24801844
seq13/frame00270.png 23.825306 8.686704 0.31758067 0.6983495 -0.57239527 0.29336393 -0.31368667
seq13/frame00271.png 24.143854 9.213887 0.30956554 0.7338866 -0.5507796 0.2864563 -0.27528784
seq13/frame00272.png 25.280363 7.9211745 0.111848585 0.7460875 -0.5043851 0.3026878 -0.31209266
seq13/frame00273.png 26.161919 7.884843 0.051602148 0.74885947 -0.4924118 0.28447318 -0.3406188
seq13/frame00274.png 26.7411 7.804386 0.062640406 0.7701793 -0.4887899 0.27623233 -0.30272356
seq13/frame00275.png 27.391775 7.592501 0.00888407 0.768204 -0.48961455 0.29063013 -0.29257905
seq13/frame00276.png 28.137283 7.4227695 -0.024669193 0.76139575 -0.48825893 0.30732977 -0.29579586
seq13/frame00277.png 28.818672 7.586056 -0.09699645 0.7695968 -0.5028041 0.27461573 -0.2816079
seq13/frame00278.png 27.97734 5.621187 -0.10055475 0.7276513 -0.53774905 0.28050944 -0.32074305
seq13/frame00279.png 30.013239 6.3373585 -0.09852399 0.71673775 -0.5187333 0.31073743 -0.34741423
seq13/frame00280.png 30.621492 5.476668 -0.044100575 0.6872563 -0.53500104 0.32620466 -0.36734486
seq13/frame00281.png 31.299156 5.183415 -0.12560949 0.6965837 -0.51339394 0.34457698 -0.36420986
seq13/frame00282.png 31.858112 4.590386 -0.218308 0.67674536 -0.5094356 0.36420393 -0.38714525
seq13/frame00283.png 32.392475 4.1937284 -0.33830833 0.68290037 -0.479476 0.37965184 -0.39948392
seq13/frame00284.png 33.33393 3.8141594 -0.26568082 0.6688563 -0.50207883 0.37923893 -0.39606187
seq13/frame00285.png 33.129936 2.886739 -0.24972907 0.6562942 -0.54115045 0.3668918 -0.37693715
seq13/frame00286.png 33.842304 2.5094855 -0.28973055 0.65545636 -0.5084994 0.38890842 -0.40080604
seq13/frame00287.png 34.461025 1.8228302 -0.38624272 0.6736994 -0.4735842 0.38254938 -0.4189666
seq13/frame00288.png 34.468327 1.1638001 -0.48312026 0.64831984 -0.50383294 0.36280158 -0.4406275
seq13/frame00289.png 34.824356 0.44431597 -0.45972493 0.6158783 -0.51183003 0.40131208 -0.44459566
seq13/frame00290.png 34.74308 -0.35309198 -0.5620772 0.6180749 -0.51537526 0.38519886 -0.45160013
seq13/frame00291.png 34.469482 -0.9830739 -0.5570029 0.61177564 -0.5224337 0.40601885 -0.4335733
seq13/frame00292.png 34.350094 -1.6962575 -0.5998935 0.5966233 -0.53042537 0.40570074 -0.44515222
seq13/frame00293.png 34.360027 -2.3234282 -0.6398179 0.583402 -0.523799 0.4247682 -0.4524057
seq13/frame00294.png 34.018158 -3.0132015 -0.719381 0.5943362 -0.51964146 0.40555507 -0.460637
seq13/frame00295.png 33.546883 -3.6873178 -0.72950155 0.5797896 -0.51947445 0.41743654 -0.46885997
seq13/frame00296.png 32.088413 -1.8307352 -0.5802332 0.6080919 -0.5374038 0.38834864 -0.436696
seq13/frame00297.png 32.58914 -4.9207954 -0.7902651 0.5477833 -0.5154751 0.43526992 -0.4947623
seq13/frame00298.png 9.77989 10.6611395 0.7747094 0.6506581 -0.6217677 0.28658092 -0.32856357
seq13/frame00299.png 31.547407 -6.0739303 -0.8789828 0.5692561 -0.5009075 0.4295258 -0.49041495
seq13/frame00300.png 31.014275 -6.59531 -0.9167864 0.5507409 -0.5016578 0.45020226 -0.49239132
seq13/frame00301.png 30.425606 -6.884526 -0.94161123 0.5571323 -0.51480895 0.4278804 -0.4913305
seq13/frame00302.png 30.100845 -7.181356 -0.94233334 0.54076827 -0.4855568 0.46004122 -0.51009756
seq13/frame00303.png 29.20471 -7.4950924 -0.97528625 0.54329395 -0.4846805 0.46488768 -0.50397635
seq13/frame00304.png 28.831509 -8.555108 -1.0281929 0.53973305 -0.4816144 0.47439012 -0.5019868
seq13/frame00305.png 28.195269 -7.6381307 -0.965426 0.58697915 -0.5148861 0.4179092 -0.46451378
seq13/frame00306.png 27.232706 -8.102476 -0.9840664 0.55932444 -0.4865074 0.4629122 -0.48565048
seq13/frame00307.png 21.935354 -6.709641 -0.6410319 0.5384692 -0.52550864 0.39585108 -0.526602
seq13/frame00308.png 26.081583 -8.485275 -1.0610245 0.5823268 -0.43680048 0.40053156 -0.55657107
seq13/frame00309.png 25.51339 -8.75105 -1.2084723 -0.58161664 0.36158738 -0.3451439 0.641597
seq13/frame00310.png 25.460754 -9.370312 -1.2745447 -0.5629273 0.31160706 -0.32947046 0.6910596
seq13/frame00311.png 25.403223 -9.620277 -1.3298624 -0.5866289 0.25020504 -0.27792495 0.7183473
seq13/frame00312.png 26.566864 -9.060581 -1.2829195 -0.5802456 0.2527485 -0.26043612 0.7291512
seq13/frame00313.png 26.162745 -12.313372 -1.5149896 -0.51920027 0.22800651 -0.3305552 0.75438035
seq13/frame00314.png 25.095646 -11.713148 -1.4556309 -0.49581888 0.19167885 -0.308296 0.78893167
seq13/frame00315.png 25.089645 -12.6194315 -1.5634043 -0.46358007 0.18545754 -0.3690284 0.7838645
seq13/frame00316.png 14.911524 9.849021 0.2885106 0.70071346 -0.34789538 0.28336602 -0.55476254
seq13/frame00317.png 23.844475 -17.20006 -1.7454283 -0.307303 0.1449484 -0.52847546 0.7780521
seq13/frame00318.png 23.855778 -14.346015 -1.5202508 -0.37556708 0.22053614 -0.5185057 0.73583066
seq13/frame00319.png 23.852285 -15.100327 -1.515057 -0.32663503 0.2267135 -0.5494684 0.7348752
seq13/frame00320.png 23.987757 -15.795557 -1.5198458 -0.3137966 0.22523218 -0.5810735 0.7163001
seq13/frame00321.png 23.553062 -16.8371 -1.5859944 -0.26620698 0.19930577 -0.6008321 0.72692055
seq13/frame00322.png 23.519009 -17.424938 -1.6062151 -0.24444929 0.19876806 -0.61957717 0.7188869
seq13/frame00323.png 23.280413 -18.24114 -1.6490787 -0.22241654 0.1948651 -0.63133377 0.716918
seq13/frame00324.png 22.888647 -18.81149 -1.6375679 -0.18341327 0.18615559 -0.6465091 0.71660846
seq13/frame00325.png 22.966455 -19.549519 -1.716162 -0.17307062 0.18371582 -0.6474982 0.7192025
seq13/frame00326.png 22.213953 -20.00433 -1.7316043 -0.15418799 0.13693443 -0.65290916 0.72867334
seq13/frame00327.png 21.656921 -20.640177 -1.7211229 -0.14746855 0.14300686 -0.6336965 0.745897
seq13/frame00328.png 20.999498 -21.020771 -1.7466911 -0.12632926 0.11658908 -0.63787436 0.7507226
seq13/frame00329.png 21.11196 -21.63911 -1.778332 -0.119116575 0.13419469 -0.6311794 0.7547023
seq13/frame00330.png 20.622766 -22.520514 -1.8606606 -0.07279479 0.11314611 -0.6222757 0.77115405
seq13/frame00331.png 19.51342 -22.63958 -1.954813 -0.12208566 0.11299059 -0.6013763 0.7814981
seq13/frame00332.png 18.931618 -23.157759 -1.9732288 -0.0845113 0.10982065 -0.6161909 0.77528316
seq13/frame00333.png 18.254896 -23.594837 -2.0125883 -0.097467944 0.0962876 -0.59963596 0.7885042
seq13/frame00334.png 18.611452 -16.638636 -1.4756938 -0.30833316 0.2238345 -0.61019695 0.6945278
seq13/frame00335.png 17.534248 -24.427256 -2.0784192 -0.06627629 0.07707034 -0.6033354 0.79099
seq13/frame00336.png 16.938776 -24.897207 -2.1217933 -0.06835556 0.06686917 -0.6159953 0.7818248
seq13/frame00337.png 16.21622 -25.372332 -2.0991497 -0.09096397 0.068093754 -0.6087618 0.78519773
seq13/frame00338.png 15.620734 -25.675587 -2.142669 -0.09894182 0.06565733 -0.5854554 0.80192596
seq13/frame00339.png 14.851564 -25.87547 -2.1896236 -0.11323309 0.043286826 -0.56059134 0.81912816
seq13/frame00340.png 14.587138 -26.394218 -2.1670413 -0.108124316 0.07843018 -0.5640134 0.8149094
seq13/frame00341.png 14.103214 -26.621271 -2.1221404 -0.060865372 0.041224904 -0.5906037 0.8036306
seq13/frame00342.png 13.042367 -24.11056 -1.9773458 -0.017205134 0.015765209 -0.5800856 0.8142968
seq13/frame00343.png 13.452604 -26.79986 -2.099076 0.020199323 0.0046601966 -0.5856321 0.81037194
seq13/frame00344.png 12.515241 -26.381346 -2.1265395 -0.0011485249 0.027828936 -0.59233737 0.8053005
seq13/frame00345.png 11.952479 -25.965414 -2.08832 0.016661959 -0.0023175648 -0.6036101 0.7971015
seq13/frame00346.png 11.499027 -25.711418 -2.0506437 0.022714246 0.0033881532 -0.6138129 0.78904855
seq13/frame00347.png 11.15616 -25.572784 -2.003074 0.023676774 0.021558575 -0.62464213 0.7802992
seq13/frame00348.png 11.038563 -25.462517 -1.986541 0.03987498 0.003037304 -0.65694875 0.7528614
seq13/frame00349.png 10.841023 -23.697317 -1.858046 0.0805949 0.023393914 -0.6564879 0.7496355
seq13/frame00350.png 10.953391 -21.663868 -1.7365667 -0.027968865 0.056289796 -0.6595978 0.74887514
seq3/frame00001.png 14.948821 -33.54275 -2.627145 -0.10764659 0.06746612 -0.6472785 0.75172055
seq3/frame00002.png 14.997215 -33.585953 -2.611877 -0.110012755 0.06663401 -0.6438589 0.7542658
seq3/frame00003.png 14.490123 -33.568436 -2.6401281 -0.10222006 0.058000255 -0.6382649 0.76083624
seq3/frame00004.png 15.217833 -33.685986 -2.6649666 -0.10778948 0.07015077 -0.6048933 0.78590125
seq3/frame00005.png 15.091415 -33.883728 -2.7520332 -0.10299484 0.06594449 -0.5463824 0.8285267
seq3/frame00006.png 15.469977 -33.584293 -2.6915998 -0.116849266 0.063330024 -0.50044715 0.85550386
seq3/frame00007.png 15.854494 -30.729847 -2.6131263 -0.14490977 0.06257641 -0.43371457 0.88714486
seq3/frame00008.png 15.687033 -28.277414 -2.465833 -0.14358428 0.062625155 -0.3879306 0.90817696
seq3/frame00009.png 15.577438 -32.98865 -2.685153 -0.13470232 0.062333677 -0.48003587 0.8646005
seq3/frame00010.png 7.306508 -27.738235 -2.2315807 -0.15395854 0.077745005 -0.54629815 0.81971174
seq3/frame00011.png 8.514453 -28.468096 -2.0304677 -0.2599585 0.15078233 -0.6370901 0.7097749
seq3/frame00012.png 7.4646497 -26.45575 -2.114006 -0.20929368 0.23485236 -0.5989216 0.7364336
seq3/frame00013.png 7.938143 -27.837393 -1.894171 0.32274076 -0.18170784 0.7075863 -0.60176533
seq3/frame00014.png 14.820844 -33.22812 -2.573718 -0.033424113 0.053489745 -0.6778994 0.7326094
seq3/frame00015.png 15.115326 -32.953056 -2.5475705 0.011695182 0.0049755615 -0.6755881 0.7370271
seq3/frame00016.png 15.0504875 -32.463116 -2.5239398 -0.018626193 0.019060953 -0.6500094 0.7594521
seq3/frame00017.png 15.126768 -32.41134 -2.5433793 -0.042618193 0.010014404 -0.6249916 0.7794225
seq3/frame00018.png 15.603108 -31.85556 -2.527117 -0.11228012 0.034015846 -0.6028976 0.78912145
seq3/frame00019.png 16.019201 -31.369287 -2.521551 -0.17393233 0.11363214 -0.5720212 0.7934859
seq3/frame00020.png 16.637815 -31.417992 -2.5752568 -0.23655626 0.114428826 -0.49144155 0.8302429
seq3/frame00021.png 17.114752 -27.44413 -2.4234397 -0.29463252 0.1438987 -0.3951932 0.8580674
seq3/frame00022.png 17.400969 -29.90647 -2.4667966 -0.27331647 0.12937604 -0.45372233 0.83837485
seq3/frame00023.png 18.35668 -25.168495 -2.2552824 -0.35827538 0.16563627 -0.37196562 0.8400868
seq3/frame00024.png 18.380108 -28.66104 -2.4486146 -0.26351514 0.16579415 -0.47454342 0.82335144
seq3/frame00025.png 18.56028 -28.170866 -2.344239 -0.29019096 0.19734706 -0.5411929 0.7641977
seq3/frame00026.png 8.2713175 -26.437025 -2.2463105 -0.2188189 0.12921639 -0.6073843 0.7526699
seq3/frame00027.png 19.586824 -27.173868 -2.259058 -0.2853072 0.20520504 -0.60757095 0.71229315
seq3/frame00028.png 15.923456 -25.031902 -2.0056806 -0.46802092 0.30850923 -0.5397899 0.62815285
seq3/frame00029.png 20.78373 -26.06598 -2.2254333 -0.29870337 0.21296936 -0.5519461 0.7487868
seq3/frame00030.png 21.286589 -25.842508 -2.195795 -0.29238746 0.22988757 -0.5508444 0.7470425
seq3/frame00031.png 22.05027 -25.532322 -2.1706553 -0.30609784 0.21754016 -0.54676753 0.7483646
seq3/frame00032.png 22.561108 -24.84693 -2.1405544 -0.3137426 0.24811426 -0.532094 0.74619627
seq3/frame00033.png 23.234617 -24.445488 -2.1644342 -0.34399265 0.24671838 -0.52119 0.7409805
seq3/frame00034.png 23.637758 -23.8064 -2.0807712 -0.2903196 0.25073445 -0.59332794 0.7077444
seq3/frame00035.png 23.784086 -23.481024 -2.049277 -0.31136727 0.2330851 -0.5708666 0.7230987
seq3/frame00036.png 24.045088 -23.332403 -2.104435 -0.29569364 0.19497785 -0.5350222 0.7670992
seq3/frame00037.png 24.073298 -23.340363 -2.175712 -0.30494925 0.15669985 -0.48331815 0.80548704
seq3/frame00038.png 25.248215 -23.175266 -2.1814647 -0.34871492 0.15060493 -0.41427028 0.82716227
seq3/frame00039.png 17.102943 -17.037579 -1.7402344 -0.33982188 0.08926575 -0.29261303 0.88942224
seq3/frame00040.png 24.639366 -20.729048 -2.046898 -0.38165644 0.12758192 -0.31418845 0.859839
seq3/frame00041.png 25.81433 -22.142397 -2.166229 -0.39258057 0.1326575 -0.33750457 0.8451509
seq3/frame00042.png 24.079718 -21.50378 -2.0843227 -0.38727805 0.13147855 -0.34324765 0.8455617
seq3/frame00043.png 24.144487 -23.203718 -2.14098 -0.39939576 0.19611332 -0.41286534 0.79465103
seq3/frame00044.png 24.087446 -23.416216 -2.1382625 -0.42395005 0.26034483 -0.48869768 0.7166332
seq3/frame00045.png 17.421082 -22.738478 -1.8420093 -0.28248245 0.26631293 -0.641307 0.6618746
seq3/frame00046.png 12.049969 -23.916931 -1.8892684 -0.07014223 0.16882761 -0.65223414 0.7356162
seq3/frame00047.png 17.352076 -27.23021 -2.037623 -0.3881833 0.29708236 -0.6055346 0.627996
seq3/frame00048.png 23.983448 -23.068972 -2.0197406 -0.25565442 0.21209419 -0.63454455 0.69807553
seq3/frame00049.png 23.308973 -23.112072 -1.8797837 -0.15072468 0.12914477 -0.66216534 0.72251445
seq3/frame00050.png 24.792173 -23.158976 -2.019636 -0.14080992 0.13016887 -0.66919273 0.7179641
seq3/frame00051.png 23.319344 -23.033781 -1.9981091 -0.116491504 0.093758136 -0.65765274 0.7383406
seq3/frame00052.png 18.249336 -21.154856 -1.710028 0.011927969 0.030569341 -0.6591244 0.7513558
seq3/frame00053.png 23.661064 -22.984766 -2.0154598 -0.19152828 0.10921673 -0.63884825 0.73716223
seq3/frame00054.png 24.635965 -22.112724 -1.962477 -0.25699395 0.16584069 -0.61185896 0.72930706
seq3/frame00055.png 24.668386 -21.54618 -1.8926753 -0.26302543 0.16607648 -0.62199074 0.71849513
seq3/frame00056.png 24.7708 -20.909054 -1.9153745 -0.31504756 0.20974205 -0.58190423 0.7199005
seq3/frame00057.png 25.313822 -20.010983 -1.8498206 -0.39893594 0.24480088 -0.5286659 0.70804006
seq3/frame00058.png 25.439825 -20.321575 -1.9513812 -0.4196468 0.2664519 -0.49987072 0.7093746
seq3/frame00059.png 25.766485 -19.364868 -1.9342356 -0.45479262 0.27301434 -0.4576825 0.7136127
seq3/frame00060.png 25.7635 -19.93441 -1.972191 -0.45830896 0.2605788 -0.4384036 0.72797924
seq3/frame00061.png 26.969387 -18.847443 -1.9612713 -0.45173025 0.26031718 -0.46344432 0.71652824
seq3/frame00062.png 26.789131 -16.775808 -1.7913702 -0.4341249 0.27460617 -0.46818373 0.7189461
seq3/frame00063.png 27.09966 -16.24514 -1.7562225 -0.4041739 0.26973024 -0.48304817 0.72834337
seq3/frame00064.png 27.248175 -15.954898 -1.7448261 -0.39365923 0.27731633 -0.5050835 0.7163666
seq3/frame00065.png 27.73922 -14.890614 -1.6744559 -0.4310549 0.29018378 -0.49437878 0.69697213
seq3/frame00066.png 27.978437 -14.715219 -1.6333787 -0.46948394 0.30354372 -0.48388812 0.67327833
seq3/frame00067.png 28.094156 -13.918631 -1.6325841 -0.45476514 0.3437664 -0.4642666 0.67799544
seq3/frame00068.png 28.650122 -13.617163 -1.6192913 -0.5006505 0.32569525 -0.41681993 0.68511385
seq3/frame00069.png 28.655527 -12.4977 -1.5219253 -0.50534576 0.35859248 -0.4139712 0.6666768
seq3/frame00070.png 28.839449 -11.901881 -1.5194002 -0.5180081 0.33786154 -0.3949382 0.6791653
seq3/frame00071.png 28.66707 -11.015573 -1.447067 -0.5613738 0.3502841 -0.36935505 0.6524775
seq3/frame00072.png 28.617577 -10.703381 -1.4527 -0.577328 0.35146844 -0.3519595 0.6474496
seq3/frame00073.png 29.582542 -10.506533 -1.4351697 -0.5970417 0.3573121 -0.3495674 0.62747496
seq3/frame00074.png 28.562689 -9.588956 -1.3103727 -0.587909 0.37844276 -0.34254804 0.6274564
seq3/frame00075.png 28.741062 -8.859835 -1.3294258 -0.58154684 0.38850793 -0.3530686 0.62134343
seq3/frame00076.png 28.22545 -8.017801 -1.1954157 -0.60011655 0.39081493 -0.35539815 0.60081
seq3/frame00077.png 28.741156 -7.549857 -1.1534976 0.6147318 -0.3758574 0.39497468 -0.5700164
seq3/frame00078.png 28.84864 -7.087233 -1.020561 0.62430733 -0.40275306 0.40218207 -0.53516704
seq3/frame00079.png 31.5 -6.0537457 -0.9413023 0.6410473 -0.4895701 0.39785433 -0.43733472
seq3/frame00080.png 31.101234 -2.5212667 -0.6529524 0.6368533 -0.5448007 0.3782145 -0.39279264
seq3/frame00081.png 29.714825 0.07291351 -0.30925187 0.64493275 -0.5636887 0.36072508 -0.36911845
seq3/frame00082.png 28.597063 -5.252562 -0.82618034 0.5382038 -0.47819203 0.46627805 -0.51443356
seq3/frame00083.png 28.663239 -5.0019064 -0.8191314 -0.47919244 0.39578107 -0.5337839 0.5734105
seq3/frame00084.png 28.750805 -5.0528865 -0.835196 -0.49759597 0.36769068 -0.5025933 0.60397124
seq3/frame00085.png 28.594065 -4.741814 -0.9357355 -0.51695126 0.32800335 -0.45164356 0.6491079
seq3/frame00086.png 29.734755 -6.116075 -1.0133296 -0.4845282 0.30245554 -0.47784248 0.66734916
seq3/frame00087.png 29.124588 -5.3358526 -0.97814685 -0.5555785 0.31192937 -0.437727 0.6343463
seq3/frame00088.png 29.22994 -5.1916924 -1.0881861 0.63146025 -0.3218553 0.34887925 -0.61288863
seq3/frame00089.png 24.77055 -11.094299 -1.1890029 0.6424931 -0.3736639 0.42610008 -0.5156768
seq3/frame00090.png 30.113066 -8.006964 -0.9810986 0.7159556 -0.46893194 0.31156334 -0.41310322
seq3/frame00091.png 29.304436 -8.159707 -0.9672823 0.704294 -0.506767 0.31777006 -0.38250694
seq3/frame00092.png 30.037424 -6.7469625 -1.0729208 0.6458574 -0.36135447 0.30636722 -0.59850615
seq3/frame00093.png 30.571592 -6.527886 -0.91469 0.65960735 -0.4425034 0.36489037 -0.48557094
seq3/frame00094.png 28.965086 -5.399406 -0.8551793 0.64879894 -0.5225307 0.33903232 -0.43698522
seq3/frame00095.png 28.166016 -5.150805 -0.82785183 0.6475194 -0.5409041 0.35169306 -0.40545285
seq3/frame00096.png 31.084991 -1.1547042 -0.48413894 0.6401582 -0.54156876 0.39032194 -0.37982756
seq3/frame00097.png 28.546339 -5.2505727 -0.79751545 0.60032004 -0.50062895 0.42585048 -0.45603925
seq3/frame00098.png 28.700548 -5.299127 -0.82577574 0.565747 -0.4792273 0.44859362 -0.49913755
seq5/frame00001.png 27.972696 -12.157513 -1.1911404 -0.2727568 0.33636203 -0.61086595 0.6627982
seq5/frame00002.png 18.699701 -12.830238 -1.18186 0.34382138 -0.17949434 0.65613186 -0.6473838
seq5/frame00003.png 26.418571 -13.372405 -1.2350231 -0.22963364 0.2816037 -0.6424304 0.67466486
seq5/frame00004.png 18.048336 -12.451572 -1.1607758 0.2729093 -0.1762326 0.6733638 -0.6641516
seq5/frame00005.png 19.173388 -8.630118 -0.79999393 0.47613734 -0.41864857 0.5606097 -0.5328636
seq5/frame00006.png 27.363087 -10.123676 -1.1033863 0.5991961 -0.5186667 0.43455073 -0.42775664
seq5/frame00007.png 25.945513 -12.061122 -1.1497746 -0.24858558 0.26663092 -0.629822 0.685915
seq5/frame00008.png 15.271509 4.579784 0.18671751 0.55641407 -0.478666 0.45574242 -0.5035302
seq5/frame00009.png 25.274036 -12.15002 -1.1707288 -0.2306197 0.2869808 -0.6255859 0.6876856
seq5/frame00010.png 29.753157 -13.342818 -1.355917 -0.38920376 0.31100348 -0.5765436 0.6475427
seq5/frame00011.png 29.684143 -11.410695 -1.3159927 -0.4401377 0.3584008 -0.5343783 0.62614584
seq5/frame00012.png 28.60817 -11.905554 -1.2794402 -0.41007435 0.30944055 -0.5638662 0.6464798
seq5/frame00013.png 23.670397 -10.564787 -1.0832756 -0.28618035 0.28709128 -0.5849571 0.70263225
seq5/frame00014.png 27.827892 -10.361259 -1.1884093 -0.44275594 0.34308282 -0.52079135 0.64413947
seq5/frame00015.png 24.620836 -9.654296 -1.0822314 -0.33213052 0.3380048 -0.51959544 0.71087235
seq5/frame00016.png 26.97995 -9.780908 -1.1310072 -0.45055315 0.34535226 -0.5017084 0.6526339
seq5/frame00017.png 26.55849 -9.901513 -1.1504592 -0.45668572 0.34070945 -0.49986824 0.65239644
seq5/frame00018.png 30.185768 -13.485976 -1.3777997 -0.49558586 0.3722415 -0.49020523 0.61282
seq5/frame00019.png 25.490433 -9.51694 -1.1475621 -0.5645867 0.4053899 -0.43267617 0.5742324
seq5/frame00020.png 25.17032 -9.547128 -1.0230055 0.6082416 -0.45645264 0.39752907 -0.51365536
seq5/frame00021.png 24.41748 -9.517159 -1.043517 0.6257761 -0.48869064 0.38230172 -0.4726267
seq5/frame00022.png 24.138367 -9.3622 -1.0789905 0.6268686 -0.5138238 0.37851956 -0.44686073
seq5/frame00023.png 24.04255 -9.457571 -1.0563005 0.64919734 -0.49708062 0.3371952 -0.46670684
seq5/frame00024.png 23.542736 -9.723925 -1.1596044 0.67156523 -0.40992966 0.33454412 -0.5188552
seq5/frame00025.png 26.501223 -10.423172 -1.2187108 0.73565936 -0.37927416 0.28739685 -0.48201054
seq5/frame00026.png 22.271004 -10.860013 -1.2238905 0.6391498 -0.3525944 0.30971915 -0.6093208
seq5/frame00027.png 22.341131 -11.129966 -1.1945876 0.6472369 -0.34259516 0.33433402 -0.59336466
seq5/frame00028.png 17.587393 -5.720261 -0.6286454 0.7416698 -0.5067352 0.2861334 -0.33357245
seq5/frame00029.png 21.801722 -11.959232 -1.314752 -0.6050727 0.35165557 -0.35103437 0.62213403
seq5/frame00030.png 21.515451 -12.556899 -1.313144 -0.5872723 0.3742168 -0.3745764 0.6122533
seq5/frame00031.png 21.156199 -13.281498 -1.3176244 -0.5750894 0.3766136 -0.3830835 0.61732215
seq5/frame00032.png 20.861637 -13.664983 -1.3926435 -0.57294476 0.37658897 -0.38255227 0.6193664
seq5/frame00033.png 20.447496 -14.794734 -1.4682678 -0.53750217 0.35642374 -0.4126027 0.6433619
seq5/frame00034.png 20.420706 -14.966068 -1.4271883 -0.527892 0.36388358 -0.4441 0.6258502
seq5/frame00035.png 20.291435 -15.586462 -1.4789695 -0.5085745 0.36081886 -0.456264 0.63490885
seq5/frame00036.png 20.122795 -16.271042 -1.5208228 -0.4769203 0.34786135 -0.49769485 0.63528633
seq5/frame00037.png 19.981339 -16.795221 -1.5974851 -0.45816594 0.34189138 -0.48824093 0.6593354
seq5/frame00038.png 19.957682 -17.44595 -1.6044481 -0.43519035 0.33967975 -0.51509374 0.6558171
seq5/frame00039.png 25.979673 -12.649402 -1.3688637 -0.46858314 0.318427 -0.4938751 0.6596644
seq5/frame00040.png 16.549942 -1.1480198 -0.31695786 -0.302205 0.25051764 -0.58902395 0.7064161
seq5/frame00041.png 20.17417 -9.946149 -0.9934941 -0.24775477 0.39009103 -0.52327037 0.7159164
seq5/frame00042.png 26.756659 -1.5108836 -0.43436846 0.62206745 -0.56585574 0.38209027 -0.38318056
seq5/frame00043.png 19.930817 -6.5650725 -0.68021625 0.65088856 -0.5676983 0.32712278 -0.3835023
seq5/frame00044.png 16.000935 -16.526827 -1.4384421 -0.5442467 0.3956239 -0.48074514 0.5627179
seq5/frame00045.png 19.369503 -22.4279 -1.9210994 -0.34828275 0.31965506 -0.5705682 0.6715964
seq5/frame00046.png 19.276108 -24.107294 -2.041877 -0.33319145 0.29741657 -0.59507996 0.66812855
seq5/frame00047.png 0.031537928 -21.673904 -1.6332679 -0.10001975 0.16381654 -0.6246182 0.75697726
seq5/frame00048.png 19.785782 -23.561914 -1.9727479 -0.3400054 0.29994327 -0.57223046 0.6833333
seq5/frame00049.png 19.153032 -25.284174 -2.0927887 -0.23351341 0.21758412 -0.6146638 0.72132486
seq5/frame00050.png 18.719078 -25.824259 -2.1370213 -0.23343936 0.20490375 -0.60446465 0.73345166
seq5/frame00051.png 8.50917 -24.545286 -2.082761 -0.24024184 0.090630375 -0.6401537 0.7240851
seq5/frame00052.png 18.21265 -27.16956 -2.2025182 -0.21548352 0.20303763 -0.6221141 0.7246441
seq5/frame00053.png 18.044357 -27.85666 -2.2687526 -0.18455786 0.17104346 -0.62709254 0.73708075
seq5/frame00054.png 17.708073 -28.451525 -2.2937324 -0.12857401 0.13753767 -0.6302047 0.75325185
seq5/frame00055.png 17.546698 -28.933558 -2.3304532 -0.11152959 0.12642501 -0.62270707 0.76412815
seq5/frame00056.png 16.995804 -29.170166 -2.3019478 -0.07546014 0.082005784 -0.6311018 0.76770526
seq5/frame00057.png 16.778303 -29.341726 -2.318622 -0.05336302 0.090277106 -0.629466 0.7699334
seq5/frame00058.png 16.598038 -29.614101 -2.298607 -0.06314094 0.084726594 -0.6282982 0.7707356
seq5/frame00059.png 17.474575 -29.82742 -2.4278307 -0.124729544 0.13275504 -0.5894531 0.7870014
seq5/frame00060.png 17.879234 -29.513136 -2.3639717 -0.06134182 0.08354639 -0.6097719 0.7858643
seq5/frame00061.png 18.101 -29.007435 -2.3663487 -0.10450483 0.063825585 -0.5912044 0.7972127
seq5/frame00062.png 18.295633 -28.628748 -2.357447 -0.12201204 0.07043757 -0.5735167 0.8070581
seq5/frame00063.png 18.765411 -28.148085 -2.3802903 -0.12748647 0.0652925 -0.5591953 0.81647545
seq5/frame00064.png 19.014463 -27.38814 -2.2855844 -0.15199631 0.09888155 -0.54880136 0.8161312
seq5/frame00065.png 19.481392 -26.879381 -2.2603726 -0.16275807 0.12105286 -0.54511696 0.81335664
seq5/frame00066.png 19.555462 -26.6165 -2.249338 -0.15438512 0.0955059 -0.5309965 0.82765406
seq5/frame00067.png 20.67043 -25.986639 -2.2136497 -0.12379509 0.1007793 -0.54576916 0.8225392
seq5/frame00068.png 21.127188 -25.496265 -2.1741724 -0.17406042 0.12930314 -0.5608107 0.79912907
seq5/frame00069.png 21.665678 -25.185278 -2.1889262 -0.17508328 0.13739197 -0.57634753 0.7863334
seq5/frame00070.png 22.497898 -24.656675 -2.1425762 -0.19752945 0.14033878 -0.60140043 0.76140386
seq5/frame00071.png 22.970549 -24.334396 -2.0390747 -0.19176082 0.15822282 -0.64417356 0.72334945
seq5/frame00072.png 28.616077 -20.008162 -1.9134474 -0.18381563 0.14900748 -0.6500232 0.7222317
seq5/frame00073.png 28.402418 -19.818787 -1.9120007 -0.17602953 0.18545218 -0.63684404 0.7272439
seq5/frame00074.png 22.918137 -22.591263 -1.9605888 -0.22909519 0.2269244 -0.63883543 0.6983411
seq5/frame00075.png 23.572927 -21.575855 -1.9063351 -0.27015594 0.24561508 -0.62716293 0.6881005
seq5/frame00076.png 23.480831 -21.164825 -1.89897 -0.29024407 0.26457432 -0.61929464 0.67986673
seq5/frame00077.png 23.635942 -20.46482 -1.8733937 -0.30801582 0.26425973 -0.6154782 0.6758146
seq5/frame00078.png 23.596933 -19.699154 -1.8017385 -0.33041114 0.27260572 -0.6074351 0.66906005
seq5/frame00079.png 23.35983 -19.06162 -1.7782879 -0.35008886 0.271023 -0.60263985 0.66408825
seq5/frame00080.png 23.276262 -18.470373 -1.6363686 -0.3502813 0.3025634 -0.6241744 0.6295109
seq5/frame00081.png 19.556534 -14.805216 -1.452817 -0.4294282 0.25224787 -0.55301654 0.6678791
seq5/frame00082.png 22.68047 -17.222351 -1.6092474 -0.38814208 0.31967592 -0.5814915 0.6397599
