seq2/frame00001.png 47.4069 3.3149161 10.582365 0.8864643 -0.09098501 0.45277914 -0.02990338
seq2/frame00002.png 47.398293 3.2398133 10.429978 0.8849066 -0.08952642 0.4563233 -0.026355129
seq2/frame00003.png 47.37522 3.2081785 10.511492 0.88484645 -0.08771691 0.45665303 -0.028648924
seq2/frame00004.png 46.81048 3.1497567 10.599368 0.86895293 -0.08146329 0.48777685 -0.01893236
seq2/frame00005.png 45.455196 2.9362643 10.343547 0.86771965 -0.083379924 0.48948604 -0.022670168
seq2/frame00006.png 44.10934 3.1177514 10.471433 0.887722 -0.081212796 0.4512348 -0.041723967
seq2/frame00007.png 41.80328 2.9414923 9.375671 0.89321345 -0.058429442 0.44214898 -0.05709459
seq2/frame00008.png 40.9498 2.9605439 9.278669 0.8948335 -0.059644263 0.43803144 -0.06199889
seq2/frame00009.png 38.84068 2.650572 9.5536995 0.89500815 -0.06926756 0.43504155 -0.070009254
seq2/frame00010.png 36.927 2.46834 8.868889 0.8935514 -0.05426915 0.44430348 -0.03486382
seq2/frame00011.png 35.586266 2.4387462 8.503235 0.89310074 -0.069538176 0.44209176 -0.045724258
seq2/frame00012.png 33.775467 2.3575451 7.9896665 0.90038306 -0.07245056 0.42768598 -0.033850014
seq2/frame00013.png 32.005424 2.2000535 6.867002 0.8860931 -0.07318269 0.45652002 -0.032755964
seq2/frame00014.png 30.120764 2.1234448 7.775606 0.89984244 -0.07003335 0.4278734 -0.04799096
seq2/frame00015.png 28.460743 2.0328465 6.9820333 0.8957542 -0.06695277 0.43790722 -0.03713649
seq2/frame00016.png 26.474924 1.8209013 6.543062 0.8977277 -0.06258839 0.4321284 -0.058588393
seq2/frame00017.png 25.181858 1.9375242 6.15386 0.9148648 -0.06348678 0.39472067 -0.056459248
seq2/frame00018.png 22.569931 1.8786798 5.960085 0.9156455 -0.044006724 0.39644423 -0.049888644
seq2/frame00019.png 21.142012 2.0937176 5.5851455 0.93057734 -0.06177715 0.35672846 -0.05435413
seq2/frame00020.png 19.882492 2.1756065 5.025477 0.9428021 -0.04830833 0.32612315 -0.04934055
seq2/frame00021.png 17.447859 1.9076382 4.952243 0.9434535 -0.030764375 0.32617447 -0.050587032
seq2/frame00022.png 15.105969 1.3605107 4.4422436 0.93926835 -0.057807893 0.33538303 -0.04417593
seq2/frame00023.png 13.64077 1.2593014 3.9637318 0.94466364 -0.08481871 0.31506905 -0.03387758
seq2/frame00024.png 12.859006 1.1584715 3.0990667 0.94908947 -0.0806689 0.30309716 -0.029217323
seq2/frame00025.png 11.570612 1.1859637 3.0016725 0.93488723 -0.0641417 0.34686714 -0.03943004
seq2/frame00026.png 13.5480385 1.6362642 3.1365974 0.918668 -0.06934492 0.37906522 -0.08688877
seq2/frame00027.png 14.137296 1.6811339 3.4931831 0.9168137 -0.0797317 0.37863874 -0.09863094
seq2/frame00028.png 8.806804 1.3084421 4.113835 0.9519977 -0.031819694 0.30079952 -0.046990395
seq2/frame00029.png 8.832114 1.1994792 3.9736829 0.9372754 -0.065313175 0.3363422 -0.06420887
seq2/frame00030.png 7.2414846 1.0712055 3.7851214 0.9537807 -0.097244725 0.2769497 -0.06437689
seq2/frame00031.png 6.2137437 1.2394735 4.033104 0.9626641 -0.10557758 0.24203666 -0.059578486
seq2/frame00032.png 8.151481 0.68272537 3.989328 0.96665525 -0.07733933 0.24001652 -0.04459024
seq2/frame00033.png -2.1763525 -0.88142425 -0.4620304 0.99698114 -0.033019833 0.06990322 0.007191053
seq2/frame00034.png 3.5323513 -2.5385914 -3.9890008 0.99002373 -0.05689464 0.12202824 -0.04153532
seq2/frame00035.png 4.363937 0.88905877 3.2584722 0.9693898 -0.13022317 0.20182687 -0.05090701
seq2/frame00036.png 3.691617 0.69388014 2.5263221 0.97150415 -0.13257566 0.18705438 -0.06011554
seq2/frame00037.png 2.8437364 0.37461972 2.0182922 0.9783882 -0.09634432 0.18024488 -0.03140154
seq2/frame00038.png 3.077003 0.5588005 2.0750768 0.97201926 -0.05071147 0.22653581 -0.035892103
seq2/frame00039.png 2.613458 0.5430203 1.6890337 0.97459674 -0.05908188 0.21429554 -0.027350916
seq2/frame00040.png 1.0050211 0.87996835 1.5179691 0.9809543 -0.047111206 0.18385041 -0.041331276
seq2/frame00041.png -0.124229886 0.6826296 1.0270648 0.98412323 -0.036361683 0.17078899 -0.031785432
seq2/frame00042.png -1.8025396 0.87180215 1.2999394 0.99139166 -0.035954863 0.12529954 -0.0122356415
seq2/frame00043.png -2.5810444 0.42202646 0.998139 0.9901468 -0.0710848 0.120250635 -0.009796194
seq2/frame00044.png -5.2041945 0.0515866 0.6286106 0.9971915 -0.05030065 0.054301217 0.011415542
seq2/frame00045.png -9.636212 0.500894 0.69769824 0.99390763 -0.09298223 0.054035507 -0.024123065
seq2/frame00046.png -8.405684 0.14206772 0.013895169 0.9959303 -0.08413603 -0.0046682507 -0.031978056
seq2/frame00047.png -9.561684 -0.14870192 -0.40008682 0.997458 -0.06257021 -0.032927573 -0.008844033
seq2/frame00048.png -10.968291 -0.41778463 -0.8360047 0.997406 -0.019495394 -0.06805278 0.013035874
seq2/frame00049.png -12.736085 -0.39163065 -1.7829647 0.9925452 -0.0580388 -0.10713747 0.0026596345
seq2/frame00050.png -14.518823 -0.61511934 -1.5790218 0.9963817 -0.046381682 -0.07082356 0.007486177
seq2/frame00051.png -15.086367 -0.48671365 -1.8969811 0.9884225 -0.051308293 -0.14275613 -0.0029916228
seq2/frame00052.png -17.61301 -0.7532608 -2.7565527 0.9644471 -0.055645898 -0.25260693 0.054175254
seq2/frame00053.png -19.709618 -1.1802322 -3.473341 0.96232617 -0.044592444 -0.2637512 0.048734453
seq2/frame00054.png -20.347582 -0.8659391 -3.551324 0.9487412 -0.07625187 -0.30234137 0.051631592
seq2/frame00055.png -22.540863 -1.0159826 -3.8420045 0.95080936 -0.061721355 -0.29658252 0.06473876
seq2/frame00056.png -24.73047 -1.3472582 -4.373438 0.94209737 -0.080853865 -0.32271004 0.04211576
seq2/frame00057.png -26.966795 -1.3422542 -4.65271 0.93822515 -0.055122968 -0.33735192 0.053746548
seq2/frame00058.png -29.663157 -1.5283265 -5.041468 0.94562507 -0.058057096 -0.31566283 0.052723154
seq2/frame00059.png -31.339664 -1.6651253 -5.628545 0.93151706 -0.07348503 -0.3530134 0.04751063
seq2/frame00060.png -33.139473 -1.505663 -5.105532 0.92262655 -0.07642834 -0.37539968 0.044657145
seq2/frame00061.png -36.18459 -1.5987337 -4.9428935 0.91056305 -0.057367332 -0.40339494 0.069688275
seq3/frame00001.png -57.01178 -2.7419028 -6.780709 0.84658796 -0.02019532 -0.5172185 0.12396007
seq3/frame00002.png -56.943142 -2.7842946 -6.7218633 0.846879 -0.010194372 -0.5147166 0.13326262
seq3/frame00003.png -57.12056 -2.908237 -6.8340755 0.8450915 -0.010087981 -0.5204766 0.12174951
seq3/frame00004.png -56.19868 -2.698839 -6.7347755 0.84867036 -0.01740304 -0.51785195 0.10623192
seq3/frame00005.png -54.26803 -2.5438514 -6.790618 0.84713906 -0.03454964 -0.5211029 0.09804917
seq3/frame00006.png -53.14276 -2.7145538 -7.0538406 0.8290526 -0.013728841 -0.5531426 0.08072446
seq3/frame00007.png -53.330547 -2.6781313 -6.6946464 0.840518 -0.022089338 -0.53296155 0.094835006
seq3/frame00008.png -52.717274 -2.4712946 -6.451977 0.8535632 -0.018325532 -0.51332104 0.08715344
seq3/frame00009.png -51.85376 -2.4427001 -6.1011577 0.8805262 -0.03625003 -0.46575505 0.080196254
seq3/frame00010.png -51.04342 -2.3617265 -6.280852 0.88142735 -0.04333667 -0.46370357 0.07865487
seq3/frame00011.png -50.13806 -2.40096 -5.9684625 0.8904121 -0.042880107 -0.44701898 0.07417384
seq3/frame00012.png -49.715508 -2.275685 -5.7461023 0.88065946 -0.04301103 -0.46595967 0.073964566
seq3/frame00013.png -49.162006 -2.2850323 -5.7529736 0.87925076 -0.038368523 -0.4678636 0.08092968
seq3/frame00014.png -47.647453 -2.1663659 -5.2597156 0.88122153 -0.03105395 -0.4671306 0.065368876
seq3/frame00015.png -47.104477 -2.0779252 -5.1695833 0.8848488 -0.0356 -0.46030027 0.062441748
seq3/frame00016.png -46.1373 -2.2137094 -5.234833 0.88499075 -0.026828704 -0.46055558 0.062928356
seq3/frame00017.png -45.19941 -1.9241923 -4.680072 0.89838344 -0.04002333 -0.43133533 0.07249368
seq3/frame00018.png -44.373493 -1.9416791 -4.732195 0.900702 -0.055955283 -0.42546108 0.06773424
seq3/frame00019.png -43.08784 -1.6143278 -4.203585 0.90297085 -0.035173155 -0.42523625 0.05079978
seq3/frame00020.png -42.5157 -1.6661369 -4.307881 0.90605396 -0.039497625 -0.41886255 0.045390133
seq3/frame00021.png -42.033623 -1.5537199 -3.7560632 0.90126383 -0.053494103 -0.42583504 0.05938381
seq3/frame00022.png -41.13463 -1.6080419 -4.3024487 0.89422137 -0.052653834 -0.44125867 0.053726204
seq3/frame00023.png -39.648903 -1.6127015 -3.7833683 0.90360796 -0.034967426 -0.42131808 0.06900063
seq3/frame00024.png -39.333897 -1.4306233 -3.7964582 0.9042098 -0.06839845 -0.41772193 0.05687561
seq3/frame00025.png -38.556973 -1.663271 -4.1819825 0.8963783 -0.049672082 -0.43683356 0.056703884
seq3/frame00026.png -38.388344 -1.2658427 -3.5969777 0.905573 -0.06414235 -0.41801167 0.033011127
seq3/frame00027.png -37.49576 -1.3114 -3.6315935 0.90852684 -0.05723606 -0.41294128 0.027970616
seq3/frame00028.png -36.70967 -1.128967 -3.3052704 0.9124162 -0.06340604 -0.40323988 0.029562427
seq3/frame00029.png -36.351414 -1.4420513 -3.7828345 0.90324533 -0.041577365 -0.4214832 0.06907487
seq3/frame00030.png -35.45174 -1.5507954 -4.0723124 0.91102123 -0.043877948 -0.40349954 0.072821565
seq3/frame00031.png -33.977673 -1.5259968 -3.6967888 0.91979474 -0.04157168 -0.38552892 0.060139537
seq3/frame00032.png -33.32955 -1.2595787 -3.4414973 0.9307241 -0.06364648 -0.35825583 0.03680593
seq3/frame00033.png -33.100216 -1.4125282 -3.3840747 0.93296623 -0.030394113 -0.35225883 0.06755624
seq3/frame00034.png -32.433292 -1.3551706 -3.5064023 0.9395337 -0.04129554 -0.33427447 0.06190018
seq3/frame00035.png -31.825062 -1.3279657 -3.2044518 0.9326639 -0.042645242 -0.35191754 0.06688433
seq3/frame00036.png -30.815136 -1.1701268 -3.1859577 0.93021965 -0.044195328 -0.35866886 0.06399288
seq3/frame00037.png -29.425709 -1.0446552 -2.6071434 0.9285479 -0.057291195 -0.36329782 0.0503083
seq3/frame00038.png -29.160725 -0.9536044 -2.229183 0.9292864 -0.054643553 -0.3628814 0.0419267
seq3/frame00039.png -27.191452 -0.988036 -2.3142998 0.93075126 -0.05410818 -0.36022896 0.03176936
seq3/frame00040.png -27.086353 -0.9965273 -2.026602 0.93703437 -0.054601457 -0.34231552 0.042491075
seq3/frame00041.png -25.781082 -0.8708785 -1.9627327 0.9360379 -0.051904514 -0.34733868 0.022250658
seq3/frame00042.png -25.04487 -0.90992075 -2.205586 0.93924814 -0.048294675 -0.33787572 0.036345158
seq3/frame00043.png -24.027521 -1.0351804 -2.057108 0.94408494 -0.038494784 -0.32633287 0.026993139
seq3/frame00044.png -22.856443 -1.1325647 -2.2851546 0.94341904 -0.06190621 -0.3238991 0.034893442
seq3/frame00045.png -22.225933 -0.7016428 -0.6785048 0.95252484 -0.036797006 -0.30027854 0.03428539
seq3/frame00046.png -20.510635 -0.8490169 -1.0242492 0.95542 -0.041787207 -0.289981 0.036572546
seq3/frame00047.png -20.044245 -0.66772586 -0.9701295 0.9634651 -0.040048644 -0.26412457 0.019219631
seq3/frame00048.png -19.700758 -0.29506466 -0.6359781 0.96310353 -0.051247325 -0.26225397 0.03206026
seq3/frame00049.png -20.098885 -0.3522297 -0.22400436 0.9580489 -0.047512013 -0.28024164 0.03673209
seq3/frame00050.png -19.294493 -0.3439557 -0.4842949 0.95337886 -0.050023943 -0.29065618 0.06391614
seq3/frame00051.png -17.43702 -0.0112672895 -0.11536843 0.9645373 -0.06961551 -0.2491786 0.05226223
seq3/frame00052.png -16.417849 -0.41149974 -1.4003015 0.9636522 -0.087689176 -0.24920061 0.039800424
seq3/frame00053.png -15.862066 -0.43597567 -0.84717 0.9788734 -0.077447705 -0.1880428 0.021184092
seq3/frame00054.png -14.903187 -0.27262598 -1.287859 0.98334205 -0.060758147 -0.17003837 0.020823041
seq3/frame00055.png -16.230606 -0.42243314 -1.2133212 0.98072374 -0.036225423 -0.18978724 0.029152438
seq3/frame00056.png -13.876265 -0.20283452 -0.6587914 0.98888755 -0.025726477 -0.14356093 0.028804952
seq3/frame00057.png -13.445897 -0.10427573 -0.66355103 0.98742586 -0.007966393 -0.15683894 0.018122764
seq3/frame00058.png -13.013169 0.24349912 -0.6288264 0.98641413 -0.022353295 -0.15727472 0.04186024
seq3/frame00059.png -12.067312 -0.012163252 0.22534809 0.9845346 -0.00681619 -0.16731964 0.051471613
seq3/frame00060.png -11.2945 -0.030472629 0.25118864 0.98855114 -0.010987436 -0.1446414 0.041536022
seq3/frame00061.png -10.602241 -0.11532614 0.065706186 0.9864157 -0.007827134 -0.15982577 0.0371337
seq3/frame00062.png -9.192817 0.32099825 0.802537 0.9889051 -0.0057039885 -0.14658357 0.023405453
seq3/frame00063.png -8.136891 0.20333914 1.1524037 0.99298245 0.0016607632 -0.11661582 0.01958739
seq3/frame00064.png -7.4889836 0.39100206 1.1996658 0.9947262 -0.009777668 -0.09651606 0.03329898
seq3/frame00065.png -7.4060926 0.5202613 1.7060951 0.9971316 -0.016825123 -0.06698581 0.030961527
seq3/frame00066.png -6.9940205 -0.5309021 2.828336 0.99757123 -0.028384143 -0.052524842 0.03587874
seq3/frame00067.png -6.3375707 0.3996868 2.083943 0.9975877 -0.028168561 -0.0549796 0.0316647
seq3/frame00068.png -5.653405 0.16791032 1.6451983 0.99960285 -0.026963072 0.0048225415 0.0066139433
seq3/frame00069.png -6.789446 0.35348916 1.8843981 0.9976927 -0.013649139 0.06649841 0.001041964
seq3/frame00070.png -3.5567205 0.043439537 1.7696565 0.9966889 -0.015235736 0.0753808 -0.02639586
seq3/frame00071.png -2.6649885 0.53819734 2.6033082 0.9992708 0.008418406 0.031959623 -0.019122124
seq3/frame00072.png -1.9534804 0.28691047 2.0748186 0.9989464 -0.013489669 0.04089576 -0.0158561
seq3/frame00073.png -1.3138834 0.3584864 2.2785182 0.99939376 -0.006832868 0.03254338 -0.010320565
seq3/frame00074.png -0.62990326 0.4891271 2.3020415 0.9982481 0.009634171 0.058006182 -0.0065926258
seq3/frame00075.png 0.46135077 0.35010642 2.563929 0.99905676 -0.02126898 0.03692667 0.00835154
seq3/frame00076.png 0.88058305 0.37102777 2.4496732 0.9983928 -0.020639336 0.052634098 0.003936304
seq3/frame00077.png 1.5308193 0.31166977 2.3292897 0.99852175 0.009269611 0.052428823 0.010935091
seq3/frame00078.png 2.0004976 0.6237422 2.7259896 0.9971328 0.0051530288 0.075335 0.004901636
seq3/frame00079.png 2.9104364 0.5769744 3.488555 0.9942864 0.0047822488 0.10648751 -0.0056446334
seq3/frame00080.png 3.3547182 0.39337927 3.2963634 0.98711026 0.010648413 0.15941332 -0.009359333
seq3/frame00081.png 5.13671 0.67763615 4.26079 0.98933023 0.0108458055 0.13763456 -0.0465254
seq3/frame00082.png 5.6560874 1.014409 4.0138655 0.9896935 -0.0036537542 0.13690606 -0.04183464
seq3/frame00083.png 7.0348415 1.1891181 4.1105943 0.9881993 0.017069416 0.14679216 -0.040281914
seq3/frame00084.png 7.4206476 1.2658454 4.241819 0.98426414 0.0030111356 0.16768149 -0.055661924
seq3/frame00085.png 9.107816 1.1927155 4.04342 0.9884304 0.016111137 0.14338249 -0.0467676
seq3/frame00086.png 9.326918 1.5143604 4.466354 0.97786564 0.0035532862 0.19635221 -0.07219516
seq3/frame00087.png 10.742988 1.7568988 4.977803 0.97544247 -0.014847367 0.20965022 -0.06586671
seq3/frame00088.png 11.421326 1.4674165 5.063232 0.96408314 -0.021841371 0.25572222 -0.06835927
seq3/frame00089.png 12.043714 1.2386706 4.2715554 0.955495 -0.03320186 0.28404197 -0.072437964
seq3/frame00090.png 12.548758 1.5449811 4.685076 0.95327806 -0.051057197 0.29276493 -0.05424786
seq3/frame00091.png 13.51286 1.3651241 5.24299 0.9511927 -0.020253144 0.30242217 -0.05799524
seq3/frame00092.png 14.574413 1.504088 4.890094 0.9480646 -0.036598288 0.30898657 -0.066043414
seq3/frame00093.png 15.016932 1.2149667 5.343945 0.94768983 -0.035179872 0.31261504 -0.054020733
seq3/frame00094.png 15.983048 1.3753561 5.2287436 0.9479313 -0.06145362 0.3068616 -0.0590399
seq3/frame00095.png 17.28535 1.8377879 5.4225383 0.9472194 -0.09404706 0.30293655 -0.04647591
seq3/frame00096.png 17.936323 1.9480649 5.979978 0.9519857 -0.063718416 0.29432252 -0.055111665
seq3/frame00097.png 18.69941 2.2292688 6.1203585 0.95039874 -0.06877708 0.30191168 -0.029344473
seq3/frame00098.png 19.426743 2.1973388 6.2626886 0.95038795 -0.0854133 0.2939042 -0.055567827
seq3/frame00099.png 20.799908 2.2079782 6.0476484 0.9666539 -0.06928522 0.24347205 -0.03874722
seq3/frame00100.png 21.218307 2.3391058 5.719059 0.964828 -0.075969234 0.25032085 -0.025976429
seq3/frame00101.png 21.711645 2.3690898 6.371892 0.9608795 -0.0638127 0.2691943 -0.013151268
seq3/frame00102.png 22.553549 2.0127013 6.1599984 0.96774775 -0.0785383 0.23830892 -0.02247079
seq3/frame00103.png 23.213451 2.3204992 7.2742624 0.97384685 -0.07144223 0.21440335 -0.023439107
seq3/frame00104.png 24.01702 2.1265237 6.8573394 0.9628801 -0.07800187 0.25760683 -0.020396741
seq3/frame00105.png 24.787445 1.9841267 7.3785806 0.94580144 -0.051019713 0.3126251 -0.07157103
seq3/frame00106.png 25.114677 2.2966635 8.021623 0.9323914 -0.07737208 0.35042268 -0.043170042
seq3/frame00107.png 25.773865 2.1654775 7.693106 0.93733656 -0.057970196 0.33719623 -0.06586296
seq3/frame00108.png 27.423086 2.07219 7.656227 0.9446348 -0.08435867 0.30962822 -0.06840417
seq3/frame00109.png 27.537466 2.103665 8.207411 0.9427115 -0.06291369 0.32231402 -0.05874471
seq3/frame00110.png 28.138117 2.5416574 8.062411 0.94531065 -0.08463438 0.31430385 -0.020921996
seq3/frame00111.png 29.58987 2.6710985 7.802639 0.9581875 -0.076633915 0.273748 -0.032650735
seq3/frame00112.png 30.27717 2.7424252 7.6234064 0.9547503 -0.07368376 0.28740755 -0.020484857
seq3/frame00113.png 30.975845 2.6296859 8.8670635 0.9419083 -0.083467804 0.32203323 -0.04622413
seq3/frame00114.png 31.356693 2.7751973 8.885432 0.9403574 -0.08033375 0.32812837 -0.040078193
seq3/frame00115.png 32.99504 3.0003664 9.799879 0.9182427 -0.07505097 0.38347062 -0.064405344
seq3/frame00116.png 33.16389 3.0299041 9.665053 0.9248799 -0.07830647 0.36873946 -0.049966067
seq3/frame00117.png 33.565346 2.8430843 8.913314 0.94235057 -0.074859 0.32556316 -0.019500611
seq3/frame00118.png 34.596657 3.019761 9.192438 0.9415706 -0.08172057 0.32277772 -0.050803207
seq3/frame00119.png 35.213703 2.6047118 8.559141 0.9469954 -0.082643 0.3092704 -0.02686717
seq3/frame00120.png 35.85349 2.9149253 9.058441 0.9416993 -0.08364374 0.32510677 -0.02261775
seq3/frame00121.png 36.774323 2.9871216 8.932683 0.93856275 -0.08594952 0.33350813 -0.022027723
seq3/frame00122.png 37.557137 2.9822812 10.305974 0.92424446 -0.089686915 0.37041047 -0.022910599
seq3/frame00123.png 37.272366 3.0347755 9.801837 0.9354565 -0.08360835 0.3419838 -0.03127026
seq3/frame00124.png 39.17125 3.0567331 10.542625 0.93402284 -0.10055544 0.34209263 -0.021515585
seq3/frame00125.png 39.927876 3.1853735 10.277844 0.9359008 -0.10492939 0.33353847 -0.042796332
seq3/frame00126.png 39.441746 2.9466648 9.835723 0.9421257 -0.10107144 0.31678897 -0.04276308
seq3/frame00127.png 38.699017 3.5158856 9.409243 0.9581403 -0.09362486 0.26949522 -0.023951454
seq3/frame00128.png 41.544987 3.4004838 10.037067 0.9357719 -0.094316885 0.3390386 -0.022091322
seq3/frame00129.png 42.967278 3.380173 10.622845 0.9300067 -0.07289235 0.36024064 -0.0010256141
seq3/frame00130.png 43.343838 3.3244278 11.731844 0.90944266 -0.08600408 0.4060715 -0.02496833
seq3/frame00131.png 44.030785 3.3350017 11.912444 0.9018152 -0.10330734 0.41765273 -0.040292792
seq3/frame00132.png 45.09491 3.5467844 12.590516 0.89548784 -0.109087564 0.42854583 -0.05049757
seq3/frame00133.png 45.02021 3.5971315 12.124321 0.9147085 -0.09469818 0.39013812 -0.046182465
seq3/frame00134.png 46.76744 3.4875476 12.438977 0.88646585 -0.14763588 0.43588206 -0.048876304
seq3/frame00135.png 46.141594 3.5317895 11.81649 0.9151157 -0.13151893 0.37822646 -0.047016177
seq3/frame00136.png 48.13126 4.1874447 12.183497 0.89362097 -0.13653639 0.42571446 -0.03958244
seq3/frame00137.png 47.81714 4.1878023 12.650209 0.9139688 -0.109596826 0.38714415 -0.052622348
seq3/frame00138.png 48.48994 3.8381605 12.756782 0.91498816 -0.11350407 0.3833292 -0.054517914
seq3/frame00139.png 49.075127 3.768103 13.024822 0.92530465 -0.11298818 0.3596439 -0.041243985
seq3/frame00140.png 50.395245 3.9682624 13.412162 0.8981618 -0.123148516 0.41860512 -0.053935736
seq3/frame00141.png 51.852837 4.1875844 13.964013 0.88061893 -0.108919345 0.45946848 -0.039188273
seq3/frame00142.png 52.315998 4.2785773 13.504337 0.88489276 -0.096161 0.45490077 -0.027984543
seq3/frame00143.png 52.252247 4.051476 13.312534 0.9074963 -0.09385591 0.4079815 -0.0345319
seq3/frame00144.png 52.861168 4.137686 13.7726 0.8987822 -0.09177665 0.42748907 -0.03194765
seq3/frame00145.png 53.054783 3.879244 12.855272 0.92859715 -0.08807521 0.36023912 -0.013348932
seq3/frame00146.png 53.554188 3.8393605 13.257116 0.9258171 -0.104044445 0.3625022 -0.025090162
seq3/frame00147.png 54.038055 3.5377734 11.789452 0.9477236 -0.111568056 0.29306665 -0.059027754
seq3/frame00148.png 56.561127 3.8275697 12.505389 0.9388494 -0.10594924 0.32181287 -0.061426464
seq3/frame00149.png 56.15078 3.9663384 13.246287 0.9379509 -0.09372438 0.3299452 -0.050988458
seq3/frame00150.png 57.991844 4.470885 14.206821 0.93186 -0.08706347 0.35093367 -0.030042423
seq3/frame00151.png 51.761444 3.0195987 9.878232 0.9642929 -0.08300303 0.2460644 -0.051982746
seq3/frame00152.png 52.31652 2.3811395 9.842761 0.9676476 -0.093971685 0.22296034 -0.07152906
seq3/frame00153.png 53.48769 2.5641491 10.170753 0.95765805 -0.10293165 0.25424603 -0.08749247
seq3/frame00154.png 52.78836 2.716082 10.8833475 0.9639391 -0.109071195 0.24052794 -0.032729734
seq3/frame00155.png 56.275856 3.1243556 11.426246 0.952858 -0.12703219 0.26393813 -0.079127654
seq3/frame00156.png 57.05445 3.7510846 13.491603 0.95638955 -0.113055326 0.2672584 -0.033325434
seq3/frame00157.png 57.070858 3.7917225 13.629917 0.95075077 -0.10778672 0.28946945 -0.025743417
seq3/frame00158.png 54.734184 2.969675 11.592075 0.9613487 -0.09279698 0.25563747 -0.04297426
seq3/frame00159.png 56.658005 3.9778836 13.843581 0.93956167 -0.063837215 0.33513266 -0.028890586
seq3/frame00160.png 65.92543 5.23735 17.829939 0.9266286 -0.07840176 0.36543956 -0.040819857
seq3/frame00161.png 66.36781 5.2850432 18.158783 0.89512414 -0.07769079 0.43677136 -0.044133704
seq3/frame00162.png 66.724815 5.3310094 18.621927 0.8915038 -0.06681659 0.44616413 -0.04116276
seq3/frame00163.png 67.80803 5.224874 17.634491 0.908476 -0.08107828 0.4064231 -0.054021154
seq3/frame00164.png 64.61109 4.994767 15.700382 0.9408339 -0.08361682 0.32072437 -0.07053963
seq3/frame00165.png 70.35884 5.4454403 18.029325 0.9054724 -0.070552796 0.41070354 -0.080404446
seq3/frame00166.png 69.961586 5.444389 17.725607 0.9031935 -0.06578449 0.4182042 -0.07084616
seq3/frame00167.png 72.151375 5.5877366 18.912922 0.87104815 -0.08036921 0.4794023 -0.070636064
seq3/frame00168.png 71.10976 5.4223747 17.970764 0.8681852 -0.06897318 0.476755 -0.11917257
seq3/frame00169.png 71.03146 5.438249 18.003128 0.83224434 -0.094893835 0.5392273 -0.08716719
seq3/frame00170.png 71.575714 5.2873964 18.117334 0.8633539 -0.105105534 0.48444906 -0.09424287
seq3/frame00171.png 70.12211 5.179397 17.652117 0.8898927 -0.1059621 0.42125162 -0.13932052
seq3/frame00172.png 69.897255 5.019517 17.395065 0.8811062 -0.13060385 0.43960112 -0.115520366
seq3/frame00173.png 73.09911 5.210503 17.823137 0.82977754 -0.12646592 0.52919304 -0.12422055
seq3/frame00174.png 73.01847 5.230655 17.431051 0.8335574 -0.10219305 0.53516746 -0.09129377
seq3/frame00175.png 73.57377 5.145903 17.559774 0.8308805 -0.08736542 0.5385492 -0.109406814
seq3/frame00176.png 74.16652 4.732844 16.722706 0.8452978 -0.10164774 0.5203875 -0.06585093
seq3/frame00177.png 74.85597 4.7253966 16.597748 0.83689046 -0.09807533 0.53064275 -0.09172809
seq3/frame00178.png 75.64861 4.7337914 16.818615 0.852473 -0.095267855 0.5047877 -0.096970126
seq3/frame00179.png 71.09805 4.28736 14.679099 0.92083824 -0.09308043 0.35772058 -0.12421428
seq7/frame00001.png -59.928806 -2.4222937 -5.5264125 0.8267096 -0.02855358 -0.5500778 0.11467366
seq7/frame00002.png -59.509487 -2.4811728 -5.794958 0.83066654 -0.029082118 -0.54430777 0.11347416
seq7/frame00003.png -59.787525 -2.4176164 -5.685412 0.8350835 -0.033575416 -0.5379482 0.11009094
seq7/frame00004.png -59.772823 -2.607455 -5.755286 0.8428591 -0.024204845 -0.52867633 0.09748707
seq7/frame00005.png -58.898853 -2.4342952 -5.499529 0.8580403 -0.009353029 -0.50303537 0.10312435
seq7/frame00006.png -58.509384 -2.5522513 -5.8786025 0.8568319 -0.017124122 -0.50655353 0.0946023
seq7/frame00007.png -57.926678 -2.6958773 -6.033438 0.85184485 -0.008122485 -0.51397264 0.10062879
seq7/frame00008.png -56.715504 -2.455159 -6.172335 0.87197953 -0.010763866 -0.48231134 0.08313451
seq7/frame00009.png -56.321632 -2.683677 -6.5869603 0.8695401 -0.005869529 -0.48467508 0.09463493
seq7/frame00010.png -56.92591 -2.6850755 -6.8888607 0.8682896 -0.010747028 -0.48318014 0.11178035
seq7/frame00011.png -55.602802 -2.7407682 -6.9861894 0.8778737 -0.0055096084 -0.4701544 0.090896025
seq7/frame00012.png -54.538353 -2.6883087 -7.275887 0.8604429 -0.004919457 -0.5008904 0.09339538
seq7/frame00013.png -54.381783 -2.7535877 -7.0471516 0.8648126 -0.0065495446 -0.48784745 0.11857887
seq7/frame00014.png -53.652943 -2.8707256 -7.6059203 0.8636254 -0.008262747 -0.49032137 0.11690865
seq7/frame00015.png -51.97316 -2.9132462 -7.9141994 0.88310754 -0.0027222144 -0.45744374 0.10420541
seq7/frame00016.png -50.9332 -2.896446 -8.429367 0.8724614 0.010844339 -0.4797179 0.09254364
seq7/frame00017.png -50.24663 -3.034425 -8.617288 0.87321615 -0.011482506 -0.46940246 0.13047224
seq7/frame00018.png -49.724327 -2.7985044 -8.563948 0.87240183 0.0028099448 -0.47896615 0.09745845
seq7/frame00019.png -48.61376 -2.745943 -8.406137 0.8676799 -0.005144205 -0.4851376 0.10838119
seq7/frame00020.png -48.505096 -2.8905823 -8.256124 0.85236967 -0.0052216975 -0.5097932 0.11640318
seq7/frame00021.png -46.468967 -2.907612 -8.242054 0.88220286 -0.006547901 -0.45455056 0.12271455
seq7/frame00022.png -47.742275 -3.0547783 -8.120305 0.87675405 0.01448905 -0.46654406 0.11588427
seq7/frame00023.png -46.832832 -2.9903753 -8.093733 0.87930715 0.0058000004 -0.46107665 0.11913604
seq7/frame00024.png -45.273834 -2.7113843 -7.4417434 0.84857833 0.006556268 -0.5147409 0.12212054
seq7/frame00025.png -44.529167 -2.6644251 -7.4996176 0.84813464 -0.03375112 -0.5185585 0.10308069
seq7/frame00026.png -43.303055 -2.6037545 -7.2121806 0.8296388 -0.02006143 -0.5459579 0.11500831
seq7/frame00027.png -42.870434 -2.4742393 -6.77293 0.8464531 -0.041197978 -0.5191922 0.110722944
seq7/frame00028.png -42.096817 -2.4807065 -6.5324674 0.85331684 -0.0096491715 -0.5093431 0.11102704
seq7/frame00029.png -41.410423 -2.421617 -6.0463085 0.8715947 -0.034202304 -0.47673082 0.108996876
seq7/frame00030.png -40.667667 -2.0014503 -5.8097973 0.8887978 -0.022028105 -0.44613478 0.10255146
seq7/frame00031.png -39.28482 -2.0793698 -5.1773114 0.91091824 -0.01892531 -0.40113372 0.09466429
seq7/frame00032.png -38.807896 -2.0893662 -5.294319 0.87886053 -0.022679085 -0.46670246 0.09632666
seq7/frame00033.png -37.817 -1.8525983 -5.0419106 0.88172853 -0.02930697 -0.4634587 0.08307834
seq7/frame00034.png -36.65706 -1.7079912 -4.9282537 0.87896776 -0.03140661 -0.47165293 0.06303248
seq7/frame00035.png -36.05844 -1.7439963 -4.5781083 0.8915516 -0.03140028 -0.4454554 0.075625405
seq7/frame00036.png -35.829998 -1.6673694 -4.686548 0.89747083 -0.011601599 -0.43763638 0.053718604
seq7/frame00037.png -34.635735 -1.5535644 -4.1982512 0.9025055 -0.019290734 -0.4208455 0.08944458
seq7/frame00038.png -33.89271 -1.7098734 -4.582278 0.88816607 -0.011415339 -0.45092502 0.087734066
seq7/frame00039.png -32.95599 -1.6023008 -4.529974 0.8898654 -0.016160026 -0.44840604 0.08252476
seq7/frame00040.png -31.940613 -1.5388721 -4.4284816 0.88256514 -0.013728459 -0.46115586 0.09069611
seq7/frame00041.png -31.200596 -1.5264764 -4.5322576 0.88881475 -0.0060793357 -0.45036185 0.084529825
seq7/frame00042.png -30.809616 -1.5024927 -4.520828 0.8826521 -0.013209127 -0.46011516 0.09510377
seq7/frame00043.png -29.831654 -1.4718329 -4.1490064 0.9097533 -0.01508618 -0.4111744 0.05528976
seq7/frame00044.png -28.896235 -1.4348496 -4.3118434 0.90105516 -0.0046276357 -0.4239292 0.09144509
seq7/frame00045.png -27.820791 -1.4655128 -4.090305 0.93010306 0.0008773378 -0.36150017 0.06500169
seq7/frame00046.png -27.252983 -1.3647821 -4.352848 0.9330972 0.016744241 -0.35484338 0.055997267
seq7/frame00047.png -26.283655 -1.273906 -3.9950697 0.9324933 0.008467986 -0.35348266 0.07371988
seq7/frame00048.png -25.888805 -1.2250369 -4.0060835 0.9381241 0.015111275 -0.33863208 0.07087457
seq7/frame00049.png -25.362343 -1.2103052 -3.512545 0.936214 0.0031523341 -0.34304154 0.07626156
seq7/frame00050.png -23.547209 -1.0320714 -3.5394063 0.94275415 0.008031573 -0.32652184 0.06733152
seq7/frame00051.png -23.657173 -1.1352173 -3.7392948 0.94049495 -0.003354232 -0.33253068 0.06986624
seq7/frame00052.png -23.430439 -1.252308 -3.5320141 0.9343472 -0.006582803 -0.349254 0.07052454
seq7/frame00053.png -23.117527 -1.15044 -3.027832 0.94573855 -0.0004833197 -0.31449908 0.08166264
seq7/frame00054.png -21.844572 -0.9652588 -2.4919791 0.95794946 0.019187568 -0.27948284 0.062081426
seq7/frame00055.png -20.961946 -0.88054484 -2.2454755 0.95106447 0.005094129 -0.2970307 0.08499066
seq7/frame00056.png -20.137655 -0.9478324 -2.6513877 0.95003283 -0.00041337823 -0.2958561 0.09953302
seq7/frame00057.png -18.708403 -0.8152336 -1.8872423 0.95207083 -0.00010033667 -0.29871282 0.065812826
seq7/frame00058.png -18.169952 -0.78576946 -1.9446225 0.9582092 0.00047914882 -0.281784 0.049324024
seq7/frame00059.png -17.824408 -0.65960604 -1.6702323 0.96233016 -0.003985293 -0.26757237 0.048058387
seq7/frame00060.png -16.818983 -0.79416364 -1.9355702 0.9653308 -0.010329784 -0.2586543 0.033580925
seq7/frame00061.png -16.792635 -0.37356597 -1.5764432 0.9627748 -0.0039479337 -0.2639767 0.058012344
seq7/frame00062.png -15.672894 -0.68327945 -1.7305412 0.9632085 -0.004677693 -0.26524454 0.043047763
seq7/frame00063.png -15.36352 -0.5202705 -1.5672194 0.9622415 -0.0138764335 -0.2660485 0.05582877
seq7/frame00064.png -15.038072 -0.41778225 -1.5819036 0.96962607 -0.0101481285 -0.23536286 0.065780185
seq7/frame00065.png -13.004998 -0.21040797 -1.0581336 0.97173774 0.0026305043 -0.23378764 0.0325918
seq7/frame00066.png -12.72071 -0.15900496 -1.072409 0.97670734 0.009174331 -0.21418943 0.009042673
seq7/frame00067.png -11.631323 -0.44016367 -1.170649 0.9788334 0.0145609155 -0.20344704 0.016808145
seq7/frame00068.png -11.093622 -0.16522057 -0.69298905 0.9873299 0.010927273 -0.15770626 0.013738294
seq7/frame00069.png -10.752605 -0.029120438 -0.6290797 0.99069613 0.0074397423 -0.13546826 0.010681844
seq7/frame00070.png -9.183266 -0.24164918 -0.22185704 0.9989882 -0.0006929753 -0.044897422 0.0025349667
seq7/frame00071.png -8.897788 -0.08018498 -0.38074338 0.998564 0.009860765 -0.0523204 -0.0059225224
seq7/frame00072.png -8.173239 -0.074801534 0.19917321 0.9992186 -0.014065955 -0.033964284 0.014518859
seq7/frame00073.png -7.857609 0.044843435 0.47137547 0.9998861 -0.011901468 -0.009255108 0.00077890244
seq7/frame00074.png -6.4583235 0.30629998 0.87706923 0.99944526 -0.028198017 -0.007131964 0.01622188
seq7/frame00075.png -6.363449 0.19530253 0.7243619 0.9997924 -0.00676117 -0.0023211883 -0.01908063
seq7/frame00076.png -5.422202 0.6222804 1.7404796 0.9991055 -0.041114673 -0.007763768 0.006138392
seq7/frame00077.png -4.457092 0.48770815 1.5118057 0.99977136 -0.020905092 -0.00067086046 0.0044546514
seq7/frame00078.png -4.1282 0.6152572 1.8814663 0.99889535 -0.017095014 0.043534752 0.0045419517
seq7/frame00079.png -3.3671186 0.595042 1.9347776 0.9999083 0.01300412 0.003678815 -0.0007685955
seq7/frame00080.png -3.2507477 0.47519362 2.45472 0.9982018 -0.018625826 0.056534614 0.0070587127
seq7/frame00081.png -2.81149 0.50036854 2.113644 0.99935484 -0.019062003 0.028582443 0.010461393
seq7/frame00082.png -1.4504313 0.8513028 2.775845 0.99826187 -0.02102603 0.051432822 0.019645248
seq7/frame00083.png -0.8348305 0.5096641 2.6984785 0.9923207 -0.017928416 0.1223489 -0.0029871347
seq7/frame00084.png 0.2263006 0.74615914 2.7992408 0.9872967 -0.027128208 0.15647489 0.0049910606
seq7/frame00085.png 1.9478486 0.81680375 2.455448 0.9900924 -0.0017376984 0.14040203 -0.001158556
seq7/frame00086.png 2.6845448 1.0221179 2.7477453 0.99596053 -0.017086208 0.0881052 -0.0028354784
seq7/frame00087.png 3.1453958 0.7951223 2.3108706 0.9975605 0.0032200343 0.06966449 0.0030764416
seq7/frame00088.png 3.3117023 0.47631407 3.3169768 0.9989025 0.016541246 0.04313945 -0.007716028
seq7/frame00089.png 4.062353 0.9758963 2.9675384 0.9951252 0.0046305093 0.0957877 -0.023001144
seq7/frame00090.png 4.655161 0.46624345 2.5431972 0.9993313 0.026607174 0.019348608 -0.015967136
seq7/frame00091.png 5.89498 0.38325763 2.9089835 0.99793404 0.03663706 0.052723724 0.0023601884
seq7/frame00092.png 5.8235793 0.706441 3.1117423 0.9959753 0.03245976 0.08354209 -0.00024017415
seq7/frame00093.png 7.939961 0.9650387 2.6229048 0.98911977 0.007703806 0.14396904 -0.02925416
seq7/frame00094.png 7.8975325 0.90995723 2.2363415 0.9944837 -0.0065887175 0.10251023 -0.021226527
seq7/frame00095.png 8.828384 0.7316763 1.6331166 0.9930853 -0.015955424 0.11253004 -0.029391209
seq7/frame00096.png 9.800565 0.72474116 1.1511613 0.99462384 -0.010833921 0.09973745 -0.02566322
seq7/frame00097.png 9.689167 0.45300943 0.8833489 0.9830884 -0.02795462 0.1784423 -0.030228192
seq7/frame00098.png 10.068555 0.4125675 0.13113523 0.9773497 -0.029041938 0.20034653 -0.06168695
seq7/frame00099.png 10.238382 0.41584784 -0.38973233 0.9583319 -0.04677258 0.27249527 -0.07182609
seq7/frame00100.png 10.625265 0.28891027 -0.7812612 0.96104646 -0.06442136 0.25461808 -0.08607696
seq7/frame00101.png 11.318584 0.076137826 -0.9624821 0.95871705 -0.057610344 0.26732278 -0.07798073
seq7/frame00102.png 11.352275 -0.06387691 -1.3729937 0.96103215 -0.040398207 0.26790908 -0.054863915
seq7/frame00103.png 12.127514 0.036131725 -1.9524448 0.95319843 -0.063869365 0.29097328 -0.051657733
