seq2/frame00001.png 44.998783 2.9334939 10.471484 0.8922979 -0.07486022 0.4423645 -0.04990545
seq2/frame00002.png 45.040367 2.9669564 10.409641 0.8930447 -0.07437661 0.44112724 -0.049532883
seq2/frame00003.png 45.624363 2.9594693 10.453613 0.8886979 -0.0769807 0.44927302 -0.049825538
seq2/frame00004.png 45.165062 3.0279562 10.446179 0.8804993 -0.07195872 0.46661776 -0.04353857
seq2/frame00005.png 43.919407 2.892351 9.908167 0.8779386 -0.07285708 0.46973062 -0.057648093
seq2/frame00006.png 42.593563 2.9485495 10.019534 0.894627 -0.07575353 0.43497106 -0.06863904
seq2/frame00007.png 41.14598 2.803918 9.18346 0.8940454 -0.049655322 0.4377159 -0.08137044
seq2/frame00008.png 39.746582 2.9772332 9.337907 0.9001656 -0.0513773 0.42436576 -0.083129905
seq2/frame00009.png 38.2933 3.2991228 9.894803 0.90181077 -0.07661233 0.41513127 -0.092316486
seq2/frame00010.png 36.309723 2.3124304 8.209905 0.8954511 -0.045503523 0.43889478 -0.060099695
seq2/frame00011.png 35.05857 2.6414185 8.500613 0.8984442 -0.06455266 0.42944774 -0.065736465
seq2/frame00012.png 32.65964 2.4613864 7.858371 0.90946484 -0.07585895 0.40677494 -0.041839786
seq2/frame00013.png 30.82037 2.145414 7.0718718 0.8970895 -0.06178896 0.43462947 -0.05152565
seq2/frame00014.png 29.472652 2.4279106 7.0925317 0.9051161 -0.073074624 0.4149509 -0.057615407
seq2/frame00015.png 27.830933 2.2170274 6.709802 0.9000368 -0.063998416 0.4270118 -0.05881626
seq2/frame00016.png 26.164886 2.2026305 6.204212 0.9012501 -0.07250627 0.42003554 -0.07768245
seq2/frame00017.png 24.370632 2.2895815 5.7260723 0.91714424 -0.06889981 0.384625 -0.078703225
seq2/frame00018.png 22.58195 1.9203966 5.672036 0.91479576 -0.051707372 0.39322054 -0.076921
seq2/frame00019.png 20.9511 1.6395935 5.4278064 0.9302506 -0.06342364 0.35378718 -0.07254587
seq2/frame00020.png 19.104076 1.3206571 4.810538 0.9420019 -0.04701226 0.32621115 -0.06425867
seq2/frame00021.png 17.583233 1.894474 4.6568727 0.94176954 -0.033539522 0.32941854 -0.057337474
seq2/frame00022.png 15.776475 1.4502925 4.66571 0.9412439 -0.067975305 0.32826123 -0.041073106
seq2/frame00023.png 14.4037075 1.2021409 3.9828808 0.9465348 -0.079967886 0.31167865 -0.01974162
seq2/frame00024.png 12.813181 1.0548872 3.7426028 0.95571786 -0.07521126 0.28423628 -0.015482144
seq2/frame00025.png 11.572737 0.70224965 3.378413 0.94158065 -0.042569287 0.3321513 -0.036218986
seq2/frame00026.png 10.510311 1.4744247 3.238578 0.92507577 -0.063757926 0.36740908 -0.072299086
seq2/frame00027.png 13.542315 1.4976515 4.2318087 0.9143001 -0.0997224 0.3830653 -0.08550415
seq2/frame00028.png 9.1769705 1.0536704 4.1125145 0.95305645 -0.024978595 0.29827344 -0.045154247
seq2/frame00029.png 8.510947 0.53856814 4.339346 0.94355196 -0.059385665 0.32197076 -0.05077348
seq2/frame00030.png 7.5677423 0.36218566 3.9688263 0.9527777 -0.084870584 0.28661904 -0.052657735
seq2/frame00031.png 7.2167377 0.45151177 3.8006911 0.960713 -0.0903174 0.2566252 -0.055648427
seq2/frame00032.png 6.9510403 0.2988855 2.7721047 0.9665079 -0.08458536 0.23734361 -0.0491407
seq2/frame00033.png -7.3925915 -1.0618042 -1.0193002 0.9965649 0.024069056 0.075527504 0.02257864
seq2/frame00034.png 2.973257 -2.3151248 -2.9351082 0.95577365 -0.005839996 0.28858712 -0.056034256
seq2/frame00035.png 4.6793714 0.9727422 3.9634387 0.9706362 -0.120722264 0.20496461 -0.036218107
seq2/frame00036.png 3.6381512 0.4694755 3.2324476 0.9751068 -0.118989095 0.18391047 -0.036382653
seq2/frame00037.png 3.3833175 1.1239578 3.2772086 0.97796774 -0.10532523 0.17919397 -0.01718011
seq2/frame00038.png 3.2768552 0.8600511 2.2611604 0.9763636 -0.055342678 0.2075041 -0.023085544
seq2/frame00039.png 2.1646864 0.78148115 2.0671062 0.97853863 -0.055544175 0.1969326 -0.022704042
seq2/frame00040.png 1.1531112 0.7846836 1.4497238 0.98295903 -0.053584307 0.17235914 -0.036428172
seq2/frame00041.png -0.5096289 0.72095424 1.3126535 0.98779213 -0.047316346 0.14775568 -0.014934437
seq2/frame00042.png -1.3707055 0.527008 0.7005424 0.9904756 -0.03936252 0.13190416 -0.0017763792
seq2/frame00043.png -2.9432287 0.36389592 0.6324942 0.98771346 -0.062319037 0.14267251 0.0036606542
seq2/frame00044.png -4.652387 0.3492407 0.44600546 0.995063 -0.053263996 0.08422681 0.005962004
seq2/frame00045.png -6.838792 0.69171387 1.0409458 0.98945224 -0.079163596 0.12082084 -0.014156109
seq2/frame00046.png -7.8557444 0.57612586 0.3441555 0.9956474 -0.09184521 0.016210042 -0.010199342
seq2/frame00047.png -9.135177 0.11040522 -0.16919976 0.99715036 -0.0737768 -0.0072289864 -0.0032982556
seq2/frame00048.png -10.610831 -0.666532 -0.5216766 0.9982642 -0.029216645 -0.042224552 0.02857767
seq2/frame00049.png -12.476788 -0.17048207 -1.085929 0.9941169 -0.062835395 -0.08472299 0.02381822
seq2/frame00050.png -14.189441 -0.8737358 -1.1131815 0.99691105 -0.03626531 -0.06767467 0.009901861
seq2/frame00051.png -16.007366 -0.31560898 -1.3753403 0.98776877 -0.053086493 -0.14569402 0.0186808
seq2/frame00052.png -17.908499 -0.6675883 -2.4766815 0.96843857 -0.048847828 -0.23967056 0.0479539
seq2/frame00053.png -19.289106 -1.0296216 -2.6406703 0.9651302 -0.042465266 -0.25251004 0.054057356
seq2/frame00054.png -21.475567 -1.2546281 -3.1981869 0.95219034 -0.06539628 -0.29130223 0.06393064
seq2/frame00055.png -23.73533 -1.2172806 -3.319805 0.95228 -0.049349997 -0.29323432 0.067820705
seq2/frame00056.png -25.02545 -1.5665257 -3.4508793 0.94381046 -0.06894603 -0.31637096 0.06736625
seq2/frame00057.png -27.03334 -2.0939825 -4.317523 0.9337184 -0.04181834 -0.34911937 0.06754905
seq2/frame00058.png -28.76638 -2.1384757 -4.32365 0.94467676 -0.051727675 -0.3173335 0.06434655
seq2/frame00059.png -30.958683 -1.8939732 -5.170605 0.9330316 -0.07910876 -0.34517044 0.06337484
seq2/frame00060.png -32.918884 -1.6654439 -5.0105357 0.92425996 -0.07247349 -0.37015766 0.058914732
seq2/frame00061.png -35.114403 -1.8315163 -5.4602423 0.90659034 -0.065735236 -0.4095259 0.07789173
seq3/frame00001.png -55.38047 -2.5809143 -6.7572756 0.83124536 -0.024775742 -0.5385931 0.13500321
seq3/frame00002.png -54.966244 -2.6671584 -6.699585 0.8346513 -0.026422312 -0.5363052 0.12271277
seq3/frame00003.png -55.006485 -2.7168899 -6.6857824 0.8355374 -0.030559229 -0.5348603 0.12155993
seq3/frame00004.png -54.742386 -2.7814178 -6.802458 0.83664626 -0.029938672 -0.5368383 0.10481329
seq3/frame00005.png -53.497086 -2.654959 -6.996142 0.83348656 -0.039241772 -0.543434 0.09164035
seq3/frame00006.png -52.829323 -2.65529 -6.8895087 0.8197457 -0.02228569 -0.5672755 0.074744046
seq3/frame00007.png -52.282177 -2.6987762 -6.7188253 0.830822 -0.031970594 -0.5475095 0.09434904
seq3/frame00008.png -51.668434 -2.524314 -6.2964816 0.84145874 -0.0324104 -0.532614 0.08460164
seq3/frame00009.png -51.04661 -2.4548516 -6.0939164 0.86440974 -0.045031942 -0.49474546 0.07884033
seq3/frame00010.png -50.167366 -2.4150171 -6.319933 0.8659159 -0.04611137 -0.49172997 0.07929843
seq3/frame00011.png -49.211563 -2.5548644 -6.0447383 0.87837946 -0.035801783 -0.47073293 0.07449597
seq3/frame00012.png -48.54833 -2.3549592 -5.962173 0.8704864 -0.047261707 -0.48488703 0.0696941
seq3/frame00013.png -47.935127 -2.318147 -5.8442955 0.86969036 -0.04460757 -0.48558873 0.07589017
seq3/frame00014.png -47.031048 -2.2295547 -5.5732884 0.8699966 -0.04390824 -0.48662442 0.06566218
seq3/frame00015.png -46.328842 -2.1097755 -5.5131636 0.87731326 -0.042612486 -0.4739881 0.062254213
seq3/frame00016.png -45.417805 -2.1937938 -5.3848233 0.8790015 -0.031745303 -0.4715291 0.06439344
seq3/frame00017.png -44.78077 -1.9223661 -4.973526 0.8911281 -0.047690522 -0.44571888 0.07061436
seq3/frame00018.png -43.795475 -2.0032432 -5.285345 0.89470214 -0.053666253 -0.4392294 0.06033322
seq3/frame00019.png -43.247673 -1.7806095 -5.121955 0.8968464 -0.03764136 -0.43779394 0.051086355
seq3/frame00020.png -42.79226 -1.2721539 -4.141105 0.9019303 -0.046935868 -0.4275993 0.038949683
seq3/frame00021.png -41.75256 -1.6517437 -4.4105163 0.8961432 -0.051190898 -0.43805236 0.04887966
seq3/frame00022.png -40.90215 -1.7451512 -4.680484 0.89696753 -0.050032105 -0.43719706 0.04176185
seq3/frame00023.png -40.274807 -1.5825136 -4.003965 0.89845586 -0.045609597 -0.43198496 0.06346653
seq3/frame00024.png -39.18005 -1.633249 -4.6553593 0.8950662 -0.057656873 -0.4389446 0.05364494
seq3/frame00025.png -38.365192 -1.8475069 -4.377421 0.89668244 -0.044890545 -0.43706256 0.054983467
seq3/frame00026.png -37.808437 -1.3452687 -4.1178503 0.9044327 -0.064516015 -0.41974905 0.041065436
seq3/frame00027.png -37.20467 -1.306596 -3.9187634 0.9066432 -0.06007417 -0.41640303 0.030330397
seq3/frame00028.png -36.291355 -1.2008953 -3.8914754 0.91002554 -0.066480435 -0.40861663 0.025023881
seq3/frame00029.png -35.60468 -1.4876307 -3.9185565 0.90972084 -0.04055471 -0.40890947 0.058558643
seq3/frame00030.png -34.786392 -1.4731922 -3.8572958 0.9187212 -0.044404287 -0.38767302 0.060938932
seq3/frame00031.png -33.98614 -1.3844633 -3.5271761 0.9221478 -0.04099703 -0.38131994 0.050614152
seq3/frame00032.png -33.056175 -1.0955231 -3.5134726 0.92783296 -0.0610917 -0.36564216 0.041170727
seq3/frame00033.png -32.527916 -1.4385849 -3.3533764 0.9348463 -0.036483213 -0.34618956 0.069593854
seq3/frame00034.png -31.688578 -1.1418288 -3.2281728 0.9351174 -0.049083196 -0.3446768 0.06491454
seq3/frame00035.png -30.87599 -1.2634611 -3.187611 0.9352883 -0.04175881 -0.34696147 0.05657791
seq3/frame00036.png -29.886604 -1.1477263 -3.1450481 0.9296042 -0.05259743 -0.36009443 0.058337208
seq3/frame00037.png -29.290735 -1.126445 -3.0812097 0.9204944 -0.05959495 -0.38205308 0.056583162
seq3/frame00038.png -28.544998 -1.0657429 -2.969389 0.919554 -0.055030927 -0.38620543 0.046304017
seq3/frame00039.png -27.614117 -1.2010812 -2.826739 0.91965294 -0.052266326 -0.38769966 0.035804704
seq3/frame00040.png -26.867184 -1.2277678 -2.8216288 0.92573726 -0.050192047 -0.37189224 0.046279047
seq3/frame00041.png -26.115795 -1.0586 -2.6501877 0.9246548 -0.05807418 -0.37395012 0.0410556
seq3/frame00042.png -25.177612 -1.0343609 -2.6949408 0.9334007 -0.05120586 -0.3533401 0.03667807
seq3/frame00043.png -24.475994 -0.93078923 -2.3883512 0.9353566 -0.049108006 -0.34866863 0.0342524
seq3/frame00044.png -23.515425 -0.957169 -2.4405804 0.9411478 -0.068612725 -0.32815373 0.04297813
seq3/frame00045.png -22.819363 -0.76482654 -1.9708022 0.9420741 -0.040501162 -0.3320473 0.024004707
seq3/frame00046.png -22.080284 -0.9588884 -1.8825067 0.94633603 -0.05376543 -0.3165709 0.037687503
seq3/frame00047.png -21.264172 -0.87923044 -1.2949793 0.9511696 -0.045845877 -0.30338383 0.035561103
seq3/frame00048.png -20.420532 -0.7499253 -1.4503107 0.9517741 -0.05252547 -0.29916558 0.042398218
seq3/frame00049.png -19.659014 -0.68316567 -0.98991036 0.9499655 -0.038799107 -0.30753255 0.039340142
seq3/frame00050.png -18.908613 -0.47570217 -1.0405612 0.95375866 -0.04062817 -0.2935391 0.05088933
seq3/frame00051.png -18.08941 -0.6772768 -0.9305313 0.9585244 -0.05338444 -0.2772141 0.03722729
seq3/frame00052.png -17.376581 -0.47920424 -1.2513984 0.96389455 -0.08499705 -0.24936028 0.038335484
seq3/frame00053.png -16.548464 -0.8260037 -0.7999536 0.97605824 -0.058380242 -0.20833981 0.019164857
seq3/frame00054.png -15.917185 -0.19078091 -0.7244232 0.97931445 -0.055313822 -0.19402203 0.01578755
seq3/frame00055.png -15.300143 0.092133075 -1.088899 0.9773855 -0.03872355 -0.20564413 0.030802486
seq3/frame00056.png -14.523995 0.11441111 -0.49965852 0.98743916 -0.028429214 -0.15248713 0.026885826
seq3/frame00057.png -13.831687 0.20058356 0.005275868 0.9881963 -0.018484866 -0.15059996 0.02208248
seq3/frame00058.png -12.737226 0.16076341 -0.05380746 0.9869001 -0.02305444 -0.15789863 0.024139252
seq3/frame00059.png -12.036661 -0.055504605 0.2542171 0.9877014 -0.0080544455 -0.15372363 0.027324386
seq3/frame00060.png -11.268389 0.02363979 0.32308555 0.99010587 -0.013223457 -0.13877073 0.019031357
seq3/frame00061.png -10.478559 -0.043175176 0.44056225 0.9880165 -0.010263984 -0.1512968 0.030659888
seq3/frame00062.png -9.153513 0.2531332 0.92401975 0.99082464 -0.008441197 -0.13510408 0.009625688
seq3/frame00063.png -8.632406 0.072327904 1.08612 0.99173534 0.0021776452 -0.12729955 0.01592267
seq3/frame00064.png -7.894153 0.4820122 1.2661318 0.9946309 -0.010830693 -0.10070037 0.024516968
seq3/frame00065.png -7.3526077 0.30589122 1.3540565 0.9973232 -0.011236836 -0.067226745 0.02783612
seq3/frame00066.png -6.872787 -1.0747411 2.7855916 0.9988287 -0.002065983 -0.046980415 0.009873485
seq3/frame00067.png -5.783325 0.3883385 1.6338965 0.9980993 -0.01960125 -0.04990338 0.030573767
seq3/frame00068.png -5.0177727 0.28828263 1.7609134 0.99967 -0.016970247 0.017953778 0.0019255376
seq3/frame00069.png -5.320979 0.61745846 2.272715 0.9969834 -0.0070850505 0.07693995 0.0008274374
seq3/frame00070.png -3.6087592 -0.11691626 1.9358732 0.99765253 0.009896869 0.06267494 -0.028155245
seq3/frame00071.png -2.7370112 0.793037 2.1378415 0.99932534 0.0114253275 0.030266808 -0.01760815
seq3/frame00072.png -1.6168294 0.1964107 1.9551864 0.99861664 0.0017317052 0.047300283 -0.02053819
seq3/frame00073.png -0.9736326 0.906618 2.2328098 0.99910486 -0.014218224 0.03779618 0.002304098
seq3/frame00074.png -0.5236858 0.7978305 2.488679 0.9988604 -0.0028384265 0.04656458 -0.00039812844
seq3/frame00075.png 0.5924894 0.3615176 2.3744082 0.99820715 -0.0072396705 0.05909831 -0.0065936977
seq3/frame00076.png 0.9782855 0.57079065 2.523273 0.9983351 -0.00984607 0.055040352 -0.012023977
seq3/frame00077.png 1.5268748 0.044488706 3.0052266 0.99784684 0.019107997 0.060118373 0.017318659
seq3/frame00078.png 2.2777169 0.67091155 2.8934717 0.99745893 0.008187968 0.06943514 0.0045166793
seq3/frame00079.png 3.1524189 0.56703264 3.377267 0.99435234 0.0007849897 0.106097005 -0.003639765
seq3/frame00080.png 3.9365754 0.83756226 3.5090208 0.9863007 -0.0035582238 0.16386397 -0.018485086
seq3/frame00081.png 4.5847034 0.8253154 3.8141963 0.99067295 0.017343262 0.12704004 -0.044461098
seq3/frame00082.png 5.5748267 1.1221895 3.6335254 0.989171 0.0003911142 0.1412986 -0.03934549
seq3/frame00083.png 6.748275 1.4172437 3.7973568 0.9866525 0.012647582 0.15613723 -0.044410363
seq3/frame00084.png 7.5148587 1.3844423 3.8440285 0.983284 0.006914165 0.17523672 -0.04927718
seq3/frame00085.png 8.412996 1.4744976 3.8682232 0.98934466 0.011211881 0.14037709 -0.038214285
seq3/frame00086.png 8.918474 1.4463571 4.3244796 0.9778799 0.009272221 0.19778559 -0.066099875
seq3/frame00087.png 9.998879 1.5054057 4.374042 0.9738966 -0.0039681843 0.21423088 -0.07414054
seq3/frame00088.png 10.698035 1.7099826 4.7207823 0.9646547 -0.028619815 0.25422144 -0.06272431
seq3/frame00089.png 11.930348 1.3279827 4.304997 0.95596653 -0.03152545 0.28325891 -0.070277646
seq3/frame00090.png 12.368058 1.5757897 4.2271194 0.9535465 -0.057717882 0.28838477 -0.0651735
seq3/frame00091.png 13.150353 1.2872325 5.055138 0.95536035 -0.017948011 0.288373 -0.061960895
seq3/frame00092.png 14.138558 1.5598783 5.0405664 0.9507365 -0.03954329 0.29850057 -0.07307025
seq3/frame00093.png 15.133919 1.5343494 5.1777143 0.9463367 -0.04555595 0.31168178 -0.072353944
seq3/frame00094.png 16.056559 1.6187341 5.173948 0.95130163 -0.077409215 0.2890774 -0.07408165
seq3/frame00095.png 16.450754 1.5081234 5.330294 0.95259225 -0.090451576 0.2838722 -0.061627515
seq3/frame00096.png 17.12507 1.8548 5.810063 0.95403177 -0.07438629 0.28271034 -0.06577866
seq3/frame00097.png 17.844183 1.8789586 5.7851906 0.9501677 -0.07639595 0.29919106 -0.04477197
seq3/frame00098.png 18.46145 1.9853331 6.0006633 0.95415586 -0.0881187 0.2806481 -0.05636904
seq3/frame00099.png 18.905214 1.84464 6.014324 0.9721529 -0.07300085 0.2185346 -0.042382583
seq3/frame00100.png 20.353546 2.652495 5.571231 0.9672857 -0.09198511 0.23422803 -0.032989744
seq3/frame00101.png 21.252556 1.7014357 6.067977 0.9642726 -0.06501198 0.2555746 -0.028508026
seq3/frame00102.png 21.903826 1.6381543 5.5480547 0.9717731 -0.08162111 0.21948679 -0.031028027
seq3/frame00103.png 22.695604 2.3862135 6.643269 0.9751751 -0.08603133 0.20200816 -0.029254163
seq3/frame00104.png 23.800785 2.3426497 6.1995945 0.96351314 -0.09275459 0.2495489 -0.030716771
seq3/frame00105.png 24.787699 1.983827 7.377939 0.94577867 -0.05118614 0.3127711 -0.07170736
seq3/frame00106.png 24.857141 2.64381 7.570974 0.93512505 -0.09235484 0.33606073 -0.06434433
seq3/frame00107.png 25.752401 2.4440815 7.1355133 0.9393488 -0.07735853 0.3258065 -0.07410501
seq3/frame00108.png 26.536081 2.547374 7.162266 0.94702756 -0.10722954 0.2926684 -0.077102594
seq3/frame00109.png 26.987741 2.5035872 7.5259724 0.9458111 -0.079289176 0.30846956 -0.06395695
seq3/frame00110.png 27.456398 2.4147534 7.6308603 0.95086366 -0.087595135 0.2958205 -0.028587736
seq3/frame00111.png 28.68287 2.2777486 7.3588657 0.9620453 -0.07848758 0.2588376 -0.035575908
seq3/frame00112.png 29.184557 2.1978765 6.953857 0.95816785 -0.07531581 0.274113 -0.03421432
seq3/frame00113.png 30.264027 2.386072 7.851005 0.9473686 -0.08067643 0.3034732 -0.06286625
seq3/frame00114.png 30.45025 2.413791 8.117589 0.94223654 -0.09470766 0.31691945 -0.054068115
seq3/frame00115.png 31.541622 2.8147376 9.008004 0.9250641 -0.065254256 0.36600313 -0.07753579
seq3/frame00116.png 33.162956 3.0298297 9.664544 0.9247905 -0.07853673 0.36904472 -0.04966956
seq3/frame00117.png 33.56326 2.8419292 8.912099 0.9421976 -0.07487835 0.3256474 -0.019574404
seq3/frame00118.png 34.594925 3.0195963 9.191141 0.9414423 -0.08225802 0.3231089 -0.050642826
seq3/frame00119.png 34.3497 2.3412814 8.677578 0.9526041 -0.083545566 0.29082453 -0.03442147
seq3/frame00120.png 34.81501 2.5543668 9.385526 0.9447831 -0.084765375 0.3150953 -0.030597152
seq3/frame00121.png 35.75608 2.7740228 9.708571 0.9446749 -0.07626007 0.31789786 -0.025618833
seq3/frame00122.png 36.5596 2.4310286 9.082249 0.9255428 -0.09349564 0.36503565 -0.038593173
seq3/frame00123.png 37.362904 2.7041333 9.832152 0.9356953 -0.082133725 0.34084547 -0.041875597
seq3/frame00124.png 38.45268 2.6043468 9.456004 0.9412298 -0.10119145 0.31947604 -0.04249046
seq3/frame00125.png 39.053288 2.9319117 9.401547 0.94247115 -0.10976938 0.31133094 -0.053152654
seq3/frame00126.png 39.216736 2.8273304 10.1798115 0.9474095 -0.11625164 0.29453936 -0.04551139
seq3/frame00127.png 39.4949 3.1851313 10.29627 0.9626982 -0.08644423 0.2544741 -0.032190807
seq3/frame00128.png 41.613922 2.9548244 10.27589 0.94271255 -0.08766938 0.3197881 -0.037836354
seq3/frame00129.png 41.703114 2.9325418 10.513043 0.93879837 -0.06904264 0.3361353 -0.030521007
seq3/frame00130.png 43.36235 2.915584 11.214806 0.9351955 -0.05819238 0.33669418 -0.092976965
seq3/frame00131.png 42.608345 4.0478473 12.757557 0.89686805 -0.101181395 0.42663905 -0.057884343
seq3/frame00132.png 43.858875 3.5450084 11.900124 0.9034183 -0.10323597 0.4096188 -0.072302304
seq3/frame00133.png 44.483315 3.5271008 12.018216 0.92040104 -0.09742915 0.37238333 -0.06812991
seq3/frame00134.png 44.839977 3.402931 12.075144 0.89440584 -0.14745252 0.41509667 -0.0773455
seq3/frame00135.png 46.08201 3.0490937 11.607783 0.92117524 -0.12538391 0.36368364 -0.058298633
seq3/frame00136.png 47.641994 3.5733643 12.617654 0.90459055 -0.13297457 0.40116787 -0.054686368
seq3/frame00137.png 48.09672 3.5980108 12.74883 0.9193924 -0.10630546 0.3740904 -0.058689117
seq3/frame00138.png 48.378975 3.6458104 12.741941 0.92185885 -0.117945015 0.36176026 -0.0725949
seq3/frame00139.png 49.174057 3.6658833 12.7804785 0.92707187 -0.11171006 0.35049954 -0.07221482
seq3/frame00140.png 49.808197 3.8170798 13.265705 0.9044013 -0.12478787 0.40141028 -0.07262317
seq3/frame00141.png 50.466446 3.9013665 13.401155 0.8913135 -0.101758525 0.43760255 -0.059963584
seq3/frame00142.png 51.57856 4.0867357 13.547012 0.8920524 -0.08051127 0.4421486 -0.048455235
seq3/frame00143.png 51.92679 3.9756393 13.467334 0.91035944 -0.08727522 0.40081373 -0.054731682
seq3/frame00144.png 52.618362 3.9517689 13.802013 0.90887415 -0.09083459 0.40430146 -0.046138436
seq3/frame00145.png 53.036114 3.8849237 13.148808 0.928923 -0.08083797 0.36003688 -0.029281074
seq3/frame00146.png 54.066177 3.6923666 13.321799 0.9238398 -0.104627766 0.36606243 -0.04021411
seq3/frame00147.png 54.03511 3.5380647 11.7876 0.9475119 -0.11186379 0.29367024 -0.058843277
seq3/frame00148.png 56.50005 3.6585658 10.305302 0.9334677 -0.098034784 0.3371507 -0.07379512
seq3/frame00149.png 56.151173 3.9663603 13.244389 0.93790436 -0.09379591 0.33038795 -0.05076656
seq3/frame00150.png 57.34117 4.3787355 13.785018 0.9317713 -0.086314216 0.34796667 -0.058079295
seq3/frame00151.png 52.74803 2.510613 8.550311 0.9775094 -0.074122906 0.19658685 -0.015851177
seq3/frame00152.png 52.31344 2.3814871 9.842538 0.9676309 -0.09413645 0.22319493 -0.0709965
seq3/frame00153.png 53.48385 2.5652502 10.169508 0.9575294 -0.10324971 0.25464925 -0.08761344
seq3/frame00154.png 52.785103 2.7149906 10.881602 0.963802 -0.10920134 0.2411322 -0.032689158
seq3/frame00155.png 56.27387 3.1246092 11.424867 0.9527619 -0.12680739 0.26432693 -0.078940496
seq3/frame00156.png 58.029755 2.7143419 12.105366 0.9549918 -0.1035957 0.27761525 -0.014990665
seq3/frame00157.png 57.068127 3.7918909 13.629326 0.9505847 -0.10814751 0.28987968 -0.025489265
seq3/frame00158.png 54.73211 2.969674 11.591861 0.9612357 -0.09316759 0.2560692 -0.04304431
seq3/frame00159.png 56.658203 3.9759853 13.843971 0.93954307 -0.06441872 0.3352041 -0.029076014
seq3/frame00160.png 64.67403 5.255051 18.137762 0.9168988 -0.075409874 0.38695967 -0.06172271
seq3/frame00161.png 64.088066 5.0450535 17.945173 0.8937525 -0.06777116 0.4402245 -0.054056708
seq3/frame00162.png 64.43712 5.0838337 18.217419 0.89718056 -0.057432007 0.4345698 -0.05345827
seq3/frame00163.png 65.779106 5.2412014 17.982708 0.90612334 -0.06776851 0.41462833 -0.05050165
seq3/frame00164.png 65.38393 4.8781204 15.1746855 0.9429587 -0.053035714 0.322814 -0.06114232
seq3/frame00165.png 68.14039 5.2488694 18.15182 0.90719205 -0.06279865 0.40755594 -0.08436636
seq3/frame00166.png 67.6961 5.6312723 17.853085 0.90394187 -0.058017816 0.40962523 -0.107488014
seq3/frame00167.png 68.670074 5.407452 18.657196 0.8774095 -0.06708179 0.46619314 -0.08999103
seq3/frame00168.png 69.63128 5.5583253 18.112646 0.87017083 -0.06164275 0.47366115 -0.12128563
seq3/frame00169.png 69.8942 5.039774 17.212736 0.83195496 -0.07969067 0.53589576 -0.120056614
seq3/frame00170.png 71.18528 4.899651 17.9449 0.8596412 -0.09278039 0.48968202 -0.11340313
seq3/frame00171.png 66.78604 4.1341915 15.164554 0.8965015 -0.10909173 0.3896971 -0.18020576
seq3/frame00172.png 71.29391 4.8086624 17.950768 0.8859055 -0.11364126 0.43091875 -0.12885343
seq3/frame00173.png 72.001076 5.0647874 17.664574 0.8298146 -0.09060723 0.5310709 -0.14540364
seq3/frame00174.png 71.909065 4.919236 17.336027 0.8275554 -0.06809315 0.54597783 -0.11111051
seq3/frame00175.png 72.64814 4.967708 17.37036 0.82679915 -0.07035169 0.54258364 -0.13117458
seq3/frame00176.png 73.57998 5.121029 17.65009 0.83500034 -0.08068028 0.5373524 -0.08652378
seq3/frame00177.png 74.3424 5.08644 16.91436 0.8350451 -0.07050772 0.5336244 -0.11381235
seq3/frame00178.png 74.96133 5.006539 16.905703 0.8453927 -0.082061164 0.5148844 -0.1160199
seq3/frame00179.png 74.598495 4.9216123 16.149008 0.92319506 -0.06892227 0.36037147 -0.11485684
seq7/frame00001.png -58.97408 -2.422019 -5.616477 0.8198022 -0.044110972 -0.56337017 0.09324943
seq7/frame00002.png -58.986206 -2.458591 -5.6889772 0.82071793 -0.043529678 -0.5618677 0.09355653
seq7/frame00003.png -59.174274 -2.4197605 -5.6251206 0.82230943 -0.049079403 -0.5592728 0.092690185
seq7/frame00004.png -59.02969 -2.4090383 -5.7125654 0.8293674 -0.0374496 -0.5485343 0.099826165
seq7/frame00005.png -64.041626 -3.3871117 -6.120571 0.8275469 0.002715045 -0.5518524 0.102951996
seq7/frame00006.png -57.800396 -2.5304894 -5.8943143 0.8351623 -0.021080386 -0.53832495 0.110239066
seq7/frame00007.png -57.156715 -2.5940366 -6.0552306 0.8325388 -0.01899279 -0.542951 0.1080403
seq7/frame00008.png -56.547882 -2.4546983 -6.295519 0.85996413 -0.02856372 -0.5006247 0.09485066
seq7/frame00009.png -55.67464 -2.7081497 -6.602253 0.8517802 -0.015450299 -0.51355475 0.10263355
seq7/frame00010.png -61.132492 -2.646883 -7.287787 0.85406524 -0.01114117 -0.51082784 0.09673526
seq7/frame00011.png -60.638344 -2.7636282 -7.5596685 0.8528918 -0.022302931 -0.5120719 0.099006705
seq7/frame00012.png -53.775723 -2.7047856 -7.054558 0.8511998 0.0018060966 -0.51240313 0.1132568
seq7/frame00013.png -53.35489 -2.7091818 -7.0081377 0.8554267 -0.009613161 -0.5052144 0.11364653
seq7/frame00014.png -52.526295 -2.9041812 -7.547559 0.8534945 -0.008303754 -0.508728 0.112431265
seq7/frame00015.png -51.5177 -3.0290964 -7.7717032 0.8769284 0.0031447671 -0.46960762 0.10245198
seq7/frame00016.png -50.56041 -2.9082844 -8.193875 0.86228657 0.005493193 -0.49324954 0.1139613
seq7/frame00017.png -49.86764 -2.9703183 -8.223609 0.87118655 -0.019935347 -0.47615004 0.116963424
seq7/frame00018.png -49.291885 -2.951983 -8.305722 0.8673228 -0.002459967 -0.48272705 0.12121848
seq7/frame00019.png -48.61803 -2.9901876 -8.311845 0.86589915 -0.0017313862 -0.48566937 0.11979981
seq7/frame00020.png -47.6909 -2.999851 -8.11658 0.84988606 0.0013314745 -0.5129749 0.120674945
seq7/frame00021.png -47.017845 -3.0360298 -8.225252 0.875223 -0.010188793 -0.4685283 0.119108245
seq7/frame00022.png -46.32694 -2.9613132 -8.089476 0.87154126 0.010578413 -0.47090867 0.1364907
seq7/frame00023.png -45.545982 -2.9267848 -7.952625 0.872557 0.006235622 -0.4718493 0.12623242
seq7/frame00024.png -45.009037 -2.6986694 -7.277827 0.83458364 0.006452257 -0.533481 0.13716997
seq7/frame00025.png -43.844486 -2.5349905 -7.25112 0.84474885 -0.03626824 -0.5220133 0.11219819
seq7/frame00026.png -43.072712 -2.517806 -7.0405946 0.8276568 -0.041554164 -0.5504395 0.10173366
seq7/frame00027.png -42.365494 -2.2958655 -6.6658106 0.85224706 -0.04227951 -0.51074517 0.10492217
seq7/frame00028.png -41.62218 -2.282364 -6.310443 0.85320675 -0.027140245 -0.50750136 0.117308915
seq7/frame00029.png -40.8831 -2.15986 -6.019936 0.8751504 -0.042717446 -0.47016537 0.105450794
seq7/frame00030.png -40.181976 -1.9422348 -5.426068 0.8912944 -0.024134431 -0.44132832 0.10125402
seq7/frame00031.png -39.5074 -1.9354148 -5.0283027 0.90816015 -0.028423784 -0.40428662 0.105108954
seq7/frame00032.png -38.611954 -1.8313539 -5.0698915 0.8799289 -0.03076744 -0.46420947 0.09621361
seq7/frame00033.png -37.898518 -1.7864162 -4.861784 0.88471335 -0.038618647 -0.4575213 0.080276385
seq7/frame00034.png -37.025143 -1.7834635 -4.666324 0.8818892 -0.030889256 -0.46478504 0.07175149
seq7/frame00035.png -36.409252 -1.6221763 -4.4908123 0.8942158 -0.038844015 -0.44050175 0.0692305
seq7/frame00036.png -35.47733 -1.6120456 -4.4627833 0.8971441 -0.021287682 -0.43590847 0.06846002
seq7/frame00037.png -34.909214 -1.56469 -4.120236 0.90180755 -0.014292107 -0.42356738 0.08433197
seq7/frame00038.png -33.888638 -1.7133802 -4.3979383 0.89141756 -0.011319578 -0.44572723 0.08073074
seq7/frame00039.png -33.126587 -1.6740903 -4.2807927 0.8907347 -0.012586457 -0.446582 0.083250314
seq7/frame00040.png -32.281467 -1.5556659 -4.244946 0.88639766 -0.00781849 -0.4561474 0.07855957
seq7/frame00041.png -31.476446 -1.5114218 -4.2427273 0.8945837 -0.0056947717 -0.43874195 0.08497493
seq7/frame00042.png -30.770683 -1.3738497 -4.1009717 0.891879 -0.015285774 -0.44362944 0.08610656
seq7/frame00043.png -29.946241 -1.6476337 -3.8379982 0.9082329 -0.012868775 -0.4125823 0.069484554
seq7/frame00044.png -29.132235 -1.4719834 -3.9923315 0.9060969 -0.008046323 -0.4143816 0.08432597
seq7/frame00045.png -28.293953 -1.3951824 -3.8859947 0.92448765 -0.0068633775 -0.37380463 0.075867794
seq7/frame00046.png -27.491095 -1.3351972 -4.038104 0.9260481 0.008373977 -0.36919707 0.077912636
seq7/frame00047.png -26.754631 -1.2298152 -3.7586849 0.92812145 0.0009946066 -0.36199546 0.0867429
seq7/frame00048.png -26.02449 -1.2051554 -3.4672842 0.9347024 0.010667523 -0.34650376 0.07884233
seq7/frame00049.png -25.375347 -1.0831211 -3.1347015 0.93948424 -0.004428598 -0.3333538 0.079774655
seq7/frame00050.png -24.456238 -1.0086684 -3.092914 0.9324799 0.0083624 -0.3537332 0.07323643
seq7/frame00051.png -23.924765 -0.9513623 -2.681537 0.9406496 -0.003818427 -0.3331223 0.06449893
seq7/frame00052.png -23.350456 -0.93946576 -2.562992 0.9410084 -0.00264095 -0.3329714 0.06039497
seq7/frame00053.png -22.5778 -0.83716756 -2.1897826 0.94939995 0.0018311329 -0.308455 0.058996633
seq7/frame00054.png -21.881437 -0.8196985 -1.9832704 0.9605212 0.010479656 -0.27152663 0.060125463
seq7/frame00055.png -21.177559 -0.7834798 -2.097568 0.957982 0.0052287104 -0.27807614 0.069840044
seq7/frame00056.png -20.225872 -0.7103131 -2.22382 0.9609219 2.2027909e-05 -0.26606786 0.07582642
seq7/frame00057.png -19.599394 -0.82312554 -1.8174801 0.95665115 0.003351772 -0.28578937 0.05592432
seq7/frame00058.png -18.609287 -0.7131012 -1.8743799 0.95948887 0.0032018845 -0.27856335 0.041816175
seq7/frame00059.png -18.018059 -0.6222142 -1.6038433 0.9658538 -0.011809226 -0.2554081 0.04356987
seq7/frame00060.png -17.174795 -0.70801157 -1.5242496 0.9666101 -0.01610421 -0.25304475 0.037776586
seq7/frame00061.png -16.620373 -0.41590703 -1.4255594 0.962383 -0.010585203 -0.2650186 0.05797979
seq7/frame00062.png -15.719224 -0.41522506 -1.2884855 0.96510446 -0.021821173 -0.25710037 0.045134675
seq7/frame00063.png -15.00234 -0.4669214 -1.018576 0.96259683 -0.021230277 -0.26652047 0.04354665
seq7/frame00064.png -13.954385 -0.2370974 -0.99566287 0.96842974 -0.01765022 -0.24173348 0.058048073
seq7/frame00065.png -13.289643 -0.3854121 -0.90642977 0.9683345 -0.0010989504 -0.24565552 0.04478385
seq7/frame00066.png -12.541362 -0.3153524 -0.93597645 0.9754325 0.013272106 -0.21876673 0.021544078
seq7/frame00067.png -11.738874 -0.38889655 -0.8146048 0.9798711 0.0064626476 -0.19806069 0.023125755
seq7/frame00068.png -11.044478 -0.25292134 -0.6262343 0.9865921 0.00616741 -0.1618607 0.019346818
seq7/frame00069.png -10.348631 -0.11440132 -0.5296152 0.99209964 0.009866187 -0.12437645 0.015569098
seq7/frame00070.png -9.642355 -0.07169221 -0.29878384 0.99815106 -0.0010856346 -0.061119433 0.0008362496
seq7/frame00071.png -8.858902 -0.030602619 -0.098750085 0.99808365 0.0043477584 -0.06054284 0.006636698
seq7/frame00072.png -8.060406 -0.01602351 0.19341686 0.999467 -0.0060736723 -0.032264777 0.0057901083
seq7/frame00073.png -7.3059516 0.04306148 0.27564108 0.9998593 -0.0007770261 -0.007152495 -0.0015586442
seq7/frame00074.png -6.7751746 0.19570202 0.68027586 0.9996173 -0.014874761 -0.02201771 0.0034200675
seq7/frame00075.png -6.093797 0.25682795 0.8889059 0.99982554 0.00050562405 -0.0031770368 -0.019579854
seq7/frame00076.png -5.397033 0.42291725 1.1942337 0.99942493 -0.02740556 -0.014715939 -0.0064208177
seq7/frame00077.png -4.8107915 0.48146003 1.4738272 0.9999295 -0.012355107 -0.010900908 0.0011118875
seq7/frame00078.png -3.930351 0.59161127 1.8914136 0.999426 -0.004304436 0.033968568 0.00017536066
seq7/frame00079.png -3.318892 0.7212509 2.154652 0.9997877 0.016078742 0.0073682214 0.0146699175
seq7/frame00080.png -2.7763329 0.52301806 2.3210597 0.9981478 0.0013280374 0.055786256 0.023039846
seq7/frame00081.png -2.324037 0.6519355 2.508408 0.99906653 -0.009874343 0.039075788 0.021578934
seq7/frame00082.png -1.4105657 0.8809584 2.635133 0.9976041 -0.019238278 0.06027099 0.029390927
seq7/frame00083.png -0.20663294 0.5807571 2.399044 0.9917044 -0.010449219 0.12801623 0.0038672376
seq7/frame00084.png 0.26569912 0.831643 2.723516 0.98904675 -0.022690078 0.1448586 0.011392198
seq7/frame00085.png 1.2733629 0.75813067 2.5542169 0.99193966 -0.0012568136 0.12673691 -0.0006382802
seq7/frame00086.png 1.6887493 1.1628561 2.3397539 0.9972404 -0.01423075 0.07240625 -0.00068404607
seq7/frame00087.png 2.7062333 0.5367198 2.1090388 0.99733365 0.0038477145 0.07115939 0.015004095
seq7/frame00088.png 3.5110111 0.31101263 2.6895618 0.9992007 0.012983388 0.03400622 0.018098485
seq7/frame00089.png 4.0646143 0.80489755 2.3964357 0.99691266 0.0021738505 0.0768138 -0.0143872
seq7/frame00090.png 4.5349517 0.55625755 2.5379786 0.9994611 0.020085743 0.027553685 -0.000600028
seq7/frame00091.png 5.457076 0.36474055 2.2903287 0.99728936 0.032916978 0.06310998 0.018894406
seq7/frame00092.png 6.105488 0.44324696 2.4660485 0.99544406 0.031312358 0.088815466 0.017336376
seq7/frame00093.png 7.0482106 0.793117 2.0777972 0.99065536 0.0045926436 0.1358761 -0.014508936
seq7/frame00094.png 7.591867 0.75586873 1.6371719 0.994459 -0.00965931 0.10113494 -0.027957477
seq7/frame00095.png 8.27882 0.88314265 1.3236943 0.99226624 -0.025344796 0.11998866 -0.018544134
seq7/frame00096.png 8.863625 1.0317165 0.8361603 0.9946615 -0.01844127 0.09863559 -0.021214599
seq7/frame00097.png 9.2102585 0.24516216 0.7222713 0.9825862 -0.025129622 0.1819652 -0.027793698
seq7/frame00098.png 9.900817 0.36929345 -0.0054819435 0.97638917 -0.021132072 0.20745216 -0.056277204
seq7/frame00099.png 10.543576 0.78641635 -0.48087317 0.95954216 -0.056161113 0.26678655 -0.07015115
seq7/frame00100.png 10.737611 0.070827775 -1.0933115 0.9620634 -0.05845236 0.2584877 -0.0659779
seq7/frame00101.png 11.186297 -0.0074280873 -1.1706884 0.96051246 -0.05760933 0.2642119 -0.06610434
seq7/frame00102.png 11.718134 -0.03465008 -1.5327989 0.95901877 -0.043823514 0.27625102 -0.045105726
seq7/frame00103.png 12.05144 -0.14709798 -1.9472159 0.9563053 -0.056385934 0.28270176 -0.047842037
