seq2/frame00001.png 46.397858 3.148438 10.509931 0.88647676 -0.079529546 0.45122853 -0.06550769
seq2/frame00002.png 46.753433 3.1099458 10.325013 0.88619477 -0.079256505 0.45242956 -0.060938813
seq2/frame00003.png 46.888466 3.1005242 10.426856 0.8865264 -0.07881951 0.45156974 -0.062574975
seq2/frame00004.png 46.138096 3.1237113 10.654254 0.87809646 -0.074679986 0.4691573 -0.05842189
seq2/frame00005.png 45.22514 2.7755108 10.09147 0.87383735 -0.072983675 0.4767 -0.062940694
seq2/frame00006.png 44.009434 3.0848935 10.464715 0.8917902 -0.074711666 0.43924603 -0.07874577
seq2/frame00007.png 41.342743 2.7876058 9.139636 0.89307654 -0.052720997 0.43720353 -0.09154808
seq2/frame00008.png 40.523273 2.8770022 9.3469715 0.8962568 -0.054006193 0.42939255 -0.09675979
seq2/frame00009.png 39.204376 2.8896496 9.573568 0.89762145 -0.06868885 0.4241067 -0.09811216
seq2/frame00010.png 36.647793 2.5924034 8.875328 0.8945645 -0.050200164 0.43929178 -0.06631416
seq2/frame00011.png 35.794155 2.6532009 8.379242 0.89303046 -0.06720932 0.43871292 -0.07389424
seq2/frame00012.png 33.760628 2.6375878 7.7172384 0.9058073 -0.07544587 0.41459316 -0.04392729
seq2/frame00013.png 32.10128 2.2915752 6.8480787 0.89211744 -0.0694992 0.44242364 -0.059595093
seq2/frame00014.png 29.936995 2.3918478 7.242442 0.9022234 -0.071397536 0.42050433 -0.06415543
seq2/frame00015.png 28.045555 2.1776557 6.6937532 0.89811444 -0.070516005 0.42943022 -0.06251627
seq2/frame00016.png 26.610603 2.1503065 6.3753076 0.90004975 -0.06939829 0.4221932 -0.08290334
seq2/frame00017.png 24.961945 2.1744297 5.8570232 0.9155669 -0.0658148 0.3879989 -0.08252687
seq2/frame00018.png 22.496256 1.839121 5.758771 0.9153545 -0.053441796 0.3910026 -0.08121097
seq2/frame00019.png 20.868837 1.8680108 5.5667887 0.9313359 -0.06930921 0.34900627 -0.076855615
seq2/frame00020.png 19.507298 1.8964983 5.0030394 0.94001305 -0.056796383 0.32841894 -0.0709668
seq2/frame00021.png 17.488966 1.9490824 4.869795 0.9431335 -0.03790912 0.3255818 -0.054925814
seq2/frame00022.png 15.413352 1.368009 4.6150517 0.9432998 -0.05986207 0.32361323 -0.04308634
seq2/frame00023.png 13.991098 1.219369 4.226828 0.9489677 -0.0772942 0.3052402 -0.0110471845
seq2/frame00024.png 13.002725 1.1293931 3.3600438 0.95408845 -0.07616076 0.28931275 -0.012189616
seq2/frame00025.png 11.720893 1.1184493 3.0510855 0.9401801 -0.050997157 0.33504522 -0.034958243
seq2/frame00026.png 12.337881 1.7478317 3.1554916 0.91734827 -0.07104466 0.38374683 -0.07927605
seq2/frame00027.png 13.832108 1.4052728 3.618444 0.9140001 -0.09894262 0.38357547 -0.08841546
seq2/frame00028.png 9.218737 1.2024765 4.1473556 0.9538169 -0.02739897 0.29586574 -0.04531887
seq2/frame00029.png 8.737316 0.9553148 4.1486115 0.9429462 -0.06380246 0.32237175 -0.051961876
seq2/frame00030.png 7.7251563 0.8382322 4.0591135 0.9508952 -0.09352896 0.28988314 -0.054670505
seq2/frame00031.png 7.094547 1.0105139 4.1706944 0.9603625 -0.09838022 0.25388595 -0.06044595
seq2/frame00032.png 7.4465027 0.7438497 3.3983388 0.9650456 -0.09167781 0.24016446 -0.05153823
seq2/frame00033.png -5.776405 -0.91727495 -0.67476404 0.99189353 0.0142974565 0.123666085 -0.023984022
seq2/frame00034.png 4.996786 -2.347281 -3.3705287 0.9688307 0.011939338 0.23129529 -0.08797497
seq2/frame00035.png 4.748423 0.94566154 3.4750776 0.9700287 -0.12179621 0.20852377 -0.029143672
seq2/frame00036.png 4.197962 0.6263466 2.7620766 0.9729953 -0.12142511 0.19430552 -0.024686193
seq2/frame00037.png 3.9649801 0.9022396 2.4143953 0.97612584 -0.10067323 0.19240145 -0.007016687
seq2/frame00038.png 3.1226015 0.74310374 2.1893084 0.97597283 -0.053007815 0.21011525 -0.021540258
seq2/frame00039.png 2.106594 0.7817034 1.770337 0.97839266 -0.058301404 0.19716541 -0.019672852
seq2/frame00040.png 1.2314287 0.82347316 1.436487 0.98174393 -0.056660224 0.17801125 -0.036604416
seq2/frame00041.png 0.08106001 0.710287 1.0675395 0.98499614 -0.05005685 0.16399859 -0.01871106
seq2/frame00042.png -1.6182508 0.7989292 1.1221129 0.99104637 -0.046866816 0.12439659 0.0012156132
seq2/frame00043.png -2.8021417 0.48661417 0.92298645 0.9877665 -0.06824525 0.14035943 -0.0008116566
seq2/frame00044.png -5.2877436 0.12619539 0.48010433 0.9964956 -0.04931291 0.06667803 0.008187024
seq2/frame00045.png -9.173484 0.46609575 0.78702486 0.99519557 -0.07102322 0.06467817 -0.017511293
seq2/frame00046.png -8.419651 0.4835639 0.05274513 0.9957965 -0.0906102 0.0066151763 -0.0035217884
seq2/frame00047.png -9.455371 0.013071977 -0.3309586 0.9973405 -0.071428254 -0.016276509 1.3753095e-05
seq2/frame00048.png -10.905669 -0.44933325 -0.7370001 0.9976295 -0.0387099 -0.05082705 0.025359036
seq2/frame00049.png -12.768048 -0.31474143 -1.5904173 0.99328697 -0.059962906 -0.09441447 0.030702315
seq2/frame00050.png -14.432449 -0.6128255 -1.3318018 0.9963524 -0.044018827 -0.07201348 0.008197251
seq2/frame00051.png -15.574896 -0.4584484 -1.6773965 0.9889855 -0.05030156 -0.13720232 0.022608805
seq2/frame00052.png -18.176355 -0.63753915 -2.720381 0.9672761 -0.054022983 -0.24350213 0.045749128
seq2/frame00053.png -19.555082 -1.1643832 -3.2410707 0.96354765 -0.040577866 -0.25858533 0.055471163
seq2/frame00054.png -20.659998 -0.9358707 -3.601723 0.95073634 -0.07746638 -0.2909521 0.07381015
seq2/frame00055.png -23.237497 -1.1668308 -3.7595706 0.9538998 -0.053750314 -0.28774658 0.06571748
seq2/frame00056.png -24.89674 -1.4687859 -3.8470623 0.941687 -0.07222845 -0.3207484 0.07244908
seq2/frame00057.png -26.946146 -1.600359 -4.468735 0.93297035 -0.056889553 -0.34979644 0.062873825
seq2/frame00058.png -29.29095 -1.6176825 -4.8191214 0.93786407 -0.06485744 -0.33431017 0.066695265
seq2/frame00059.png -30.99721 -1.9265596 -5.2622204 0.93285257 -0.08070185 -0.34521788 0.063935295
seq2/frame00060.png -32.913857 -1.6259632 -5.005767 0.9231437 -0.0721079 -0.37335548 0.0575991
seq2/frame00061.png -34.57112 -1.5944519 -5.0521283 0.91073895 -0.07131127 -0.40058702 0.07081892
seq3/frame00001.png -55.96814 -2.5313146 -6.3821898 0.8333742 -0.020026725 -0.53692883 0.13022044
seq3/frame00002.png -55.62764 -2.6874702 -6.5126724 0.833271 -0.028839577 -0.53761137 0.125996
seq3/frame00003.png -55.600304 -2.7500718 -6.496261 0.83406264 -0.033613406 -0.53650296 0.124457836
seq3/frame00004.png -55.205647 -2.7246287 -6.6745243 0.8373639 -0.03901531 -0.53477144 0.10687814
seq3/frame00005.png -53.693153 -2.516156 -6.8148685 0.83134127 -0.044790525 -0.5464653 0.09089504
seq3/frame00006.png -52.84459 -2.6923287 -6.9765487 0.81765676 -0.025423614 -0.57073057 0.07168774
seq3/frame00007.png -52.33692 -2.6327276 -6.6292033 0.8284849 -0.03699104 -0.55096364 0.09307102
seq3/frame00008.png -51.742676 -2.5082808 -6.4020123 0.8404753 -0.034265257 -0.5342681 0.083667666
seq3/frame00009.png -51.314766 -2.4215393 -6.0124235 0.86655813 -0.046387777 -0.49000725 0.08219417
seq3/frame00010.png -50.407623 -2.3736317 -6.2759643 0.8643 -0.052632872 -0.4937758 0.080011904
seq3/frame00011.png -49.138447 -2.4760754 -5.9621177 0.87867594 -0.040607117 -0.46855018 0.082439624
seq3/frame00012.png -48.465046 -2.2972636 -5.691894 0.8697273 -0.050315995 -0.48608184 0.0698458
seq3/frame00013.png -48.13191 -2.3018231 -5.650041 0.8700937 -0.048796363 -0.4846424 0.07535491
seq3/frame00014.png -47.25118 -2.2321253 -5.338313 0.8732663 -0.046395645 -0.4806418 0.06393686
seq3/frame00015.png -46.265057 -2.0739868 -5.1724377 0.876189 -0.0392338 -0.4758893 0.064663835
seq3/frame00016.png -45.325527 -2.1953104 -5.2302437 0.88090044 -0.029690865 -0.4678022 0.06531454
seq3/frame00017.png -45.00892 -1.8645408 -4.649619 0.8882378 -0.051852897 -0.45022044 0.07525464
seq3/frame00018.png -43.966545 -1.9323444 -4.871011 0.8962409 -0.05130658 -0.4365884 0.058301967
seq3/frame00019.png -43.482006 -1.6934462 -4.511637 0.8986455 -0.041467246 -0.4338432 0.0496058
seq3/frame00020.png -42.15189 -1.468329 -4.0666375 0.90182185 -0.043028917 -0.42786545 0.040576752
seq3/frame00021.png -41.852215 -1.5318785 -3.9346025 0.89726514 -0.044768665 -0.43652946 0.04770972
seq3/frame00022.png -40.932472 -1.6608791 -4.4706373 0.89855415 -0.050650965 -0.4341794 0.03890371
seq3/frame00023.png -40.36608 -1.6910651 -4.000936 0.8992605 -0.045423172 -0.43024936 0.06370325
seq3/frame00024.png -39.362858 -1.4701052 -4.0959225 0.89496756 -0.058014397 -0.43929976 0.05364053
seq3/frame00025.png -38.540874 -1.7058678 -4.237471 0.89973384 -0.04719578 -0.42997208 0.057712875
seq3/frame00026.png -37.816177 -1.2667938 -3.8520777 0.9050316 -0.062594794 -0.41848347 0.042024117
seq3/frame00027.png -36.846077 -1.3240149 -3.7595284 0.9067969 -0.054977227 -0.41721377 0.028064055
seq3/frame00028.png -36.33937 -1.1976655 -3.5763772 0.9113673 -0.06954628 -0.40515882 0.024406759
seq3/frame00029.png -35.303516 -1.3916253 -3.70111 0.90966 -0.041379906 -0.4088193 0.059772853
seq3/frame00030.png -34.945454 -1.5334553 -4.0882144 0.9169089 -0.046148125 -0.3909664 0.06528459
seq3/frame00031.png -34.113255 -1.5114 -3.7582107 0.92095447 -0.036140226 -0.3844678 0.05288393
seq3/frame00032.png -32.99917 -1.1815807 -3.497922 0.9283144 -0.055793647 -0.3651031 0.04134922
seq3/frame00033.png -32.4875 -1.3810809 -3.3122816 0.93588704 -0.04021895 -0.34336427 0.06796998
seq3/frame00034.png -31.778116 -1.309885 -3.3625574 0.9329633 -0.04912789 -0.35023722 0.06693752
seq3/frame00035.png -31.15046 -1.2291805 -3.1439319 0.9340033 -0.042397514 -0.34959647 0.06056514
seq3/frame00036.png -30.207022 -1.2072918 -3.2159412 0.9256961 -0.053296514 -0.36978826 0.0610075
seq3/frame00037.png -29.084408 -1.1348244 -2.710827 0.9209371 -0.0596143 -0.3807552 0.05764481
seq3/frame00038.png -28.614914 -1.0767933 -2.5231512 0.92091864 -0.05871622 -0.3825781 0.04579787
seq3/frame00039.png -27.608585 -1.1688782 -2.6330528 0.9208563 -0.05399149 -0.38434094 0.037598826
seq3/frame00040.png -26.921646 -1.1462445 -2.426545 0.9253132 -0.0499469 -0.37299687 0.047579583
seq3/frame00041.png -25.959467 -0.9677891 -2.1178968 0.9251448 -0.06021104 -0.37224382 0.04257284
seq3/frame00042.png -25.181887 -0.9878216 -2.3704782 0.93408173 -0.05326544 -0.35132843 0.03567996
seq3/frame00043.png -24.481165 -1.0772278 -2.0950577 0.9366696 -0.045866586 -0.3458147 0.032331754
seq3/frame00044.png -23.471035 -1.1446668 -2.3042436 0.9418127 -0.061518095 -0.3278096 0.040505543
seq3/frame00045.png -22.579433 -0.80388534 -1.0973711 0.94600767 -0.0374869 -0.32172725 0.017712722
seq3/frame00046.png -20.838076 -0.81700706 -1.1117362 0.95484215 -0.050453044 -0.29039133 0.037091266
seq3/frame00047.png -20.163528 -0.7863279 -0.94804156 0.956468 -0.04508293 -0.2857565 0.039084036
seq3/frame00048.png -19.797749 -0.47983497 -0.7789756 0.9564462 -0.053019397 -0.2837815 0.043717917
seq3/frame00049.png -19.546383 -0.45179948 -0.41944247 0.952678 -0.041505687 -0.29882482 0.037950255
seq3/frame00050.png -18.917944 -0.36015904 -0.6830878 0.95335495 -0.04110353 -0.29466885 0.049868323
seq3/frame00051.png -17.803215 -0.23118562 -0.18825525 0.9615063 -0.06119101 -0.26555845 0.033220157
seq3/frame00052.png -16.990776 -0.45203203 -1.427552 0.96689737 -0.085013136 -0.23801133 0.03622349
seq3/frame00053.png -16.246765 -0.50317067 -0.7628424 0.97681236 -0.06962388 -0.2019652 0.0131879365
seq3/frame00054.png -15.547866 -0.26445496 -0.9406394 0.98079896 -0.05509885 -0.18645808 0.012026862
seq3/frame00055.png -15.881765 -0.29605776 -1.2930263 0.975999 -0.027391335 -0.21362302 0.032099057
seq3/frame00056.png -14.333981 -0.060462467 -0.39421824 0.988478 -0.026191413 -0.14741133 0.025729187
seq3/frame00057.png -13.852268 0.01780042 -0.38579953 0.9883039 -0.0126196155 -0.1499682 0.023867143
seq3/frame00058.png -12.998305 0.1852278 -0.4736895 0.98532957 -0.020921087 -0.16857228 0.01756871
seq3/frame00059.png -11.944222 -0.08920397 0.19062568 0.9882802 -0.004128634 -0.15072803 0.021878757
seq3/frame00060.png -11.344319 -0.041637897 0.29819497 0.9900624 -0.010541647 -0.13958082 0.012090935
seq3/frame00061.png -10.526703 -0.030197002 0.3650976 0.98803383 -0.011342633 -0.15069634 0.028984066
seq3/frame00062.png -9.205889 0.31857222 0.8553942 0.9908139 -0.0084763 -0.13517258 0.00462248
seq3/frame00063.png -8.306444 0.13484463 1.1198852 0.9922928 0.0026277096 -0.122694895 0.01352692
seq3/frame00064.png -7.6222844 0.38252333 1.22005 0.99527085 -0.009352508 -0.093846045 0.019843476
seq3/frame00065.png -7.33301 0.44174433 1.4573095 0.9971606 -0.013163683 -0.06765674 0.028569937
seq3/frame00066.png -6.819784 -1.0775275 2.8054068 0.99898285 -0.0016090361 -0.042492747 0.013228502
seq3/frame00067.png -6.0345526 0.33775294 1.8437897 0.99768144 -0.020406095 -0.057002924 0.03087337
seq3/frame00068.png -5.385617 0.22219405 1.7461214 0.9997991 -0.01326049 0.012576968 0.0052491487
seq3/frame00069.png -6.203668 0.4126546 2.0037427 0.9981513 -0.00025014725 0.061181776 -0.0006309342
seq3/frame00070.png -3.4112365 -0.016261876 1.7385362 0.9971285 0.011056529 0.06798517 -0.030730784
seq3/frame00071.png -2.851466 0.5359275 2.3104415 0.9992993 0.017138833 0.029148625 -0.017872166
seq3/frame00072.png -1.9329104 0.18698278 2.0592291 0.9989589 0.0022298067 0.042309426 -0.017588174
seq3/frame00073.png -1.4647945 0.82798254 2.6869485 0.9993733 -0.010309645 0.030085314 0.00731619
seq3/frame00074.png -0.52617985 0.6178665 2.3851388 0.99869895 -0.00039410457 0.050885655 0.00060312316
seq3/frame00075.png 0.5103347 0.32724616 2.4659505 0.9986032 -0.0028443541 0.051779803 -0.0010743507
seq3/frame00076.png 0.96307594 0.55347914 2.5660672 0.9983541 -0.0074326224 0.054997362 -0.01515333
seq3/frame00077.png 1.4585243 0.14984345 2.5565033 0.99785125 0.01679883 0.060954604 0.01878437
seq3/frame00078.png 2.3123353 0.70780414 2.88407 0.9975909 0.0029332447 0.06940939 0.004305031
seq3/frame00079.png 3.2119832 0.5985294 3.4972777 0.99455494 0.0011541058 0.10472732 -0.0053123133
seq3/frame00080.png 3.5626886 0.47053716 3.3807511 0.9876965 0.0040486883 0.15504012 -0.021660682
seq3/frame00081.png 4.8495207 0.6617323 4.066793 0.99061495 0.019533817 0.12759264 -0.043605853
seq3/frame00082.png 5.481617 1.0865945 3.8430521 0.9893035 -0.00044412623 0.14081748 -0.037297416
seq3/frame00083.png 6.7857924 1.2787402 4.0758243 0.9868888 0.01571928 0.1544065 -0.044142
seq3/frame00084.png 7.426648 1.3609059 4.0674887 0.9836236 0.006897984 0.17456166 -0.044094466
seq3/frame00085.png 8.757369 1.2318914 3.9560604 0.98812616 0.016617099 0.14850664 -0.036410492
seq3/frame00086.png 8.988087 1.5557761 4.4478793 0.97753894 0.006316126 0.19974403 -0.06566751
seq3/frame00087.png 10.41593 1.6319356 4.810671 0.9731037 -0.010131147 0.2172057 -0.07625148
seq3/frame00088.png 11.062066 1.7418792 5.1353164 0.96374077 -0.028246332 0.25741905 -0.06421819
seq3/frame00089.png 11.966414 1.2829213 4.231566 0.9561814 -0.028160954 0.28292438 -0.06996496
seq3/frame00090.png 12.560347 1.6440591 4.509169 0.9542625 -0.056422405 0.2863842 -0.06443044
seq3/frame00091.png 13.377931 1.3554476 5.164338 0.9547886 -0.020887 0.2895545 -0.063590765
seq3/frame00092.png 14.219197 1.5494488 4.9228706 0.95139897 -0.039378237 0.29612747 -0.07499321
seq3/frame00093.png 15.0738 1.3010023 5.313201 0.9468384 -0.041654207 0.309755 -0.077012904
seq3/frame00094.png 15.960878 1.4981017 5.1570845 0.9506752 -0.07203278 0.2923915 -0.07499748
seq3/frame00095.png 17.042965 1.8052962 5.340548 0.9504907 -0.09839019 0.28703582 -0.066362716
seq3/frame00096.png 17.502937 1.8410331 5.818124 0.9523558 -0.07518916 0.28743172 -0.069524735
seq3/frame00097.png 18.255516 2.0004246 6.0079446 0.9493979 -0.07962318 0.29962826 -0.04955424
seq3/frame00098.png 18.95397 2.1142774 6.185354 0.9521737 -0.09322367 0.28559324 -0.055721834
seq3/frame00099.png 19.983438 1.9537128 6.032724 0.9691421 -0.074858315 0.23084527 -0.043767143
seq3/frame00100.png 20.94788 2.4627366 5.524618 0.9658285 -0.08797821 0.24111907 -0.035839785
seq3/frame00101.png 21.520515 2.1587696 6.2577877 0.9641513 -0.07279432 0.2532101 -0.03165965
seq3/frame00102.png 22.421246 1.9731334 5.896672 0.9706295 -0.0862495 0.22223091 -0.033077728
seq3/frame00103.png 23.080246 2.4347627 6.9489613 0.975155 -0.0840743 0.20233285 -0.032684054
seq3/frame00104.png 23.786224 2.3365178 6.6480865 0.96484774 -0.09260519 0.24382998 -0.030829653
seq3/frame00105.png 24.895052 2.5519128 7.2289257 0.9441487 -0.055847045 0.31653333 -0.07214576
seq3/frame00106.png 25.18812 2.5202067 7.829279 0.93582 -0.0899125 0.33451313 -0.06558772
seq3/frame00107.png 25.798948 2.32286 7.5564303 0.94131863 -0.07318425 0.32106933 -0.07504183
seq3/frame00108.png 27.143412 2.23807 7.4047165 0.9466788 -0.101889044 0.29448858 -0.08205634
seq3/frame00109.png 27.293919 2.2945883 7.850361 0.946937 -0.07267292 0.30698717 -0.06166859
seq3/frame00110.png 27.926174 2.481964 7.774584 0.95038766 -0.08856118 0.2965625 -0.029710455
seq3/frame00111.png 29.349617 2.51917 7.606069 0.96105623 -0.08494991 0.25992006 -0.03997318
seq3/frame00112.png 30.007355 2.5862732 7.4816465 0.95759547 -0.07996159 0.2737619 -0.04015513
seq3/frame00113.png 30.929422 2.6058755 8.496431 0.9467593 -0.07885281 0.30501455 -0.066161595
seq3/frame00114.png 30.91277 2.6481216 8.650421 0.9410682 -0.09835894 0.31805283 -0.059813205
seq3/frame00115.png 32.70107 2.941091 9.434461 0.9242803 -0.06523483 0.36775184 -0.07881391
seq3/frame00116.png 33.042633 3.1377497 9.993559 0.9217052 -0.07123116 0.37465978 -0.069862105
seq3/frame00117.png 33.610542 2.756248 9.250519 0.94313943 -0.068288185 0.3224431 -0.042705137
seq3/frame00118.png 35.00433 3.3110564 10.1253 0.9444047 -0.07687597 0.31155503 -0.0716635
seq3/frame00119.png 34.800285 2.4027505 8.562897 0.9519337 -0.08553148 0.2919464 -0.03496521
seq3/frame00120.png 35.56518 2.7156255 9.261435 0.94229 -0.09026687 0.3207346 -0.033168
seq3/frame00121.png 36.02241 2.8153472 9.165807 0.9423856 -0.07581709 0.32469365 -0.02573274
seq3/frame00122.png 37.212856 2.851446 10.173103 0.9261079 -0.097435266 0.36168107 -0.044121135
seq3/frame00123.png 37.745697 3.014996 9.894592 0.9363481 -0.08826189 0.33667314 -0.046312906
seq3/frame00124.png 39.277615 3.01485 10.05579 0.9384558 -0.104693376 0.32602412 -0.046411198
seq3/frame00125.png 39.820717 3.1197617 9.7765045 0.93981594 -0.11112217 0.31905988 -0.05028462
seq3/frame00126.png 38.941624 2.833524 10.021837 0.94746476 -0.1178051 0.2935709 -0.04761511
seq3/frame00127.png 39.216286 3.322553 9.7622595 0.9606493 -0.095612735 0.25815263 -0.037004933
seq3/frame00128.png 41.806744 3.2838354 10.450225 0.9417537 -0.08792733 0.3217877 -0.041893832
seq3/frame00129.png 42.133503 3.205918 10.796951 0.9392234 -0.07322142 0.33321714 -0.038047846
seq3/frame00130.png 44.024654 3.5405314 11.887464 0.9397371 -0.03634152 0.33518335 -0.057117607
seq3/frame00131.png 43.76076 3.402601 12.109457 0.8946164 -0.09823084 0.43171594 -0.059629582
seq3/frame00132.png 44.611103 3.5352716 12.383883 0.90396225 -0.10128274 0.40902418 -0.07390437
seq3/frame00133.png 44.543446 3.624599 12.20734 0.9204626 -0.10643795 0.36955985 -0.06908112
seq3/frame00134.png 46.12932 3.444204 12.386897 0.893947 -0.1485095 0.41508368 -0.08080115
seq3/frame00135.png 46.039402 3.304625 11.64863 0.9224423 -0.12682757 0.35935843 -0.062061705
seq3/frame00136.png 48.4708 3.9861488 12.431207 0.9006692 -0.1404346 0.4076297 -0.054871377
seq3/frame00137.png 48.500355 3.9913619 12.930909 0.91900015 -0.10992758 0.37335488 -0.06307573
seq3/frame00138.png 48.57263 3.7467291 12.825783 0.9222019 -0.12250791 0.35862315 -0.07684167
seq3/frame00139.png 49.093475 3.6936338 12.999666 0.9262292 -0.11390559 0.35103184 -0.076457396
seq3/frame00140.png 50.31407 3.9194746 13.429961 0.90584785 -0.12734155 0.39667243 -0.075944595
seq3/frame00141.png 51.602802 4.043002 13.81564 0.8917239 -0.10054846 0.43673548 -0.06394387
seq3/frame00142.png 51.433193 4.1673617 13.405182 0.8923226 -0.08124245 0.4417938 -0.0470771
seq3/frame00143.png 51.904556 3.9721367 13.271119 0.90803504 -0.08511178 0.4059368 -0.058948196
seq3/frame00144.png 52.149822 4.0016093 13.631866 0.9112232 -0.08506527 0.3995735 -0.051151678
seq3/frame00145.png 53.145782 3.9162483 13.00789 0.9278916 -0.07848709 0.36313787 -0.032632634
seq3/frame00146.png 53.4479 3.8002813 13.347665 0.9217451 -0.10970712 0.36916423 -0.044641446
seq3/frame00147.png 53.39594 3.5864775 11.479787 0.9436261 -0.11365945 0.3050648 -0.05950214
seq3/frame00148.png 56.0813 3.6878974 11.780944 0.93829787 -0.09103659 0.32637548 -0.06859559
seq3/frame00149.png 56.531136 3.8279474 12.616547 0.93436736 -0.08622718 0.33985028 -0.0638786
seq3/frame00150.png 57.06288 4.3708158 13.86538 0.9321055 -0.083114855 0.34660786 -0.06459018
seq3/frame00151.png 52.486355 2.939794 9.360942 0.97900224 -0.071938485 0.19074757 0.008494107
seq3/frame00152.png 48.680035 2.0888813 8.191802 0.96105367 -0.065815374 0.26383972 -0.050280694
seq3/frame00153.png 50.8239 2.4383206 8.486118 0.9596454 -0.09221982 0.25678885 -0.06898234
seq3/frame00154.png 53.601105 2.8156865 10.630473 0.95723766 -0.09302159 0.27197134 -0.032015845
seq3/frame00155.png 54.322617 2.9570532 10.504092 0.923285 -0.11379685 0.35863128 -0.07732984
seq3/frame00156.png 57.11477 3.3927927 12.718331 0.95687485 -0.11761075 0.26540136 -0.011818494
seq3/frame00157.png 56.812504 3.7242732 12.545997 0.9495829 -0.115609676 0.29109523 -0.009889883
seq3/frame00158.png 51.056095 2.4496474 10.303315 0.9402629 -0.07008262 0.33106667 -0.036656957
seq3/frame00159.png 55.16528 3.6690974 12.882012 0.9212105 -0.08370229 0.37734905 -0.043938942
seq3/frame00160.png 65.12885 5.2354193 17.943384 0.9065051 -0.06510192 0.41253853 -0.062393483
seq3/frame00161.png 64.999405 5.1602874 17.92966 0.8904202 -0.07010433 0.4462094 -0.055521067
seq3/frame00162.png 65.08519 5.184864 18.239872 0.89458543 -0.04951372 0.4404598 -0.05722474
seq3/frame00163.png 68.699265 5.339814 18.079227 0.9144033 -0.055794105 0.3996842 -0.03280951
seq3/frame00164.png 66.50404 5.0626416 15.90506 0.96221215 -0.058160596 0.25615528 -0.07271113
seq3/frame00165.png 70.03115 5.3924065 18.145386 0.9000166 -0.061273307 0.42395985 -0.080648646
seq3/frame00166.png 70.06801 5.492541 17.71882 0.9195541 -0.054577585 0.37634897 -0.099418394
seq3/frame00167.png 69.359215 5.420596 18.274372 0.87522095 -0.05914734 0.47189707 -0.08790858
seq3/frame00168.png 70.13337 5.429035 17.698746 0.8660034 -0.057534482 0.48139572 -0.122234315
seq3/frame00169.png 71.41959 5.1907544 17.539007 0.8274969 -0.0723389 0.54289955 -0.12357193
seq3/frame00170.png 71.054146 5.1306777 17.912657 0.86119586 -0.0924736 0.48761696 -0.10967014
seq3/frame00171.png 67.99652 4.7958245 16.64384 0.90318364 -0.113099195 0.37112653 -0.18357116
seq3/frame00172.png 71.61242 4.918141 17.735325 0.8865427 -0.11637346 0.43035892 -0.12370632
seq3/frame00173.png 72.290085 5.0659947 17.644444 0.829341 -0.09533397 0.5321713 -0.14083408
seq3/frame00174.png 71.51819 5.057852 17.199348 0.828558 -0.07145103 0.544209 -0.11033957
seq3/frame00175.png 73.11638 5.0221534 17.391535 0.8291371 -0.07528646 0.54050434 -0.1204958
seq3/frame00176.png 74.11821 4.9204164 17.247202 0.83499044 -0.07658803 0.5398492 -0.07433349
seq3/frame00177.png 74.523575 4.6774726 16.533092 0.83485264 -0.06622731 0.5373075 -0.09981928
seq3/frame00178.png 74.41391 4.648104 16.530327 0.84751004 -0.07999179 0.5133281 -0.10832126
seq3/frame00179.png 72.41351 4.7214136 15.396703 0.92665195 -0.073835805 0.3547722 -0.10003343
seq7/frame00001.png -58.953712 -2.3642905 -5.3681984 0.82340467 -0.038181122 -0.5592001 0.08858961
seq7/frame00002.png -58.837208 -2.44412 -5.66559 0.81940794 -0.039630484 -0.56428075 0.093724035
seq7/frame00003.png -59.607826 -2.42541 -5.605289 0.81965774 -0.04968961 -0.5634764 0.09012824
seq7/frame00004.png -59.025936 -2.4502 -5.549848 0.82742643 -0.037998125 -0.5518679 0.09667341
seq7/frame00005.png -60.253857 -2.837121 -5.6075287 0.8526502 -0.008665386 -0.51382506 0.09428655
seq7/frame00006.png -58.18986 -2.5360951 -5.778827 0.83146447 -0.027754728 -0.54123884 0.122875385
seq7/frame00007.png -57.65009 -2.6548507 -5.969162 0.83018476 -0.020508552 -0.5457063 0.1119554
seq7/frame00008.png -56.446156 -2.4705274 -6.2009954 0.86197454 -0.03773967 -0.4960065 0.09816405
seq7/frame00009.png -55.873875 -2.6607494 -6.527661 0.8485644 -0.024406707 -0.5174739 0.10801239
seq7/frame00010.png -57.836735 -2.600406 -6.7499886 0.8718754 0.00040986188 -0.48562607 0.063691914
seq7/frame00011.png -57.156662 -2.754289 -6.908785 0.8815837 0.0026809063 -0.46817204 0.06087904
seq7/frame00012.png -53.894463 -2.652232 -7.150816 0.8472942 -0.003982131 -0.51777506 0.11838124
seq7/frame00013.png -53.86965 -2.7279465 -6.9324503 0.8507107 -0.013480608 -0.5124347 0.11709701
seq7/frame00014.png -52.485184 -2.7988987 -7.442321 0.85031205 -0.013377664 -0.5130847 0.11602687
seq7/frame00015.png -51.49765 -2.938893 -7.830211 0.8784475 -0.0009821954 -0.46651903 0.10438193
seq7/frame00016.png -50.337074 -2.9020643 -8.313468 0.8583314 0.009316908 -0.49951917 0.117242746
seq7/frame00017.png -49.649605 -2.9801717 -8.411692 0.8718311 -0.020306509 -0.47523093 0.116819054
seq7/frame00018.png -49.24201 -2.884419 -8.432108 0.8663271 -0.007538585 -0.48272008 0.12823328
seq7/frame00019.png -48.65554 -2.8455448 -8.419839 0.86696285 -0.0019139918 -0.48347017 0.120706156
seq7/frame00020.png -47.597572 -2.8441522 -8.051767 0.8515152 -0.0034776048 -0.51048726 0.11992299
seq7/frame00021.png -47.06809 -3.0338016 -8.366102 0.87496454 -0.01070817 -0.46987015 0.11670513
seq7/frame00022.png -46.14846 -2.8897119 -7.834109 0.8711641 0.0096669905 -0.46896294 0.14508155
seq7/frame00023.png -45.522217 -2.857019 -7.858633 0.8712834 0.0063429484 -0.47406745 0.12704043
seq7/frame00024.png -45.027527 -2.723841 -7.3061476 0.83318526 0.0046219276 -0.5343916 0.14157417
seq7/frame00025.png -43.643272 -2.5525687 -7.31955 0.84480906 -0.03777268 -0.5211353 0.115444876
seq7/frame00026.png -42.95148 -2.5689778 -7.1400523 0.8293481 -0.03183055 -0.5476357 0.106030285
seq7/frame00027.png -42.13517 -2.3540664 -6.6610827 0.85114783 -0.039618272 -0.51281244 0.10451887
seq7/frame00028.png -41.428482 -2.3961582 -6.3416243 0.8553163 -0.026678154 -0.5033356 0.11985269
seq7/frame00029.png -40.619034 -2.2907073 -5.925295 0.8751057 -0.03999392 -0.47085363 0.104791485
seq7/frame00030.png -40.12817 -1.9134889 -5.7269187 0.89191896 -0.027586425 -0.44080874 0.09678897
seq7/frame00031.png -39.406593 -2.079926 -5.151386 0.9091214 -0.028201405 -0.40270448 0.10296841
seq7/frame00032.png -38.405396 -1.9971815 -5.204752 0.88035035 -0.030601222 -0.46398845 0.09442675
seq7/frame00033.png -37.71111 -1.8304147 -4.951837 0.88478065 -0.037462197 -0.45764878 0.07983178
seq7/frame00034.png -37.06105 -1.7726171 -4.920301 0.88107663 -0.029792158 -0.46624306 0.073583655
seq7/frame00035.png -36.281357 -1.7398093 -4.556036 0.8954396 -0.03684753 -0.4385951 0.06648423
seq7/frame00036.png -35.380768 -1.6253309 -4.527811 0.8966908 -0.023745835 -0.43627754 0.07120841
seq7/frame00037.png -34.75322 -1.5695143 -4.192984 0.8998299 -0.011086739 -0.4282469 0.08229056
seq7/frame00038.png -33.88488 -1.7030116 -4.5020294 0.892813 -0.013459509 -0.4435403 0.077912875
seq7/frame00039.png -33.11769 -1.6280621 -4.4939365 0.88978446 -0.013133455 -0.44858256 0.08317454
seq7/frame00040.png -32.25551 -1.5694237 -4.4725885 0.8864488 -0.0050007254 -0.4566683 0.07598331
seq7/frame00041.png -31.406227 -1.5447367 -4.4954753 0.89250344 -0.004737929 -0.44307196 0.08423583
seq7/frame00042.png -30.548355 -1.4433266 -4.3470488 0.89093864 -0.0111954855 -0.44611415 0.084586285
seq7/frame00043.png -29.849672 -1.509089 -4.058749 0.9079958 -0.016535804 -0.41217503 0.07347386
seq7/frame00044.png -29.06324 -1.5129476 -4.270651 0.90443546 -0.0051749847 -0.4181146 0.08421134
seq7/frame00045.png -28.2258 -1.490657 -4.1565967 0.9242046 -0.008745174 -0.37431225 0.07606162
seq7/frame00046.png -27.479935 -1.4470876 -4.3416343 0.9243293 0.0059248074 -0.3715606 0.08710284
seq7/frame00047.png -26.725456 -1.3306614 -4.0251937 0.9280456 0.0004071787 -0.36224774 0.087057866
seq7/frame00048.png -25.977854 -1.2681807 -3.8865666 0.93300223 0.010813402 -0.35004133 0.08303658
seq7/frame00049.png -25.256721 -1.1907911 -3.4107456 0.9390688 -0.0032103779 -0.33448914 0.07975446
seq7/frame00050.png -24.130857 -1.08844 -3.5162878 0.9320541 0.012564858 -0.35592812 0.066951
seq7/frame00051.png -23.875242 -1.104452 -3.4854949 0.93887514 -0.00072036224 -0.3383749 0.063573755
seq7/frame00052.png -23.137585 -1.1260799 -3.249321 0.94011503 0.0022451319 -0.33633286 0.056574006
seq7/frame00053.png -22.549566 -0.9741841 -2.7367833 0.9484731 0.004070858 -0.3123938 0.05398073
seq7/frame00054.png -21.924192 -0.94992226 -2.3699243 0.9599208 0.015664298 -0.27280015 0.06210533
seq7/frame00055.png -21.15006 -0.8347013 -2.2924168 0.9586547 0.0069853445 -0.2767775 0.06534561
seq7/frame00056.png -20.466383 -0.8838149 -2.6141992 0.9589769 0.0045332243 -0.27524012 0.06646513
seq7/frame00057.png -19.207426 -0.7949503 -1.9059448 0.9585747 0.00632388 -0.2807681 0.048873197
seq7/frame00058.png -18.590298 -0.7887753 -1.9635363 0.960248 0.0045611924 -0.27663755 0.038301006
seq7/frame00059.png -17.951292 -0.608492 -1.6222814 0.96695644 -0.008745111 -0.2507044 0.04580558
seq7/frame00060.png -17.103054 -0.7715914 -1.8107989 0.9675141 -0.014777873 -0.24956444 0.039484218
seq7/frame00061.png -16.504332 -0.35806915 -1.5022885 0.9619292 -0.008741151 -0.26622155 0.061804328
seq7/frame00062.png -15.599872 -0.5499041 -1.572241 0.9647087 -0.01813683 -0.25870907 0.047053702
seq7/frame00063.png -15.004298 -0.4410821 -1.3762203 0.9607458 -0.019176133 -0.2726671 0.047398154
seq7/frame00064.png -14.505964 -0.41144094 -1.4160492 0.9664569 -0.013226037 -0.24913524 0.060154174
seq7/frame00065.png -13.309934 -0.35456756 -1.0834055 0.96718794 -0.0018249836 -0.24899812 0.05053642
seq7/frame00066.png -12.5069065 -0.19940585 -1.0203382 0.9743698 0.00869602 -0.22298422 0.028287884
seq7/frame00067.png -11.741901 -0.42911762 -1.0565816 0.9803171 0.009641808 -0.19585389 0.026096717
seq7/frame00068.png -11.022513 -0.20073983 -0.6623864 0.98614997 0.006542549 -0.16412872 0.023122542
seq7/frame00069.png -10.448902 -0.043638572 -0.6035209 0.991931 0.009687243 -0.12541309 0.01896569
seq7/frame00070.png -9.281111 -0.14131418 -0.2540744 0.9984148 0.0007408382 -0.056822773 -0.0026539017
seq7/frame00071.png -8.801045 -0.070808 -0.28750005 0.9979189 0.006290354 -0.061526112 0.012353879
seq7/frame00072.png -8.141636 -0.055361368 0.14640588 0.999437 -0.0033042706 -0.03349724 0.0012853527
seq7/frame00073.png -7.5984683 0.043667153 0.39363134 0.9999605 0.0018103094 -0.013876003 -0.0018328873
seq7/frame00074.png -6.5917416 0.27573207 0.7995239 0.9997509 -0.014144137 -0.016890524 0.0011844232
seq7/frame00075.png -6.286273 0.19542849 0.7660547 0.99975604 0.004205338 -0.008312833 -0.018278511
seq7/frame00076.png -5.2808633 0.5775936 1.5458817 0.9994983 -0.028141089 -0.014031491 -0.00967371
seq7/frame00077.png -4.549015 0.4889563 1.5196142 0.99990606 -0.010756929 -0.0065453686 -0.0011208216
seq7/frame00078.png -3.9391303 0.594213 1.8669596 0.99924767 -0.0020123213 0.03724249 6.4354375e-05
seq7/frame00079.png -3.2790163 0.70494854 2.0729208 0.9995331 0.01638814 0.009876571 0.022465495
seq7/frame00080.png -3.0511642 0.5372387 2.4854708 0.99857163 0.0037628142 0.050678875 0.015820898
seq7/frame00081.png -2.7619996 0.6364916 2.4267144 0.99905884 -0.004211761 0.031114925 0.028973011
seq7/frame00082.png -1.4598998 0.8369709 2.7317274 0.9976607 -0.01654422 0.058147088 0.03239264
seq7/frame00083.png -0.5902397 0.5683933 2.6257524 0.99299806 -0.0062845806 0.1181556 0.006818454
seq7/frame00084.png 0.1975337 0.7560878 2.725444 0.9890699 -0.01945342 0.14560796 0.010951922
seq7/frame00085.png 1.4742899 0.7367205 2.576916 0.9917082 -0.000956205 0.1291307 -0.0021820292
seq7/frame00086.png 2.2912698 0.98609465 2.6247854 0.99656886 -0.013680025 0.082099035 -4.510972e-05
seq7/frame00087.png 3.0361264 0.702953 2.2426343 0.9967909 0.003505688 0.076602116 0.018666558
seq7/frame00088.png 3.485545 0.4010422 3.1232488 0.9992335 0.006357193 0.036184717 0.0071938457
seq7/frame00089.png 4.1516314 0.8884316 2.835278 0.99659544 0.0009902398 0.08167949 -0.010905177
seq7/frame00090.png 4.505026 0.5003124 2.6002004 0.9993546 0.025627933 0.025875803 0.0036876309
seq7/frame00091.png 5.633772 0.32455224 2.6616497 0.9971095 0.0343206 0.064042926 0.02016505
seq7/frame00092.png 5.8547645 0.55270857 2.8685598 0.99575967 0.03417239 0.08190963 0.022880547
seq7/frame00093.png 7.48043 0.8836002 2.3544958 0.99022806 0.0055614165 0.13886258 -0.00918145
seq7/frame00094.png 7.6440415 0.8635864 1.9382751 0.994331 -0.009749393 0.100924544 -0.029961163
seq7/frame00095.png 8.538728 0.81418693 1.524455 0.9923057 -0.02058092 0.12099966 -0.016810456
seq7/frame00096.png 9.52625 0.9059677 1.1810282 0.9940219 -0.015183147 0.1052522 -0.022962281
seq7/frame00097.png 9.461662 0.2380152 0.81995255 0.98177207 -0.025475433 0.18621626 -0.028380724
seq7/frame00098.png 9.959958 0.4225423 0.08880763 0.9762701 -0.025021393 0.20831925 -0.05302759
seq7/frame00099.png 10.410104 0.6014308 -0.35968634 0.9607435 -0.05105652 0.26398367 -0.06779432
seq7/frame00100.png 10.6372795 0.22868851 -0.8593283 0.9629886 -0.060664076 0.25637692 -0.05720464
seq7/frame00101.png 11.235392 0.04524316 -1.087213 0.9614383 -0.05798861 0.26164803 -0.06165678
seq7/frame00102.png 11.586706 0.010811605 -1.4109982 0.95985687 -0.044852983 0.27362567 -0.041259952
seq7/frame00103.png 12.092992 -0.12385878 -1.9672779 0.9567779 -0.055925682 0.28140253 -0.047128353
