seq2/frame00001.png 45.254414 2.966712 10.419018 0.8922535 -0.076925136 0.44206685 -0.05080193
seq2/frame00002.png 45.219837 2.9876199 10.355295 0.8917248 -0.07699197 0.4430488 -0.050517578
seq2/frame00003.png 45.34363 3.0066013 10.434573 0.88899434 -0.077167906 0.44857475 -0.050750308
seq2/frame00004.png 45.106422 3.0215313 10.545926 0.8813105 -0.070362106 0.4648875 -0.04742221
seq2/frame00005.png 44.150238 2.8541188 10.07299 0.87866104 -0.07198122 0.4680581 -0.060125966
seq2/frame00006.png 42.669067 2.955467 10.05199 0.89457977 -0.07538313 0.4348918 -0.070104375
seq2/frame00007.png 41.12115 2.77222 9.107326 0.8947284 -0.04789201 0.43702224 -0.07807026
seq2/frame00008.png 39.485317 3.0717704 9.454321 0.9007319 -0.050979115 0.422262 -0.087597
seq2/frame00009.png 37.4885 3.423236 9.977232 0.90402734 -0.07569216 0.41146144 -0.08818356
seq2/frame00010.png 36.321827 2.3686106 8.22571 0.89434594 -0.0465646 0.44019932 -0.06450928
seq2/frame00011.png 34.957985 2.6600735 8.647108 0.89993036 -0.06697755 0.42501017 -0.07113782
seq2/frame00012.png 32.656162 2.5503528 7.875467 0.9092932 -0.077108525 0.40694854 -0.04120562
seq2/frame00013.png 31.14543 2.3877754 7.432029 0.89674574 -0.06374232 0.43461856 -0.054380238
seq2/frame00014.png 29.645618 2.2808611 7.049298 0.9053423 -0.07011978 0.41438547 -0.06068576
seq2/frame00015.png 28.184814 2.2119048 6.773185 0.8993539 -0.06274064 0.4292758 -0.054591265
seq2/frame00016.png 26.045221 2.133719 6.2710686 0.901614 -0.0702613 0.4196847 -0.07691104
seq2/frame00017.png 24.546623 2.391422 6.082126 0.91769135 -0.069228716 0.3832954 -0.07721341
seq2/frame00018.png 22.702358 1.8664267 5.553694 0.91467446 -0.05162485 0.394517 -0.071844794
seq2/frame00019.png 20.94345 1.6849192 5.4004245 0.93077004 -0.062788144 0.35307935 -0.07172639
seq2/frame00020.png 19.137934 1.3404543 4.524524 0.94077873 -0.048884943 0.32935193 -0.06349211
seq2/frame00021.png 17.598833 1.89921 4.560723 0.9420431 -0.033776786 0.32890683 -0.05617521
seq2/frame00022.png 15.779215 1.3253034 4.5081363 0.9406838 -0.065011874 0.33021143 -0.043073762
seq2/frame00023.png 14.290305 1.2427576 4.0449653 0.946644 -0.08131721 0.3112405 -0.020975873
seq2/frame00024.png 12.865402 1.0844431 3.7744384 0.9556695 -0.07589595 0.28432366 -0.016687268
seq2/frame00025.png 11.506501 0.7615444 3.456109 0.94157606 -0.041778546 0.33266658 -0.033407148
seq2/frame00026.png 10.612574 1.2169646 3.5309434 0.92591566 -0.0600265 0.36597592 -0.071643904
seq2/frame00027.png 13.406581 1.7195445 4.7602944 0.9157017 -0.10176843 0.37839702 -0.08882413
seq2/frame00028.png 9.139162 0.8178346 4.169699 0.95341086 -0.021255463 0.29736036 -0.04509725
seq2/frame00029.png 8.601674 0.5112692 4.0212216 0.94261456 -0.05802977 0.3248656 -0.050749496
seq2/frame00030.png 7.711675 0.5603891 4.2610264 0.9518621 -0.08994634 0.2872514 -0.05703217
seq2/frame00031.png 7.153034 0.38454854 3.5453882 0.9607497 -0.090663336 0.25679353 -0.052342877
seq2/frame00032.png 6.993925 0.46080458 2.9592366 0.9669274 -0.08741502 0.2353769 -0.045148198
seq2/frame00033.png -3.287268 -0.6288938 -0.7503973 0.98860174 -0.009146062 0.1504709 0.0017823143
seq2/frame00034.png -5.8089623 -2.6629646 -5.137587 0.99270535 0.02257306 0.092399694 -0.07421466
seq2/frame00035.png 4.5089917 0.99711037 4.253179 0.9713992 -0.12030627 0.20129035 -0.03780692
seq2/frame00036.png 3.369106 -0.5632949 2.9203427 0.9779166 -0.09767505 0.1823842 -0.029020034
seq2/frame00037.png 3.6323617 1.1741946 2.9153547 0.976762 -0.10803126 0.18497933 -0.011910081
seq2/frame00038.png 3.158574 0.91635317 2.380917 0.97705024 -0.056121536 0.20471953 -0.019966945
seq2/frame00039.png 2.1405447 0.72547233 2.1058722 0.9786005 -0.054582357 0.19704731 -0.023011265
seq2/frame00040.png 1.144348 0.7188715 1.4397697 0.9829543 -0.052507453 0.1725171 -0.036085922
seq2/frame00041.png -0.43876705 0.7233547 1.4853283 0.98761475 -0.046541337 0.14904511 -0.013642038
seq2/frame00042.png -1.5441197 0.5366955 0.90041614 0.99097246 -0.04045167 0.12757607 0.00052160776
seq2/frame00043.png -2.9798396 0.42193347 0.59208685 0.98778194 -0.063083164 0.1420295 0.0068606483
seq2/frame00044.png -4.386757 0.4419071 0.25755686 0.99439156 -0.056377143 0.08898098 0.0053202272
seq2/frame00045.png -5.6661534 0.39549494 0.57461756 0.986869 -0.072880104 0.14374016 -0.012181135
seq2/frame00046.png -7.3189554 0.71489537 0.21097487 0.9950906 -0.09507082 0.026464762 -0.0100382455
seq2/frame00047.png -9.074088 0.11573812 -0.22389594 0.9971778 -0.07573723 -0.0048905425 -0.004270028
seq2/frame00048.png -10.498811 -0.6008147 -0.47029635 0.9984244 -0.029126342 -0.03826938 0.028850982
seq2/frame00049.png -12.484501 -0.20222196 -1.0661656 0.99413997 -0.062115114 -0.08627712 0.023480505
seq2/frame00050.png -14.223282 -1.1528568 -1.2600355 0.9972066 -0.02965516 -0.06832573 0.009868479
seq2/frame00051.png -16.047157 -0.2851751 -1.556316 0.9872918 -0.053469643 -0.14856787 0.019422812
seq2/frame00052.png -17.947119 -0.6089758 -2.3883996 0.96762985 -0.051838703 -0.24165219 0.049976647
seq2/frame00053.png -19.484304 -0.821868 -2.4689498 0.96478856 -0.046626646 -0.25298974 0.05464902
seq2/frame00054.png -21.33619 -1.1171415 -2.8954234 0.9537699 -0.069781706 -0.2853385 0.064206384
seq2/frame00055.png -23.327448 -1.2211945 -3.1636362 0.9546394 -0.04793354 -0.28683862 0.06484359
seq2/frame00056.png -25.279205 -1.6142086 -3.571402 0.941843 -0.06854312 -0.32276958 0.06449401
seq2/frame00057.png -27.235918 -2.27294 -4.900337 0.9311099 -0.040642004 -0.3556957 0.0699065
seq2/frame00058.png -28.466763 -2.5083036 -4.9050536 0.9440381 -0.04228075 -0.31963956 0.06861501
seq2/frame00059.png -30.842371 -1.8568234 -5.039457 0.93449783 -0.07892541 -0.34145626 0.061456405
seq2/frame00060.png -32.9563 -1.6536254 -5.0664215 0.92288065 -0.07562293 -0.37267968 0.05907804
seq2/frame00061.png -34.917244 -1.6954544 -5.313305 0.9084064 -0.06541481 -0.40631694 0.07253169
seq3/frame00001.png -54.67199 -2.6199577 -6.9179606 0.83259237 -0.022719968 -0.5369902 0.1336841
seq3/frame00002.png -54.534744 -2.6591377 -6.9054017 0.8343575 -0.025590079 -0.53576326 0.126923
seq3/frame00003.png -54.516945 -2.6984868 -6.941885 0.8350973 -0.028980274 -0.5363152 0.11951803
seq3/frame00004.png -54.46889 -2.807304 -6.9801383 0.83800393 -0.028346987 -0.5348064 0.10500778
seq3/frame00005.png -53.431767 -2.7199147 -7.0685487 0.83408946 -0.03818529 -0.5428519 0.09009047
seq3/frame00006.png -52.77617 -2.7058902 -6.889604 0.82243127 -0.023287795 -0.56333005 0.07537456
seq3/frame00007.png -52.176155 -2.7629893 -6.797664 0.83047915 -0.032573286 -0.5479319 0.09458995
seq3/frame00008.png -51.38893 -2.526009 -6.419656 0.8424456 -0.033744033 -0.53082836 0.08554358
seq3/frame00009.png -50.85924 -2.5209634 -6.2107487 0.8645503 -0.045912657 -0.4940388 0.07921572
seq3/frame00010.png -50.122303 -2.3701673 -6.265731 0.8650904 -0.045778032 -0.49344906 0.078349195
seq3/frame00011.png -49.193676 -2.595564 -6.172317 0.87749076 -0.03617257 -0.47232136 0.07526743
seq3/frame00012.png -48.41779 -2.35349 -6.1050014 0.87062466 -0.044899885 -0.48533866 0.06757025
seq3/frame00013.png -47.692936 -2.3470404 -5.9865875 0.86887336 -0.04365411 -0.48736328 0.075157896
seq3/frame00014.png -46.908524 -2.2390387 -5.818223 0.8708191 -0.044018902 -0.4852956 0.065895244
seq3/frame00015.png -46.20258 -2.1608484 -5.587878 0.87759066 -0.03979667 -0.47358003 0.0620196
seq3/frame00016.png -45.469593 -2.1487195 -5.44206 0.8780514 -0.03364754 -0.4728938 0.06380165
seq3/frame00017.png -44.73529 -1.9180825 -5.094075 0.889644 -0.049127318 -0.4480352 0.071927674
seq3/frame00018.png -43.785046 -1.9768468 -5.362624 0.8950551 -0.0526605 -0.4389818 0.057485536
seq3/frame00019.png -43.021076 -1.9002928 -5.464304 0.89590555 -0.037523407 -0.43978158 0.050142244
seq3/frame00020.png -42.763493 -1.2795596 -4.1378593 0.90096784 -0.04686763 -0.42961043 0.038920727
seq3/frame00021.png -41.630188 -1.7299938 -4.807476 0.8950476 -0.04932565 -0.44065318 0.048409376
seq3/frame00022.png -40.84695 -1.7020684 -4.696749 0.89610285 -0.048825584 -0.43925065 0.041024283
seq3/frame00023.png -40.24721 -1.4809391 -4.061141 0.89846313 -0.048965845 -0.43167672 0.064010546
seq3/frame00024.png -39.139107 -1.7453119 -4.766705 0.89583623 -0.056335334 -0.4376236 0.050845884
seq3/frame00025.png -38.33683 -1.8724773 -4.477281 0.89720756 -0.04323765 -0.4365629 0.05166507
seq3/frame00026.png -37.805103 -1.4277142 -4.1019225 0.9045877 -0.06371991 -0.41928273 0.041968565
seq3/frame00027.png -37.100845 -1.2307333 -3.8481643 0.90719527 -0.061234366 -0.41539747 0.029805746
seq3/frame00028.png -36.39269 -1.2213962 -3.8448584 0.9099335 -0.06589771 -0.40864184 0.022773266
seq3/frame00029.png -35.534706 -1.505595 -3.8685858 0.90963477 -0.038836002 -0.40957615 0.056207415
seq3/frame00030.png -34.777386 -1.4188541 -3.7510896 0.9188889 -0.04453336 -0.38727245 0.06117243
seq3/frame00031.png -34.017216 -1.3607304 -3.5277686 0.9220532 -0.040347014 -0.38153023 0.04998167
seq3/frame00032.png -33.081642 -1.1155269 -3.5003653 0.9279258 -0.06049219 -0.36543563 0.041633762
seq3/frame00033.png -32.477703 -1.4078674 -3.3317966 0.93526274 -0.036304932 -0.3452844 0.06950449
seq3/frame00034.png -31.599396 -1.136412 -3.1988819 0.9358298 -0.04831973 -0.34270805 0.065805435
seq3/frame00035.png -30.816824 -1.2771778 -3.240689 0.935518 -0.0407395 -0.34634295 0.05636393
seq3/frame00036.png -29.936184 -1.090335 -3.1312063 0.9293391 -0.05243755 -0.36061034 0.058556516
seq3/frame00037.png -29.32683 -1.0599062 -3.0382347 0.9202657 -0.059922777 -0.38225502 0.05725361
seq3/frame00038.png -28.610722 -1.1849736 -3.2248724 0.918406 -0.054996856 -0.38874426 0.045971707
seq3/frame00039.png -27.680807 -1.1895158 -2.7544396 0.91943204 -0.052379906 -0.3879353 0.038428955
seq3/frame00040.png -26.884102 -1.210435 -2.8410614 0.9254192 -0.050063353 -0.37235352 0.048418775
seq3/frame00041.png -26.164116 -1.0936487 -2.6324627 0.9244318 -0.055547114 -0.37532935 0.03974636
seq3/frame00042.png -25.187216 -1.0420724 -2.651783 0.9338178 -0.050323106 -0.3523938 0.036855206
seq3/frame00043.png -24.476345 -0.9373376 -2.424604 0.9348943 -0.05000472 -0.3494076 0.035550125
seq3/frame00044.png -23.546604 -1.0064578 -2.3471904 0.9416346 -0.0667691 -0.32725295 0.04221485
seq3/frame00045.png -22.788946 -0.8298856 -1.9116361 0.9421282 -0.039010227 -0.3318329 0.024247097
seq3/frame00046.png -21.910656 -1.0574595 -2.312918 0.94578224 -0.052214723 -0.3185127 0.037597455
seq3/frame00047.png -21.197277 -0.93387175 -1.8036842 0.9500258 -0.046917714 -0.3066703 0.03402969
seq3/frame00048.png -20.389307 -0.79551613 -1.8018208 0.95144755 -0.05039693 -0.3008467 0.04045121
seq3/frame00049.png -19.619318 -0.90528655 -1.5029799 0.9497179 -0.03430643 -0.30866423 0.039089046
seq3/frame00050.png -18.850595 -0.6467222 -1.2806973 0.95291257 -0.03775816 -0.2963045 0.0530414
seq3/frame00051.png -18.097307 -0.8932378 -1.1217178 0.95846164 -0.048606284 -0.27864656 0.0365212
seq3/frame00052.png -17.181465 -1.1641113 -1.5034196 0.9657826 -0.06872613 -0.24750686 0.03501842
seq3/frame00053.png -16.622223 -0.43403128 -0.82973385 0.9753562 -0.06872174 -0.20866475 0.01948228
seq3/frame00054.png -15.997564 0.0045513287 -0.79523623 0.9788141 -0.058758978 -0.19547042 0.018584834
seq3/frame00055.png -15.3363 0.063900955 -0.72354877 0.9781567 -0.03490201 -0.20283237 0.029742919
seq3/frame00056.png -14.551165 0.08597773 -0.43091097 0.9876326 -0.027836224 -0.15180962 0.026071163
seq3/frame00057.png -13.622623 0.2717249 -0.09494734 0.98862743 -0.018373394 -0.14740059 0.022768075
seq3/frame00058.png -12.669155 0.03522914 -0.08746587 0.98685306 -0.020100309 -0.15834248 0.02364412
seq3/frame00059.png -11.950888 -0.050804637 0.2648167 0.9879949 -0.0076046083 -0.1520377 0.025919262
seq3/frame00060.png -11.296941 -0.07436317 0.2708773 0.9898939 -0.011324173 -0.14001971 0.020268656
seq3/frame00061.png -10.463523 -0.014571331 0.41741624 0.9882568 -0.009961343 -0.14995973 0.031134104
seq3/frame00062.png -9.201865 0.2083979 0.88896495 0.9903817 -0.007564982 -0.13772222 0.008758987
seq3/frame00063.png -8.774546 0.10664379 0.9154014 0.9911381 0.001815749 -0.13162471 0.01725643
seq3/frame00064.png -7.8674145 0.49479184 1.2083755 0.99454755 -0.011127526 -0.10027306 0.025334517
seq3/frame00065.png -7.4060183 0.226821 1.3597679 0.99722326 -0.009568707 -0.06860854 0.028396929
seq3/frame00066.png -6.857057 -1.0616856 2.7667894 0.99871343 -0.0022178085 -0.048583418 0.015987908
seq3/frame00067.png -5.7546515 0.50517696 1.6996038 0.9980497 -0.022274068 -0.049167212 0.030090293
seq3/frame00068.png -5.014029 0.34328884 1.7396688 0.9996473 -0.017578224 0.01937111 0.0048083114
seq3/frame00069.png -4.4915104 0.71365833 2.0088377 0.9957539 -0.008369348 0.09134522 0.0006283548
seq3/frame00070.png -3.6497025 -0.09519237 1.9583654 0.99772084 0.008949322 0.061785307 -0.02532559
seq3/frame00071.png -2.5667338 0.77330506 2.1576996 0.9992397 0.012153337 0.033243004 -0.019021688
seq3/frame00072.png -1.8872645 -0.11538383 2.171814 0.9988239 0.007932806 0.041928772 -0.02118693
seq3/frame00073.png -1.0765898 0.92348737 2.3325136 0.99922496 -0.013843835 0.03616908 0.0025702668
seq3/frame00074.png -0.52097046 0.7629272 2.467463 0.99883515 -0.002822692 0.047008958 0.0015954706
seq3/frame00075.png 0.63198566 0.39474666 2.4254541 0.9982038 -0.008871012 0.058994222 -0.0038712344
seq3/frame00076.png 1.1311426 0.6445045 2.5569322 0.9981197 -0.009274965 0.057905313 -0.0134531045
seq3/frame00077.png 1.5789738 0.004572034 2.8995216 0.99778837 0.019177562 0.061607793 0.017421763
seq3/frame00078.png 2.2646735 0.7004481 2.8810027 0.9974782 0.0060190465 0.070587866 0.005850219
seq3/frame00079.png 3.1902893 0.54688215 3.3184335 0.9942424 0.0008380009 0.10763371 -0.004531816
seq3/frame00080.png 3.922751 0.9158057 3.2296848 0.9861895 -0.0061674723 0.164538 -0.019848892
seq3/frame00081.png 4.838059 0.97554857 3.8137352 0.99026453 0.01591025 0.13025114 -0.045449935
seq3/frame00082.png 5.5522513 1.1308475 3.5984871 0.9891651 -0.0007045009 0.14170483 -0.0401216
seq3/frame00083.png 6.7999477 1.5189852 3.6649923 0.98622423 0.010302622 0.15880258 -0.04537819
seq3/frame00084.png 7.58831 1.3641647 3.8118865 0.9829863 0.007437015 0.17691949 -0.04913068
seq3/frame00085.png 8.511226 1.5995507 3.927612 0.98914 0.0077527035 0.1418838 -0.038468886
seq3/frame00086.png 8.957762 1.5287616 4.4346914 0.9782098 0.008555804 0.19698477 -0.06555203
seq3/frame00087.png 10.115401 1.5910645 4.397682 0.9739341 -0.0064860582 0.21443948 -0.07359571
seq3/frame00088.png 10.792734 1.7055126 4.4835725 0.96401656 -0.028188895 0.25690112 -0.061890244
seq3/frame00089.png 11.944552 1.8108437 4.3435526 0.9561846 -0.036251895 0.28135234 -0.07232333
seq3/frame00090.png 12.580315 1.5298061 3.9172802 0.95242935 -0.05566224 0.29247162 -0.064342074
seq3/frame00091.png 13.17179 1.3069452 4.993686 0.95533955 -0.019335581 0.288389 -0.06152071
seq3/frame00092.png 14.112178 1.5641538 5.020338 0.9512158 -0.03908866 0.29752576 -0.07115632
seq3/frame00093.png 15.135561 1.5121392 5.1966233 0.94641286 -0.04615339 0.31149963 -0.07108166
seq3/frame00094.png 15.9869585 1.5987688 5.155281 0.9522889 -0.07520381 0.28719664 -0.071675874
seq3/frame00095.png 16.53986 1.5279132 5.331972 0.95217264 -0.09200023 0.28478572 -0.06027984
seq3/frame00096.png 17.142214 1.7967192 5.779494 0.9539104 -0.07292415 0.28391474 -0.06420252
seq3/frame00097.png 18.085485 1.9617622 5.8636713 0.9497648 -0.07747893 0.3002856 -0.043384694
seq3/frame00098.png 18.682755 2.0179303 6.1066117 0.953607 -0.08900058 0.28208947 -0.056926988
seq3/frame00099.png 18.915312 2.093391 6.2643433 0.9721945 -0.07634113 0.21772611 -0.039460633
seq3/frame00100.png 20.25038 2.523549 5.853772 0.96794933 -0.08994887 0.23250845 -0.030822001
seq3/frame00101.png 21.351238 1.8169116 6.0367885 0.9641305 -0.06557788 0.25603595 -0.026453987
seq3/frame00102.png 21.926523 1.7242255 5.62945 0.97145295 -0.082753934 0.21995248 -0.03242619
seq3/frame00103.png 22.601278 2.4141824 6.773849 0.97558504 -0.08664738 0.19967966 -0.029194657
seq3/frame00104.png 23.389973 2.3054042 6.707315 0.9655618 -0.089961044 0.24273415 -0.02785676
seq3/frame00105.png 25.270502 2.434589 7.020412 0.94279075 -0.05685801 0.31918022 -0.07670163
seq3/frame00106.png 24.743504 2.6851833 7.8455544 0.93618155 -0.09332123 0.33353344 -0.06031515
seq3/frame00107.png 25.714243 2.4419427 7.197531 0.93999714 -0.07779648 0.32435748 -0.07148967
seq3/frame00108.png 26.505926 2.4958544 7.1833606 0.9472918 -0.10589118 0.29195786 -0.07865154
seq3/frame00109.png 27.09237 2.403091 7.468003 0.9450381 -0.076795705 0.311023 -0.06515864
seq3/frame00110.png 27.50005 2.4432259 7.76951 0.9504709 -0.08763797 0.2968643 -0.02946662
seq3/frame00111.png 28.535519 2.2299943 7.3898706 0.9620723 -0.07746067 0.25888902 -0.03797181
seq3/frame00112.png 29.436394 2.0379653 6.9897723 0.9578657 -0.07256061 0.27572313 -0.035182543
seq3/frame00113.png 30.374434 2.3730006 7.7997003 0.94705105 -0.08063399 0.304547 -0.061626475
seq3/frame00114.png 30.537706 2.3370395 7.9131284 0.94172776 -0.09115849 0.31947932 -0.053211242
seq3/frame00115.png 31.555155 2.6687381 8.870967 0.92492616 -0.06440692 0.36703384 -0.075251974
seq3/frame00116.png 33.245 3.102836 10.218589 0.9256498 -0.0717728 0.36513194 -0.06856543
seq3/frame00117.png 34.998535 3.4813678 11.545333 0.9450589 -0.06627272 0.316953 -0.04315218
seq3/frame00118.png 34.92799 3.4485526 11.003993 0.9467197 -0.08129719 0.30650657 -0.0568059
seq3/frame00119.png 34.505463 2.250744 8.535073 0.95204407 -0.08316075 0.29219067 -0.037147712
seq3/frame00120.png 35.10143 2.671146 9.664635 0.9449738 -0.08353908 0.31488743 -0.030397262
seq3/frame00121.png 35.831787 3.0100727 9.88772 0.94465387 -0.0807271 0.31734005 -0.024716558
seq3/frame00122.png 36.81762 2.2673306 8.556013 0.9239304 -0.093571514 0.36886188 -0.039345812
seq3/frame00123.png 37.360565 2.7151716 9.780832 0.9360348 -0.08529572 0.33857453 -0.04321961
seq3/frame00124.png 37.68813 2.6343489 9.7878685 0.9436581 -0.099678144 0.31289846 -0.03966176
seq3/frame00125.png 38.993412 2.7473063 9.443513 0.9419432 -0.10843795 0.31283414 -0.054245237
seq3/frame00126.png 39.115868 2.820525 10.116031 0.9470564 -0.11685914 0.2950915 -0.04771494
seq3/frame00127.png 39.53353 3.224108 10.278115 0.96256405 -0.08721117 0.25499606 -0.032550037
seq3/frame00128.png 41.63405 2.9173102 10.395388 0.94280607 -0.084769994 0.32040483 -0.034245722
seq3/frame00129.png 41.736828 2.9098513 10.496022 0.93893915 -0.069100335 0.3357221 -0.029406244
seq3/frame00130.png 43.460743 4.2108507 12.264598 0.92622185 -0.06896839 0.3579482 -0.095065154
seq3/frame00131.png 42.316887 4.6218023 12.877414 0.89629805 -0.101645924 0.42760897 -0.05873615
seq3/frame00132.png 43.76298 3.4507122 11.529291 0.90188515 -0.10585371 0.41289854 -0.070435524
seq3/frame00133.png 44.42824 3.5594091 12.072143 0.9210768 -0.09857245 0.37100518 -0.06565244
seq3/frame00134.png 44.94161 3.387297 12.03167 0.895238 -0.14786233 0.4139197 -0.073403105
seq3/frame00135.png 46.185017 3.0305037 11.627236 0.9212492 -0.12334958 0.36429322 -0.059033986
seq3/frame00136.png 47.16376 3.298238 12.063323 0.9037845 -0.13146824 0.40406516 -0.051789876
seq3/frame00137.png 48.094635 3.6647422 12.885194 0.92036474 -0.10683904 0.37092036 -0.06284501
seq3/frame00138.png 48.554768 3.6361914 12.718353 0.9214486 -0.11946013 0.3624307 -0.072752126
seq3/frame00139.png 49.14345 3.6436439 12.616538 0.9261994 -0.11427347 0.351989 -0.071019396
seq3/frame00140.png 50.128963 3.7548854 13.130418 0.904002 -0.121913895 0.4037012 -0.06954144
seq3/frame00141.png 50.91209 3.9376833 13.481227 0.8913265 -0.10045756 0.4385846 -0.055310905
seq3/frame00142.png 51.43098 4.0014153 13.547772 0.8926144 -0.07970097 0.44120297 -0.04583818
seq3/frame00143.png 51.948586 3.992983 13.599485 0.91144836 -0.08741894 0.3984717 -0.053493705
seq3/frame00144.png 52.602783 3.9199193 13.775671 0.90881264 -0.09024218 0.4048534 -0.0451654
seq3/frame00145.png 53.025253 3.8427062 13.159643 0.9297992 -0.08181791 0.3579826 -0.025658034
seq3/frame00146.png 53.754467 3.7921586 13.335083 0.92298645 -0.10563487 0.367237 -0.04423307
seq3/frame00147.png 53.64774 3.5200558 10.082387 0.9416995 -0.11480173 0.3108163 -0.057556678
seq3/frame00148.png 56.23546 3.7461457 9.45324 0.93160856 -0.10319866 0.34063998 -0.073436126
seq3/frame00149.png 56.732513 3.7890484 10.363866 0.9292791 -0.09709274 0.35138714 -0.059962068
seq3/frame00150.png 57.250874 4.503054 13.670565 0.9316617 -0.08964562 0.34709492 -0.05758579
seq3/frame00151.png 52.117203 2.5042105 7.5839715 0.98529357 -0.0735646 0.15460171 0.0048622144
seq3/frame00152.png 48.716747 2.1497173 7.897412 0.9536485 -0.06320879 0.28942552 -0.051800657
seq3/frame00153.png 49.10646 2.245484 6.8765345 0.96241504 -0.08971501 0.24945521 -0.057323504
seq3/frame00154.png 52.319557 2.8089771 8.501168 0.9542155 -0.108882055 0.27455175 -0.046460852
seq3/frame00155.png 52.591843 2.999171 9.023675 0.9265621 -0.11661589 0.3465202 -0.08839427
seq3/frame00156.png 55.130795 2.3750706 8.388591 0.96287006 -0.10043717 0.25051305 0.008999783
seq3/frame00157.png 56.737812 3.9042337 10.372207 0.94535077 -0.11679984 0.3036555 -0.020638378
seq3/frame00158.png 46.818203 2.2149053 9.501164 0.95266736 -0.084534384 0.28740433 -0.05190177
seq3/frame00159.png 49.288025 2.7921875 8.579373 0.9419395 -0.09006176 0.3191996 -0.051903415
seq3/frame00160.png 64.30505 5.4921765 18.625275 0.9198063 -0.07293526 0.3811828 -0.057630405
seq3/frame00161.png 64.8042 4.95185 18.260702 0.8920952 -0.064949684 0.44413483 -0.052958604
seq3/frame00162.png 64.636665 5.0234485 18.205702 0.8960816 -0.057459123 0.4370576 -0.053035554
seq3/frame00163.png 69.816696 4.644278 17.819756 0.90926003 -0.06390313 0.4084701 -0.04841023
seq3/frame00164.png 66.73182 4.805229 14.219505 0.9292941 -0.07457018 0.3510244 -0.086652175
seq3/frame00165.png 67.42056 5.3095946 18.66322 0.90885043 -0.06392716 0.4023222 -0.089199245
seq3/frame00166.png 66.800606 5.770259 17.32819 0.9001464 -0.07214625 0.40896565 -0.13093378
seq3/frame00167.png 68.516045 5.4074016 19.04831 0.87927336 -0.06269448 0.46355855 -0.09039502
seq3/frame00168.png 69.36188 5.6648264 18.480171 0.87182474 -0.061975107 0.47022504 -0.12251876
seq3/frame00169.png 69.204155 4.8957047 16.991518 0.83129233 -0.07659938 0.5378662 -0.116966896
seq3/frame00170.png 71.05236 4.698006 18.201937 0.8611672 -0.08572812 0.4873186 -0.11599958
seq3/frame00171.png 68.03354 3.498224 14.803367 0.89475775 -0.09328284 0.40862963 -0.15402295
seq3/frame00172.png 71.1961 4.999632 18.538225 0.88788384 -0.116884224 0.42700064 -0.12547861
seq3/frame00173.png 71.960464 5.1036654 17.682842 0.8310977 -0.09302768 0.52865326 -0.14601873
seq3/frame00174.png 71.77496 4.8684044 17.564663 0.8286181 -0.07114957 0.5431933 -0.11525226
seq3/frame00175.png 72.55366 4.9571323 17.278944 0.8264723 -0.072862 0.5421022 -0.13315822
seq3/frame00176.png 73.51021 5.217433 17.950016 0.836043 -0.0805104 0.5348942 -0.09171241
seq3/frame00177.png 74.14543 5.26568 17.226059 0.83597714 -0.07266141 0.5315328 -0.11518692
seq3/frame00178.png 75.079445 5.385306 17.352718 0.8474038 -0.08109594 0.5112436 -0.11830039
seq3/frame00179.png 75.581535 5.7141004 17.084253 0.92172915 -0.08016925 0.3599931 -0.11956791
seq7/frame00001.png -58.95619 -2.4861207 -5.6772056 0.8199753 -0.0433272 -0.56317526 0.092428304
seq7/frame00002.png -58.793007 -2.515562 -5.6796317 0.82149 -0.043119073 -0.56109715 0.09256624
seq7/frame00003.png -58.85992 -2.4222293 -5.6252904 0.82504517 -0.04573866 -0.5559116 0.090102606
seq7/frame00004.png -58.909058 -2.4004583 -5.686984 0.8295134 -0.03949513 -0.54858166 0.09683716
seq7/frame00005.png -65.320465 -3.2930539 -5.3778086 0.8326839 0.0039502173 -0.5468041 0.087860875
seq7/frame00006.png -57.419106 -2.6195014 -6.0155163 0.8363191 -0.017710248 -0.53736347 0.1065791
seq7/frame00007.png -56.974453 -2.7136943 -6.2008343 0.83282727 -0.01562864 -0.54329836 0.105238214
seq7/frame00008.png -56.498215 -2.4409325 -6.279664 0.85981274 -0.028865945 -0.501113 0.0936133
seq7/frame00009.png -55.719345 -2.688351 -6.587135 0.85178936 -0.013050007 -0.5137184 0.10149959
seq7/frame00010.png -60.968727 -2.510665 -7.2157764 0.85104704 -0.016820885 -0.51451916 0.10398498
seq7/frame00011.png -60.878765 -2.4669483 -6.9973044 0.85735506 -0.018038522 -0.5051059 0.09771782
seq7/frame00012.png -53.5133 -2.87884 -7.330828 0.8513525 0.0062562507 -0.5122973 0.11213418
seq7/frame00013.png -53.044445 -2.8336713 -7.416492 0.8550753 -0.00812284 -0.5063754 0.110690475
seq7/frame00014.png -52.293255 -2.9891205 -7.534662 0.85373056 -0.006030443 -0.5085032 0.112311706
seq7/frame00015.png -51.563637 -3.0271719 -7.734204 0.8766519 0.0014405644 -0.46999025 0.10256329
seq7/frame00016.png -50.615562 -2.9431257 -7.989873 0.86195105 0.0067939735 -0.49413452 0.11315156
seq7/frame00017.png -49.912537 -2.9700365 -8.032224 0.8706636 -0.020522857 -0.47738558 0.116340496
seq7/frame00018.png -49.43758 -2.9835305 -8.138254 0.8674575 -0.00037521846 -0.48336637 0.1180685
seq7/frame00019.png -48.689217 -2.998577 -8.181776 0.8666177 -0.001112234 -0.4846882 0.11864872
seq7/frame00020.png -47.59332 -3.107526 -8.244905 0.85040927 0.0030916156 -0.5123989 0.11857867
seq7/frame00021.png -47.06462 -3.014459 -8.086522 0.8758719 -0.011613581 -0.46797055 0.11695356
seq7/frame00022.png -46.161747 -2.8288958 -8.206259 0.8706668 0.010922248 -0.4720461 0.13804497
seq7/frame00023.png -45.513832 -2.8880498 -7.89949 0.8733975 0.004922916 -0.47015792 0.1270987
seq7/frame00024.png -44.991405 -2.680317 -7.2081614 0.83552986 0.004654217 -0.5326592 0.13458249
seq7/frame00025.png -43.870407 -2.5196648 -7.176518 0.8451 -0.036634207 -0.52138025 0.11185717
seq7/frame00026.png -43.15344 -2.431069 -6.9643774 0.8270415 -0.04136349 -0.5507948 0.10306782
seq7/frame00027.png -42.420403 -2.2634323 -6.6384997 0.85104954 -0.04259059 -0.51267904 0.10439358
seq7/frame00028.png -41.667545 -2.1795316 -6.2562647 0.8525872 -0.028947871 -0.5087121 0.11603975
seq7/frame00029.png -40.907444 -2.113449 -6.0577526 0.87496346 -0.043157116 -0.47039285 0.106279485
seq7/frame00030.png -40.236156 -2.0067902 -5.44499 0.8910505 -0.023023272 -0.4421133 0.10004535
seq7/frame00031.png -39.602215 -1.8460797 -5.0251813 0.9077183 -0.029735552 -0.40439653 0.10799273
seq7/frame00032.png -38.735825 -1.7533712 -4.9549537 0.88020813 -0.031859595 -0.4633784 0.09694182
seq7/frame00033.png -37.95677 -1.7167084 -4.7546144 0.8846609 -0.040020574 -0.45758057 0.08074184
seq7/frame00034.png -37.057655 -1.722666 -4.6312943 0.8812333 -0.03174274 -0.46613157 0.07175578
seq7/frame00035.png -36.532314 -1.5076883 -4.357708 0.8941041 -0.041837547 -0.44053414 0.06897548
seq7/frame00036.png -35.52921 -1.6003678 -4.4303093 0.89761686 -0.020694828 -0.43517447 0.06803776
seq7/frame00037.png -34.895676 -1.571355 -4.13109 0.9011375 -0.014589079 -0.42505988 0.08415156
seq7/frame00038.png -33.852703 -1.6877685 -4.331198 0.8921428 -0.01300907 -0.44407588 0.08179213
seq7/frame00039.png -33.105606 -1.6958733 -4.2223935 0.89111227 -0.011198264 -0.4460067 0.08329268
seq7/frame00040.png -32.36263 -1.5323672 -4.177501 0.8862874 -0.008716858 -0.45633978 0.07833134
seq7/frame00041.png -31.552862 -1.5016264 -4.033188 0.895212 -0.0060058846 -0.43739966 0.085029244
seq7/frame00042.png -30.828642 -1.3240876 -3.996929 0.8912836 -0.015733793 -0.44453463 0.08863467
seq7/frame00043.png -29.99455 -1.5897846 -3.769882 0.9085718 -0.013672904 -0.41172066 0.0686105
seq7/frame00044.png -29.153563 -1.4666488 -3.9159415 0.90631914 -0.00837231 -0.41406778 0.08363237
seq7/frame00045.png -28.35516 -1.3950438 -3.8982704 0.9244908 -0.0065668314 -0.37374875 0.07474408
seq7/frame00046.png -27.575645 -1.2532717 -3.889742 0.9255896 0.007314852 -0.37013423 0.07794781
seq7/frame00047.png -26.860874 -1.199829 -3.5933306 0.9283174 -0.00019191927 -0.36168888 0.08577688
seq7/frame00048.png -26.026747 -1.1984209 -3.3972435 0.93550926 0.011707275 -0.3441171 0.07963425
seq7/frame00049.png -25.381401 -1.0922513 -3.1275074 0.93907255 -0.0039594756 -0.33435884 0.078904286
seq7/frame00050.png -24.621548 -0.8854693 -2.8450391 0.9327361 0.0051244623 -0.35253066 0.07492264
seq7/frame00051.png -23.968634 -0.886842 -2.4252346 0.94122916 -0.0053801904 -0.3312904 0.0660364
seq7/frame00052.png -23.310251 -0.78375363 -2.2126129 0.94213855 -0.0056452863 -0.32975194 0.060717043
seq7/frame00053.png -22.482456 -0.762218 -2.0686793 0.9501104 -0.0005966438 -0.30609524 0.060695745
seq7/frame00054.png -21.885565 -0.73884547 -1.8782048 0.9606921 0.009249575 -0.27057737 0.06053602
seq7/frame00055.png -21.09276 -0.7067306 -1.8692145 0.95838934 0.0047080046 -0.27699828 0.069473125
seq7/frame00056.png -20.310717 -0.499153 -1.8749446 0.9613688 -0.0035754938 -0.2652168 0.07405039
seq7/frame00057.png -19.513027 -0.8008614 -1.769512 0.956609 0.002437764 -0.2859458 0.055790536
seq7/frame00058.png -18.67236 -0.7085364 -1.8561656 0.95916516 0.0037834353 -0.27950507 0.042570412
seq7/frame00059.png -17.952265 -0.5690384 -1.5576453 0.96580786 -0.011793043 -0.25487068 0.0447616
seq7/frame00060.png -17.196247 -0.7318952 -1.5404737 0.9666603 -0.015937114 -0.252519 0.038227357
seq7/frame00061.png -16.541233 -0.5256965 -1.3423625 0.9627779 -0.007451096 -0.26422593 0.056727182
seq7/frame00062.png -15.724177 -0.39717203 -1.1975701 0.96510446 -0.02212508 -0.25733596 0.045036487
seq7/frame00063.png -14.905614 -0.7178707 -0.9507271 0.9630211 -0.015364118 -0.26576608 0.042480577
seq7/frame00064.png -14.192943 -0.1409383 -1.0614489 0.9666778 -0.01973705 -0.24754989 0.062108055
seq7/frame00065.png -13.335972 -0.35799322 -0.877473 0.9681009 -0.0017312559 -0.2463766 0.045683015
seq7/frame00066.png -12.475671 -0.3572094 -0.9176556 0.9753028 0.013946186 -0.21926455 0.021302385
seq7/frame00067.png -11.756216 -0.39190066 -0.8407942 0.9799926 0.0070191743 -0.19760557 0.02304253
seq7/frame00068.png -11.004283 -0.2568141 -0.6257471 0.9866569 0.0066268286 -0.16183582 0.019396761
seq7/frame00069.png -10.327701 -0.19480667 -0.5291495 0.9922447 0.011946 -0.123092085 0.014490779
seq7/frame00070.png -9.678353 -0.12600598 -0.3747154 0.9980727 0.0014499058 -0.06185198 0.0013363711
seq7/frame00071.png -8.829348 0.027787142 -0.094684094 0.9982447 0.0023613595 -0.05870012 0.00887342
seq7/frame00072.png -8.077313 -0.0011290014 0.18036935 0.9993874 -0.005916323 -0.033281613 0.0064281006
seq7/frame00073.png -7.360199 -0.0055251643 0.30413204 0.9999404 -0.0007323463 -0.007246047 -0.001518802
seq7/frame00074.png -6.8264666 0.17637841 0.6940069 0.9995254 -0.016061949 -0.02338634 0.0036154187
seq7/frame00075.png -6.1115303 0.29450643 0.882217 0.9998347 -0.0010186934 -0.0028321245 -0.01912885
seq7/frame00076.png -5.4610095 0.40326998 1.2892425 0.99943995 -0.027515156 -0.016052354 -0.008114878
seq7/frame00077.png -4.759799 0.5545353 1.4639673 0.9998178 -0.013671259 -0.0101434225 0.0010823568
seq7/frame00078.png -3.8979988 0.60979944 1.9374847 0.9993458 -0.005755554 0.034247823 0.00063229
seq7/frame00079.png -3.3306487 0.74504524 2.1225247 0.99976486 0.01569278 0.0077167307 0.016360195
seq7/frame00080.png -2.5823822 0.6167288 2.3145125 0.9980172 -0.0020226447 0.05937202 0.023116358
seq7/frame00081.png -2.00083 0.68759704 2.401378 0.99873644 -0.009648403 0.04391997 0.024708288
seq7/frame00082.png -1.3516502 0.88462096 2.6766376 0.997427 -0.018661564 0.06175054 0.030898247
seq7/frame00083.png -0.2789036 0.5665272 2.4714115 0.9920214 -0.008386379 0.12548445 0.006805189
seq7/frame00084.png 0.25562412 0.82261074 2.7402155 0.9893202 -0.021346282 0.14388454 0.012524688
seq7/frame00085.png 1.3939159 0.8751756 2.4837406 0.991655 -0.0036705204 0.12922053 -0.0015289908
seq7/frame00086.png 1.8024796 1.094211 2.3415208 0.99714655 -0.01331433 0.07478659 -0.0015381498
seq7/frame00087.png 2.66908 0.5672413 2.1900187 0.99744135 0.0029968296 0.06947408 0.016441416
seq7/frame00088.png 3.2912312 0.2553735 2.4944355 0.99930453 0.012990524 0.0312635 0.017063582
seq7/frame00089.png 4.02466 0.8377274 2.3484597 0.9970026 0.0020217437 0.07771808 -0.010267777
seq7/frame00090.png 4.629966 0.61517215 2.5399008 0.99942714 0.018901208 0.02778608 0.0007368971
seq7/frame00091.png 5.432076 0.39456663 2.337212 0.99741554 0.031990338 0.06140017 0.019568574
seq7/frame00092.png 6.0520296 0.34665763 2.5512497 0.9954222 0.034280926 0.08736861 0.01914665
seq7/frame00093.png 7.2787704 0.8202566 2.1375206 0.99021846 0.0035860687 0.1389661 -0.013308109
seq7/frame00094.png 7.699384 0.6844237 1.567602 0.99427813 -0.008484182 0.10280136 -0.02663124
seq7/frame00095.png 8.213323 0.8806835 1.361789 0.9925861 -0.023913741 0.11787197 -0.017794438
seq7/frame00096.png 8.90031 1.0824085 0.8201009 0.99462783 -0.019408436 0.0999109 -0.021998849
seq7/frame00097.png 9.312288 0.27743965 0.81172 0.9823947 -0.027202815 0.18275934 -0.028308181
seq7/frame00098.png 9.959198 0.36707154 0.0177963 0.97634935 -0.021381548 0.20764783 -0.054923836
seq7/frame00099.png 10.519141 0.87804383 -0.52857006 0.9594747 -0.058621522 0.26665893 -0.07045326
seq7/frame00100.png 10.639411 0.006953478 -1.0862322 0.9622343 -0.05761 0.25778046 -0.066272356
seq7/frame00101.png 11.218612 -0.02356714 -1.152721 0.9606633 -0.05778642 0.26352158 -0.06575064
seq7/frame00102.png 11.690005 -0.01002416 -1.5198184 0.9589396 -0.044933606 0.2763742 -0.044984657
seq7/frame00103.png 11.999209 -0.1333763 -1.9355661 0.9564052 -0.055867523 0.28204197 -0.050309267
