seq4/frame00001.png -9.799583 -4.85002 -11.95274 0.9339811 0.025072444 -0.3145949 0.16757262
seq4/frame00002.png -9.864398 -4.901499 -12.04035 0.9348518 0.0294079 -0.31563863 0.15987384
seq4/frame00003.png -9.901465 -4.9134593 -11.802723 0.9347708 0.025206639 -0.31686437 0.15863547
seq4/frame00004.png -9.935337 -4.849375 -11.842707 0.9448712 0.000744239 -0.30062026 0.12979023
seq4/frame00005.png -8.261448 -5.200123 -12.15149 0.964679 -0.004455554 -0.23305818 0.12271372
seq4/frame00006.png -8.204511 -5.0563874 -12.045317 0.96706504 -0.0063466155 -0.22770436 0.11355923
seq4/frame00007.png -7.9765606 -4.8882523 -11.11048 0.9715672 0.0011272595 -0.22026245 0.08683296
seq4/frame00008.png -6.979988 -4.6239114 -10.424063 0.9779845 -0.00795685 -0.1911702 0.08328819
seq4/frame00009.png -4.4980583 -4.872437 -10.742248 0.9905917 -0.004494626 -0.12384629 0.058052234
seq4/frame00010.png -4.8296795 -4.7480145 -10.443104 0.9875901 -0.0021719912 -0.14568019 0.058639433
seq4/frame00011.png -2.56451 -4.145413 -9.428078 0.9947579 -0.010808433 -0.09872968 0.024330148
seq4/frame00012.png -2.53495 -3.8287103 -8.202209 0.9915768 0.008450237 -0.120114766 0.0477145
seq4/frame00013.png -0.53914064 -3.9334834 -8.467287 0.99902254 -0.016020717 -0.038605638 0.014384815
seq4/frame00014.png 0.5668813 -3.9381993 -7.924482 0.99916154 -0.0004653919 -0.040849112 -0.0026764467
seq4/frame00015.png 0.8978927 -3.7155936 -7.489737 0.9986019 -0.0076139523 -0.050068896 -0.015141537
seq4/frame00016.png 1.0376729 -3.7637725 -7.428695 0.9989855 -0.028429545 0.01650116 -0.03078361
seq4/frame00017.png 1.5587054 -2.932504 -6.796447 0.99887294 -0.028251676 -0.0021868835 -0.038077336
seq4/frame00018.png 2.0746367 -2.8803616 -6.0385814 0.99776584 -0.061686635 0.020235851 -0.015768515
seq4/frame00019.png 1.5672657 -2.561743 -5.4165215 0.99581546 -0.05753972 0.038708504 -0.05951801
seq4/frame00020.png 2.3856564 -2.1728892 -4.590344 0.994354 -0.092924304 0.042445548 -0.028697021
seq4/frame00021.png 2.9249978 -1.845014 -4.1425323 0.99020547 -0.091929756 0.10098641 -0.029049367
seq4/frame00022.png 3.3542774 -1.8168492 -3.8221557 0.9896096 -0.09951809 0.09797506 -0.03420668
seq4/frame00023.png 3.2842093 -1.4748441 -3.138869 0.99343956 -0.07849028 0.08304821 -0.0044860607
seq4/frame00024.png 3.346235 -0.94092816 -2.370419 0.9941443 -0.06855226 0.08300089 0.0093895905
seq4/frame00025.png 2.3032453 -0.5656879 -1.8565289 0.99831647 -0.049861062 0.02619531 -0.013850569
seq4/frame00026.png 3.4547534 -0.32140377 -1.1650459 0.99336374 -0.041663766 0.10258317 -0.031134386
seq4/frame00027.png 2.4082482 -0.23142318 -0.73943454 0.9979554 -0.017544625 0.06131102 -0.004283815
seq4/frame00028.png 3.9460518 -0.1596467 -0.25158757 0.99494654 -0.036231544 0.093016006 -0.010792177
seq4/frame00029.png 4.3135996 0.07218255 0.24034016 0.98866713 -0.060881685 0.1300635 -0.043752715
seq4/frame00030.png 4.005577 0.25235814 0.84641886 0.9879507 -0.07735141 0.1272501 -0.042161062
seq4/frame00031.png 5.3784637 0.42280185 1.4846241 0.98929197 -0.03030133 0.13957933 -0.030018015
seq4/frame00032.png 5.32239 0.5606759 1.368813 0.9883525 -0.033933807 0.14524862 -0.030176718
seq4/frame00033.png 4.9355993 0.9698511 3.0929768 0.98905337 -0.021624098 0.14100009 -0.037746843
seq4/frame00034.png 5.703568 1.3295751 3.703637 0.9846316 -0.04920716 0.16566199 -0.025201162
seq4/frame00035.png 5.4846973 1.2619433 2.6518838 0.99109054 -0.05409744 0.120894045 -0.01405739
seq4/frame00036.png 6.780562 1.6830493 3.5790694 0.99010676 -0.05780601 0.12612654 -0.020960618
seq4/frame00037.png 7.6598225 1.345935 3.922576 0.9917041 -0.050642893 0.116562314 -0.019276945
seq4/frame00038.png 7.8865657 1.9910593 4.9609227 0.9879821 -0.039301045 0.14840107 -0.01800031
seq4/frame00039.png 7.9781437 2.064318 5.135058 0.9818027 -0.03759458 0.1842589 -0.026442377
seq4/frame00040.png 10.285393 2.195726 5.671666 0.97905314 -0.018156245 0.19517492 -0.055066187
seq4/frame00041.png 11.440407 2.1448436 4.9159803 0.97261256 -0.027558547 0.22231075 -0.06199593
seq4/frame00042.png 11.397251 2.2041678 5.284089 0.9764376 -0.04540412 0.2047742 -0.05075021
seq4/frame00043.png 12.989752 2.2126226 5.2651806 0.97840345 -0.03168901 0.20038591 -0.039596755
seq4/frame00044.png 13.006029 1.6884533 4.084647 0.978828 -0.04884743 0.18985158 -0.058874946
seq4/frame00045.png 13.281532 2.0469759 3.9204803 0.9686134 -0.06547109 0.22573763 -0.08089764
seq4/frame00046.png 13.917881 1.3126734 2.669473 0.9725492 -0.04594157 0.21908168 -0.063567415
seq4/frame00047.png 13.550102 1.1274502 1.9485784 0.9697122 -0.04188626 0.22531837 -0.08447149
seq4/frame00048.png 12.896921 1.241781 2.2723634 0.97010446 -0.061610244 0.22313139 -0.07289306
seq4/frame00049.png 12.545105 1.3457838 1.8932401 0.9722647 -0.07677488 0.20898741 -0.07163093
seq4/frame00050.png 11.20273 1.1666173 1.9734969 0.9696018 -0.091794 0.2107342 -0.08388786
seq4/frame00051.png 8.404095 0.8458672 2.484651 0.9741895 -0.12607634 0.16886593 -0.08089363
seq4/frame00052.png 6.4766808 1.2444468 2.3534558 0.98246706 -0.10781956 0.13937381 -0.060897764
seq4/frame00053.png 5.053442 1.8210622 4.0934854 0.9854338 -0.106952086 0.12309311 -0.048263878
seq4/frame00054.png 6.6184287 1.0615196 2.5692081 0.97724915 -0.08807634 0.18858346 -0.040781546
seq4/frame00055.png 5.057052 0.6391519 2.1596518 0.98204494 -0.0909588 0.15645455 -0.053256486
seq4/frame00056.png 5.5821776 0.4969318 2.1778705 0.9871341 -0.034709122 0.1425096 -0.06365915
seq8/frame00001.png 1.6216286 4.866454 11.358543 0.9992644 -0.034272015 0.017195864 0.0005686898
seq8/frame00002.png 1.7598628 4.73832 11.0461645 0.999185 -0.036295235 0.01619463 0.007042542
seq8/frame00003.png 1.119214 4.6632276 11.358296 0.99926025 -0.035934053 0.003568377 0.0132247545
seq8/frame00004.png 1.7725303 4.548577 11.223681 0.9989634 -0.024548126 -0.014256455 0.035581794
seq8/frame00005.png 0.6487706 4.6071773 12.059918 0.99370027 -0.024080785 -0.1027752 0.03764258
seq8/frame00006.png 0.5054503 4.8987164 12.02345 0.9950114 -0.050451122 -0.08457826 0.015923953
seq8/frame00007.png -2.089676 5.232871 12.591788 0.9931713 -0.037831202 -0.10892312 0.01775946
seq8/frame00008.png -1.6390371 4.9981146 12.089748 0.9948545 -0.03678253 -0.094386466 -0.0015503595
seq8/frame00009.png -0.55004615 4.8439403 12.118904 0.99665153 -0.020081386 -0.07845359 -0.011293043
seq8/frame00010.png -2.018878 4.8377123 11.76685 0.9933932 -0.033920076 -0.10922479 0.009461185
seq8/frame00011.png -2.5305848 4.7755594 12.4781275 0.99357325 -0.027894702 -0.10447374 0.033457592
seq8/frame00012.png -2.6426098 4.0730424 11.4872465 0.99338454 -0.029266832 -0.1036897 0.03973493
seq8/frame00013.png -3.5202472 3.9768724 10.887481 0.9972062 -0.00845966 -0.07238327 0.016405217
seq8/frame00014.png -4.2325397 4.23286 11.109392 0.9962286 -0.018092046 -0.08395589 0.012363107
seq8/frame00015.png -5.068628 4.47543 11.210376 0.9946871 -0.0038614976 -0.10201997 0.013216037
seq8/frame00016.png -7.6306744 4.477937 11.8447485 0.9900578 -0.019315815 -0.13739222 0.023149062
seq8/frame00017.png -6.2405257 5.1092353 12.638373 0.9943918 -0.0010203995 -0.10092436 -0.031590346
seq8/frame00018.png -7.6068363 5.3958373 12.991434 0.9917814 -0.0032937853 -0.12703551 -0.0148525
seq8/frame00019.png -9.118885 5.5919857 13.495916 0.9945026 -0.0046016015 -0.102662496 -0.02009879
seq8/frame00020.png -8.950456 5.6386514 13.813411 0.9920433 -0.007884833 -0.12502308 -0.0125407465
seq8/frame00021.png -9.673278 5.5727634 13.816897 0.9931313 -0.017930502 -0.11314829 -0.02378844
seq8/frame00022.png -10.64004 5.560439 13.689004 0.98993886 -0.024292817 -0.1391789 -0.0077619366
seq8/frame00023.png -10.357 5.985774 14.2557955 0.99392194 -0.017325332 -0.10753264 -0.015988942
seq8/frame00024.png -13.267388 5.420025 13.586974 0.97772866 -0.03845169 -0.20409167 0.030236484
seq8/frame00025.png -14.126164 5.9890356 14.7488 0.98439664 -0.044902682 -0.16637236 0.035600197
seq8/frame00026.png -13.068045 5.6410165 15.094188 0.98959655 -0.039904993 -0.1355415 0.027111113
seq8/frame00027.png -14.789725 5.850138 15.478973 0.98110175 -0.070153825 -0.1792799 0.019405993
seq8/frame00028.png -12.219902 6.288549 16.716623 0.99171454 -0.033952564 -0.12241909 -0.019059801
seq8/frame00029.png -9.150448 6.226171 16.208998 0.9962557 -0.037285708 -0.059589446 -0.050332475
seq8/frame00030.png -9.630783 6.3173313 16.521446 0.99648124 -0.038399886 -0.056807034 -0.048200153
seq8/frame00031.png -13.549403 6.2525706 18.06792 0.9925667 -0.04145744 -0.11396611 -0.010218769
seq8/frame00032.png -14.912547 6.4563313 18.998459 0.98992974 -0.029797122 -0.13837568 0.0017958533
seq8/frame00033.png -14.856609 6.7524867 19.345718 0.9879142 -0.034970194 -0.15100434 -0.00055205997
seq8/frame00034.png -15.051938 6.4097085 18.094 0.9790599 -0.028632075 -0.20072441 0.018214121
seq8/frame00035.png -15.735979 6.4058833 17.711794 0.973259 -0.02604205 -0.22816837 0.0052962312
seq8/frame00036.png -16.936077 6.502954 17.821297 0.97024566 -0.025311988 -0.23932017 0.02661822
seq8/frame00037.png -18.494232 7.069346 19.106007 0.9714047 -0.08064467 -0.2196378 0.04035759
seq8/frame00038.png -17.829395 7.6950254 20.394066 0.9731384 -0.10785138 -0.2023402 0.020696182
seq8/frame00039.png -16.184124 8.117294 20.216976 0.9736783 -0.11832855 -0.1946888 0.0067238496
seq8/frame00040.png -14.783382 6.149077 18.509724 0.9668799 -0.058176316 -0.245881 -0.036075685
seq8/frame00041.png -17.624472 5.908298 18.322874 0.9611039 -0.04865924 -0.27141464 0.01566613
seq8/frame00042.png -17.918137 5.5771346 16.914661 0.95826757 -0.035583343 -0.2821332 0.029289858
seq8/frame00043.png -20.066391 5.5384502 17.17897 0.95210874 -0.050239068 -0.29701024 0.052443873
seq8/frame00044.png -20.602402 5.3035703 16.53184 0.9423282 -0.053412985 -0.3214734 0.076286525
seq8/frame00045.png -21.421755 5.5004253 16.96551 0.94701844 -0.049073663 -0.31134662 0.06173216
seq8/frame00046.png -21.8927 5.275756 16.072592 0.93861645 -0.048156865 -0.33528394 0.06530736
seq8/frame00047.png -23.742355 5.5431633 16.157764 0.9440234 -0.07779122 -0.3103285 0.080401674
seq8/frame00048.png -23.186497 5.8458037 15.866817 0.95124424 -0.09948762 -0.28306 0.07151031
seq8/frame00049.png -22.411829 5.962877 15.336274 0.9612094 -0.108747974 -0.24480101 0.06574888
seq8/frame00050.png -22.90646 5.5564027 15.058642 0.9638299 -0.089510776 -0.24077111 0.07105523
seq8/frame00051.png -22.35336 5.3895526 14.41945 0.95830756 -0.093677506 -0.26247972 0.063050985
seq8/frame00052.png -23.596918 5.47874 14.0707035 0.9548499 -0.0981098 -0.27096626 0.07220343
seq8/frame00053.png -21.696934 5.1173053 12.809575 0.9673306 -0.10355544 -0.22523719 0.053067237
seq8/frame00054.png -21.161678 4.7575774 12.529655 0.96955645 -0.10769135 -0.21291777 0.05503523
seq8/frame00055.png -21.915155 5.4129596 13.144671 0.9686347 -0.07660329 -0.23451304 0.02969906
seq8/frame00056.png -22.666405 4.9540277 12.938256 0.9617174 -0.08350534 -0.25716984 0.04461007
seq8/frame00057.png -24.57785 4.5477815 12.717417 0.9580126 -0.078273185 -0.2662386 0.07212538
seq8/frame00058.png -23.880104 4.3754897 11.674038 0.95613754 -0.08265948 -0.27570385 0.054369576
seq8/frame00059.png -24.995392 4.1140227 10.912959 0.9460519 -0.109071136 -0.29589793 0.074389964
seq8/frame00060.png -26.943842 3.7814453 10.139388 0.94738007 -0.074587226 -0.29596463 0.096501596
seq8/frame00061.png -24.54319 3.663004 10.176248 0.95321894 -0.091894895 -0.28040427 0.065592356
seq8/frame00062.png -25.015636 3.9044206 10.144692 0.95916474 -0.069895364 -0.2651863 0.06923776
seq8/frame00063.png -25.628893 3.6126132 9.575835 0.9638294 -0.07297985 -0.2423733 0.08343952
seq8/frame00064.png -25.554104 3.3929358 8.567664 0.9607395 -0.05620004 -0.26292825 0.06848438
seq8/frame00065.png -25.827524 2.95699 7.972328 0.9531825 -0.044893704 -0.28589836 0.08769051
seq8/frame00066.png -26.423508 2.4377522 7.088653 0.9411586 -0.024138505 -0.3164379 0.11621176
seq8/frame00067.png -25.772718 2.3738189 7.441248 0.9472056 -0.029464057 -0.30446818 0.096085995
seq8/frame00068.png -25.77907 2.1726372 6.0588756 0.9422042 -0.03661087 -0.3199369 0.09247453
seq8/frame00069.png -26.230114 2.0908003 6.2232723 0.9457286 -0.058620494 -0.30658078 0.090385325
seq8/frame00070.png -26.240255 2.0332148 5.7174044 0.9412609 -0.041804273 -0.32169202 0.0937794
seq8/frame00071.png -25.858454 2.1360285 5.614642 0.94297993 -0.048791833 -0.31110862 0.10779488
seq8/frame00072.png -25.290985 2.0616698 5.764919 0.9369182 -0.06386147 -0.33071724 0.093445174
seq8/frame00073.png -25.589874 2.4902673 6.3076224 0.9339093 -0.08505216 -0.33013076 0.10767216
seq8/frame00074.png -23.525768 3.1820703 6.669194 0.9238566 -0.11984079 -0.3513983 0.092988096
seq8/frame00075.png -24.194637 3.0334349 6.040824 0.92488575 -0.09144529 -0.35580087 0.09813262
seq8/frame00076.png -23.987741 3.0167673 5.7918897 0.92024237 -0.102445655 -0.36416146 0.100225344
seq8/frame00077.png -23.879025 2.6626012 5.6252775 0.92350316 -0.09637387 -0.3515172 0.119538955
seq8/frame00078.png -23.049038 2.2153442 5.436543 0.93886274 -0.08048908 -0.31592846 0.11066803
seq8/frame00079.png -23.097088 1.768253 4.095273 0.9365974 -0.06395742 -0.32527885 0.11352671
seq8/frame00080.png -22.951159 1.5101429 4.019059 0.9365544 -0.05981765 -0.33007804 0.101666465
seq8/frame00081.png -22.731514 1.5635955 3.5453455 0.937282 -0.06499961 -0.32997727 0.09161091
seq8/frame00082.png -21.890167 1.0381163 3.0575817 0.94608325 -0.057132784 -0.30222166 0.10160807
seq8/frame00083.png -21.912308 1.2449081 2.7161314 0.93365353 -0.050971594 -0.34510124 0.08122826
seq8/frame00084.png -22.022358 0.8012171 1.5403546 0.9298021 -0.02606405 -0.3534089 0.09945427
seq8/frame00085.png -22.422993 0.24921604 0.43329105 0.92227364 -0.03328965 -0.37012634 0.106347695
seq8/frame00086.png -23.983229 -0.056340244 -0.68245953 0.9199002 -0.023769004 -0.36793125 0.13358653
seq8/frame00087.png -24.46489 -0.26686192 -1.712811 0.917085 -0.020796327 -0.37576875 0.13160841
seq8/frame00088.png -23.596949 -0.45554072 -1.8335088 0.9224956 -0.015186579 -0.36992273 0.109215684
seq8/frame00089.png -24.544304 -0.46396148 -2.0407863 0.91241187 -0.01843694 -0.38983563 0.123259924
seq8/frame00090.png -23.796883 -0.764502 -2.116689 0.9223688 -0.010618971 -0.37186155 0.104124755
seq8/frame00091.png -23.547085 -0.8286334 -2.5061767 0.92914444 -0.00432273 -0.3586822 0.08954855
seq8/frame00092.png -24.462132 -1.3663787 -3.5364876 0.91876966 0.0027217777 -0.38135168 0.102107435
seq8/frame00093.png -25.881645 -1.7648838 -4.133822 0.9125814 -0.0018407457 -0.38690728 0.13226739
seq8/frame00094.png -25.931164 -2.0169713 -4.975326 0.91017836 -0.015431854 -0.39542323 0.122383684
seq8/frame00095.png -25.733904 -2.0183356 -4.9329505 0.9232427 -0.014312128 -0.3732926 0.08983907
seq8/frame00096.png -25.246218 -2.0624576 -5.354984 0.9257894 -0.020981103 -0.36806443 0.08368028
seq8/frame00097.png -26.569872 -2.3184857 -6.353308 0.90624654 -0.015146055 -0.40786034 0.11017234
seq8/frame00098.png -27.613916 -2.584679 -7.266337 0.9059627 -0.0193643 -0.40332267 0.12723134
seq8/frame00099.png -27.33261 -3.0714092 -8.083647 0.90177006 -0.01333944 -0.40712297 0.1445124
seq8/frame00100.png -27.287207 -2.8704097 -7.6565514 0.88598704 -0.027333623 -0.44097087 0.14079936
seq8/frame00101.png -27.219131 -2.9090395 -8.017902 0.8740051 -0.026894245 -0.46195897 0.14827752
seq8/frame00102.png -25.78998 -2.8443508 -7.6848607 0.8741156 -0.029187493 -0.4617885 0.14772089
seq8/frame00103.png -25.7418 -3.062242 -8.080227 0.87505394 -0.022960091 -0.4542332 0.16560766
seq8/frame00104.png -24.965656 -2.8169537 -7.966767 0.86649674 -0.03265137 -0.46723023 0.17266487
seq8/frame00105.png -25.041334 -2.970411 -8.146669 0.8711443 -0.021457186 -0.45859894 0.17416729
seq8/frame00106.png -23.956596 -3.007911 -8.687933 0.86836946 -0.02827254 -0.4634348 0.17425029
seq8/frame00107.png -23.91552 -3.417857 -9.141732 0.8709399 -0.018744396 -0.45329386 0.18877779
seq8/frame00108.png -23.784464 -3.9719567 -10.366874 0.87630326 -0.015438 -0.44722232 0.17845657
seq8/frame00109.png -23.907654 -4.164448 -10.965173 0.8745098 -0.011773063 -0.4523528 0.17455919
seq8/frame00110.png -22.659222 -4.316197 -11.762444 0.88185847 -0.028750315 -0.44143957 0.16318707
seq8/frame00111.png -23.37747 -4.408511 -11.418686 0.8728648 -0.0103617655 -0.4616634 0.15769106
seq8/frame00112.png -22.965351 -4.5420423 -11.66027 0.8717165 -0.009710238 -0.45666558 0.17740543
seq8/frame00113.png -23.381058 -4.195184 -11.096994 0.865207 -0.029351361 -0.47671738 0.15262952
seq8/frame00114.png -23.711018 -4.137176 -10.880094 0.8614363 -0.034411363 -0.48274848 0.15393877
seq8/frame00115.png -24.323828 -3.5897443 -9.863408 0.8481287 -0.05616637 -0.50471026 0.15096483
seq8/frame00116.png -24.3312 -3.42654 -9.36449 0.8484637 -0.035284508 -0.4986546 0.17380625
seq8/frame00117.png -23.235209 -3.1215231 -8.757579 0.8614208 -0.051054433 -0.4770593 0.16661939
seq8/frame00118.png -25.497595 -3.5034773 -9.933054 0.85593754 -0.0468303 -0.48897022 0.161511
seq8/frame00119.png -25.520273 -3.229665 -10.028628 0.85291624 -0.06596843 -0.49608883 0.14858693
seq8/frame00120.png -26.095085 -3.6873398 -9.854234 0.85911334 -0.036539417 -0.48660603 0.15428427
seq8/frame00121.png -25.749243 -3.6315422 -9.285988 0.85441977 -0.029936364 -0.49785507 0.14563984
seq8/frame00122.png -25.207048 -3.7461517 -9.090757 0.8603224 -0.025786018 -0.48840046 0.14368637
seq8/frame00123.png -24.301094 -3.3466153 -8.695658 0.8583405 -0.056343246 -0.49120176 0.13710462
seq8/frame00124.png -23.138992 -3.0415053 -7.963487 0.85501206 -0.056842558 -0.49733713 0.13556962
seq8/frame00125.png -24.71792 -3.44584 -8.649177 0.84472114 -0.054134924 -0.50789845 0.15985899
seq8/frame00126.png -25.931778 -3.2644165 -9.039401 0.8546888 -0.07209835 -0.48266557 0.17703986
