seq4/frame00001.png -9.161494 -4.700672 -11.693838 0.9365172 0.02511674 -0.31517085 0.15161479
seq4/frame00002.png -9.184442 -4.7256885 -11.635677 0.9361205 0.021877317 -0.31781524 0.14900376
seq4/frame00003.png -9.168793 -4.7848377 -11.527944 0.9367289 0.020481521 -0.31557652 0.14976433
seq4/frame00004.png -10.623587 -4.9872346 -11.6838875 0.94691277 0.0068484778 -0.2966515 0.12410281
seq4/frame00005.png -8.334845 -5.052819 -11.751772 0.9645772 -0.011511466 -0.23883866 0.111338414
seq4/frame00006.png -8.212421 -4.872999 -11.431562 0.96881676 -0.0029937928 -0.22252549 0.10905007
seq4/frame00007.png -7.637493 -4.760826 -10.746695 0.9728562 -0.00031171466 -0.2161719 0.082547665
seq4/frame00008.png -6.883195 -4.4787316 -10.051612 0.9817672 0.0019312926 -0.1740157 0.076122545
seq4/frame00009.png -5.146172 -4.796348 -10.309543 0.99050915 0.006647562 -0.11972517 0.06821454
seq4/frame00010.png -5.01595 -4.6575136 -10.144522 0.99063706 0.020164618 -0.11931227 0.06364799
seq4/frame00011.png -2.300089 -4.2570157 -9.547133 0.9982467 0.022796761 -0.05113794 0.017779749
seq4/frame00012.png -1.7150965 -4.1758695 -8.941006 0.9952327 0.027973566 -0.076642156 0.05349323
seq4/frame00013.png -2.0672636 -4.1241612 -8.85631 0.99916995 0.015911313 0.026131408 0.027231855
seq4/frame00014.png -0.8730102 -3.84173 -7.5069213 0.9980628 -0.0011563947 -0.061330218 0.010150781
seq4/frame00015.png 0.8780601 -3.4299412 -6.9273586 0.99907863 0.0022584351 -0.04063674 0.0068728696
seq4/frame00016.png 0.38771367 -3.658893 -7.3091598 0.99736077 -0.0035469416 0.07196534 -0.006397278
seq4/frame00017.png 2.1723452 -2.598962 -6.215119 0.9996339 -0.022193585 -0.0013550414 -0.013644595
seq4/frame00018.png 1.6747315 -2.8215914 -6.162204 0.9984488 -0.03511636 0.04355047 -0.0013111456
seq4/frame00019.png 1.4467598 -2.4270685 -5.163769 0.9969662 -0.051828243 0.05038545 -0.029131345
seq4/frame00020.png 2.367758 -2.1438797 -4.6267233 0.9951633 -0.078673705 0.055244423 -0.017452095
seq4/frame00021.png 2.3773923 -1.7879491 -4.154748 0.9880482 -0.09594533 0.120308004 0.0019354587
seq4/frame00022.png 3.2795744 -1.6516471 -3.5456142 0.9927284 -0.08883655 0.08122693 -0.0035063333
seq4/frame00023.png 3.1481972 -1.4689401 -3.1325848 0.99240386 -0.06275768 0.10579975 0.006649846
seq4/frame00024.png 3.2599049 -0.9002438 -2.384847 0.99553996 -0.06417468 0.06969443 0.0005689755
seq4/frame00025.png 2.1025312 -0.61407715 -1.9463326 0.99808747 -0.04202258 0.04475242 -0.00702888
seq4/frame00026.png 3.1588862 -0.37770116 -1.2855492 0.9929548 -0.03198373 0.1125022 -0.023686815
seq4/frame00027.png 2.4777162 -0.29942638 -0.9658859 0.99761546 -0.012235918 0.06732614 -0.00762185
seq4/frame00028.png 3.8269818 -0.20415294 -0.34941596 0.9934555 -0.02806318 0.10958868 -0.013646392
seq4/frame00029.png 4.0193143 -0.011180814 0.13831234 0.9878001 -0.050164036 0.14214204 -0.039383043
seq4/frame00030.png 4.0792885 0.21147044 0.70315677 0.9874978 -0.06887626 0.1373582 -0.03541782
seq4/frame00031.png 4.9219394 0.35493597 1.0508909 0.98874855 -0.03286082 0.14134394 -0.035859548
seq4/frame00032.png 5.4109683 0.5429197 1.1753976 0.98886687 -0.027091723 0.14316046 -0.029353108
seq4/frame00033.png 5.3081965 0.9170289 2.6559582 0.988885 -0.0124125285 0.14048982 -0.047710612
seq4/frame00034.png 5.849916 1.1898705 3.201518 0.98168707 -0.04542177 0.17868128 -0.04777998
seq4/frame00035.png 6.1849637 1.2530316 2.7099273 0.9912974 -0.046335775 0.12155199 -0.019011173
seq4/frame00036.png 7.1139183 1.5863907 3.3262124 0.9902363 -0.046923276 0.13173328 -0.006240479
seq4/frame00037.png 7.967832 1.2658898 3.555749 0.991784 -0.03998127 0.119580455 -0.020035041
seq4/frame00038.png 7.8833737 1.9126698 4.7031927 0.9899242 -0.028478043 0.13768013 -0.012559405
seq4/frame00039.png 8.458234 1.9725454 4.7911253 0.98249793 -0.026843263 0.18262668 -0.026428798
seq4/frame00040.png 10.240044 2.067619 5.3196096 0.98070633 -0.008010352 0.18851729 -0.051663786
seq4/frame00041.png 11.150122 2.127293 4.764231 0.97590864 -0.023718327 0.20905253 -0.056971144
seq4/frame00042.png 11.439749 2.112529 4.8781486 0.978623 -0.039542247 0.19339068 -0.05739602
seq4/frame00043.png 12.660546 2.154404 4.829905 0.9777775 -0.035127115 0.20182395 -0.045542408
seq4/frame00044.png 12.586077 1.6699194 3.8091857 0.9790784 -0.03731362 0.1929569 -0.052995678
seq4/frame00045.png 12.966885 1.9763209 3.6313195 0.96600515 -0.0627221 0.23814401 -0.0799487
seq4/frame00046.png 13.599899 1.3230222 2.5236893 0.9755363 -0.036791988 0.20775983 -0.06243388
seq4/frame00047.png 13.198856 1.1413561 1.8583689 0.9695064 -0.043388013 0.22215897 -0.09467261
seq4/frame00048.png 12.440964 1.2284155 2.0738661 0.9697145 -0.05382982 0.22542828 -0.07747904
seq4/frame00049.png 12.119596 1.2937832 1.7240589 0.97163475 -0.07724155 0.21121895 -0.07282151
seq4/frame00050.png 11.091841 1.042379 1.6586953 0.96490514 -0.08271075 0.23193212 -0.091616295
seq4/frame00051.png 9.271153 0.9664723 2.7889593 0.97124064 -0.1092433 0.1903056 -0.09170203
seq4/frame00052.png 6.9907136 1.0940055 2.4774806 0.96904653 -0.11463617 0.19203523 -0.10425511
seq4/frame00053.png 5.7891765 1.7123145 3.937135 0.9700326 -0.10876495 0.19404009 -0.09887976
seq4/frame00054.png 7.0792675 1.0184444 2.3079407 0.9689007 -0.07785633 0.22668006 -0.061715912
seq4/frame00055.png 5.5804234 0.926914 2.381649 0.981054 -0.07088124 0.17328031 -0.049771015
seq4/frame00056.png 5.8087263 0.52312136 1.9392568 0.9885004 -0.03399671 0.12554005 -0.077054106
seq8/frame00001.png 1.7195953 4.661236 10.758296 0.99885607 -0.04160321 0.021894451 -0.003165327
seq8/frame00002.png 1.7942142 4.6151137 10.568517 0.99884075 -0.038692184 0.027824016 0.00093799044
seq8/frame00003.png 1.3296227 4.47366 10.787417 0.99913234 -0.034120154 0.01990911 0.0027255223
seq8/frame00004.png 1.6605686 4.458726 10.843028 0.99922824 -0.021062901 -0.0009260656 0.035060875
seq8/frame00005.png 1.0930603 4.444277 11.407764 0.99411887 -0.022412766 -0.10462036 0.016835887
seq8/frame00006.png 0.4803424 4.761302 11.589895 0.995433 -0.043834116 -0.08195589 -0.018268272
seq8/frame00007.png -1.0487248 5.0222692 12.355466 0.9906666 -0.024749832 -0.12713099 -0.041853804
seq8/frame00008.png -0.9037489 5.13344 12.356612 0.98887366 -0.005164733 -0.14085579 -0.048352264
seq8/frame00009.png -0.63920504 4.8478065 12.196527 0.99076575 0.008229611 -0.1315898 -0.031956594
seq8/frame00010.png -1.7890475 4.9276614 11.970549 0.9897381 -0.006401146 -0.13934089 -0.03135141
seq8/frame00011.png -2.8820527 4.7773037 12.5911 0.99090135 -0.0037162774 -0.13464946 0.0020913628
seq8/frame00012.png -3.3331409 4.288842 11.827329 0.99166596 -0.0042979387 -0.12863621 0.0061151255
seq8/frame00013.png -3.6382446 3.876161 11.215342 0.9961485 0.018941937 -0.085941404 -0.0039176433
seq8/frame00014.png -4.846953 4.3249826 11.099416 0.99292755 -0.0020045962 -0.118658766 -0.004651848
seq8/frame00015.png -5.4682126 4.4830904 11.223839 0.9943758 0.016887095 -0.10383699 -0.016653344
seq8/frame00016.png -7.273922 4.4850655 11.768204 0.99110544 -0.005948351 -0.1321891 0.0035940453
seq8/frame00017.png -6.4251475 5.2813964 12.398218 0.9941217 0.0028318933 -0.09838845 -0.04620135
seq8/frame00018.png -7.766145 5.429865 12.76635 0.9911224 -0.0019803317 -0.12510204 -0.043378614
seq8/frame00019.png -9.28867 5.561398 13.2545395 0.995435 -0.0074525718 -0.087844305 -0.036089316
seq8/frame00020.png -9.013307 5.5564623 13.441704 0.99287975 -0.015082552 -0.11331753 -0.031235777
seq8/frame00021.png -9.569896 5.5564156 13.344981 0.99486256 -0.021156851 -0.09260976 -0.03512845
seq8/frame00022.png -10.481904 5.562865 13.44592 0.9948229 -0.02222292 -0.09722758 -0.01637056
seq8/frame00023.png -10.104647 5.9875298 13.820264 0.99254054 -0.021463102 -0.11065653 -0.046343062
seq8/frame00024.png -13.028168 5.294767 13.356209 0.9813803 -0.04076333 -0.18776752 -0.0030363966
seq8/frame00025.png -13.846094 5.8169737 14.0349865 0.9874741 -0.043729447 -0.15096076 0.014779217
seq8/frame00026.png -12.984439 5.562336 14.935168 0.99365115 -0.041507795 -0.10510383 0.0027400132
seq8/frame00027.png -14.53467 5.748577 15.054835 0.9827769 -0.081996985 -0.16520624 -5.3826175e-06
seq8/frame00028.png -11.88464 6.1018434 16.579973 0.99215007 -0.022542257 -0.10830607 -0.05828313
seq8/frame00029.png -9.640707 6.218266 16.38585 0.99737763 -0.04028624 -0.01052572 -0.05885251
seq8/frame00030.png -9.358878 6.985714 16.954662 0.9883011 -0.03845448 -0.13447617 -0.06137179
seq8/frame00031.png -13.011037 6.462682 18.343088 0.9945708 -0.05083971 -0.08560134 -0.030482324
seq8/frame00032.png -14.691741 6.502842 18.613829 0.9960031 -0.03252457 -0.082424276 -0.0076164
seq8/frame00033.png -14.614704 6.649481 19.11812 0.9946518 -0.033226226 -0.09756687 -0.008355489
seq8/frame00034.png -15.209395 6.4509172 18.159775 0.9841312 -0.023161402 -0.17579404 -0.009787092
seq8/frame00035.png -15.765372 6.479103 17.896935 0.97712916 -0.021829808 -0.20962062 -0.027719386
seq8/frame00036.png -17.068996 6.6614413 18.216288 0.97312 -0.021896372 -0.22877538 -0.017192442
seq8/frame00037.png -18.475689 7.009826 19.080177 0.97959775 -0.081030436 -0.18131888 0.02775226
seq8/frame00038.png -18.093674 7.751305 20.24783 0.9815501 -0.113158695 -0.15484597 0.0019741836
seq8/frame00039.png -16.49091 8.069879 20.018764 0.98666984 -0.12439677 -0.10400028 -0.011122612
seq8/frame00040.png -15.504765 6.2287345 18.823414 0.9819117 -0.06730876 -0.16641814 -0.059981726
seq8/frame00041.png -17.905045 6.025698 18.537786 0.9671954 -0.051006846 -0.24844055 -0.015340843
seq8/frame00042.png -18.87313 5.951973 17.797962 0.9569932 -0.03905327 -0.28742513 0.013501866
seq8/frame00043.png -20.231724 5.5982995 17.26569 0.9595608 -0.044774983 -0.27644905 0.026586005
seq8/frame00044.png -20.969254 5.541669 17.068647 0.9438833 -0.041749027 -0.32177207 0.06180646
seq8/frame00045.png -21.146866 5.4377565 16.720078 0.9562085 -0.043954644 -0.28431436 0.054987803
seq8/frame00046.png -22.248165 5.3276334 16.249228 0.94246155 -0.05128331 -0.322058 0.07446194
seq8/frame00047.png -23.393831 5.4478765 15.745727 0.9528335 -0.07567835 -0.283208 0.07822381
seq8/frame00048.png -23.408567 5.730676 15.819266 0.9646126 -0.10348754 -0.23105486 0.07465852
seq8/frame00049.png -22.225323 5.88628 14.85447 0.97599274 -0.11841594 -0.17244165 0.060346548
seq8/frame00050.png -22.603054 5.3511667 14.745992 0.97287357 -0.09979634 -0.20003535 0.059973963
seq8/frame00051.png -22.593622 5.3386235 14.278285 0.96960247 -0.1035755 -0.21529809 0.05315766
seq8/frame00052.png -23.288973 5.318844 13.714784 0.96221703 -0.11224565 -0.24037728 0.060091592
seq8/frame00053.png -21.476023 5.113073 12.690131 0.9647252 -0.13032545 -0.22735132 0.020704407
seq8/frame00054.png -22.281181 4.9990997 12.842538 0.9822377 -0.12292938 -0.1367583 0.037471358
seq8/frame00055.png -23.306768 5.4658775 13.329471 0.980703 -0.10047383 -0.16333008 0.038458843
seq8/frame00056.png -23.58319 5.019527 13.038695 0.98156255 -0.09206991 -0.16348852 0.03805517
seq8/frame00057.png -24.67167 4.3418164 12.271295 0.97391456 -0.08771952 -0.20283881 0.052735917
seq8/frame00058.png -24.871273 4.595397 11.9256 0.9767006 -0.09696906 -0.18649895 0.042805362
seq8/frame00059.png -25.179277 4.0845313 10.8904705 0.95495373 -0.119100586 -0.2653497 0.059200574
seq8/frame00060.png -26.146074 3.7691593 9.648899 0.96347195 -0.08123901 -0.24261388 0.07942973
seq8/frame00061.png -25.2324 3.4809463 10.201427 0.96543556 -0.1029492 -0.23272176 0.05707678
seq8/frame00062.png -25.609304 3.8030913 10.099676 0.97199994 -0.092224464 -0.20748396 0.06020092
seq8/frame00063.png -26.242895 3.4173703 9.454637 0.9752528 -0.08711135 -0.19168173 0.0675626
seq8/frame00064.png -26.326897 3.3923328 8.462985 0.97124916 -0.06869496 -0.21915181 0.06261858
seq8/frame00065.png -24.991404 2.803232 7.3794365 0.95443505 -0.0526397 -0.2841036 0.07395431
seq8/frame00066.png -26.366144 2.3925853 6.859186 0.95166385 -0.018813524 -0.28837135 0.10477228
seq8/frame00067.png -26.247786 2.3634863 7.6085362 0.9540791 -0.030035127 -0.28486177 0.08681734
seq8/frame00068.png -26.271822 2.1878245 6.245916 0.9460006 -0.041954115 -0.3129146 0.07276911
seq8/frame00069.png -26.169027 2.0581448 6.1401486 0.94894725 -0.06293443 -0.29974762 0.07529482
seq8/frame00070.png -25.806025 1.9793893 5.604359 0.9417303 -0.04924209 -0.32287297 0.08044773
seq8/frame00071.png -25.17443 2.0687742 5.3654304 0.94625187 -0.056110583 -0.30643728 0.0870861
seq8/frame00072.png -24.580025 2.0043414 5.5153613 0.93540585 -0.071459755 -0.3361275 0.084066525
seq8/frame00073.png -24.362434 2.411533 5.8726306 0.9373983 -0.08911842 -0.32570595 0.084586434
seq8/frame00074.png -23.195112 3.1566036 6.309966 0.93165207 -0.12710814 -0.333976 0.06636003
seq8/frame00075.png -23.373976 2.9460156 5.715956 0.92176944 -0.09505704 -0.364588 0.09203856
seq8/frame00076.png -22.908875 2.87866 5.334749 0.9258041 -0.10992622 -0.34899268 0.09465588
seq8/frame00077.png -22.229914 2.5191731 4.9708495 0.93325853 -0.097422175 -0.33305517 0.0923891
seq8/frame00078.png -21.696852 2.132954 4.8947415 0.94078046 -0.08452742 -0.31457424 0.09402603
seq8/frame00079.png -21.95192 1.7110889 3.7012923 0.9354755 -0.07046447 -0.32921448 0.10676781
seq8/frame00080.png -21.719652 1.435244 3.5894258 0.9345284 -0.07049051 -0.3322723 0.10593743
seq8/frame00081.png -22.034142 1.5709388 3.4174457 0.9315059 -0.07569715 -0.34249142 0.09609917
seq8/frame00082.png -20.939962 1.0186783 2.7358873 0.94453454 -0.06375802 -0.3111236 0.08323585
seq8/frame00083.png -21.041231 1.169935 2.3259273 0.92902124 -0.05689516 -0.35672462 0.08035231
seq8/frame00084.png -21.10474 0.7174358 1.1715989 0.92762417 -0.031674147 -0.361029 0.08990529
seq8/frame00085.png -21.646643 0.16703312 0.24220353 0.9173236 -0.041492682 -0.38205346 0.10417164
seq8/frame00086.png -24.119234 -0.049312953 -0.66588867 0.92336607 -0.032280385 -0.36138156 0.12621094
seq8/frame00087.png -24.450064 -0.26211053 -1.6608219 0.91830015 -0.029897716 -0.37615958 0.11962441
seq8/frame00088.png -22.76867 -0.4854378 -1.972605 0.9199974 -0.00856262 -0.3790751 0.09980499
seq8/frame00089.png -23.915306 -0.5521211 -2.3112054 0.9003898 -0.026622169 -0.4180143 0.11803793
seq8/frame00090.png -23.173431 -0.7866374 -2.2936573 0.9187941 0.000612982 -0.38248393 0.09702174
seq8/frame00091.png -23.221077 -0.8367746 -2.568693 0.9257361 -0.0052354042 -0.36979708 0.07863637
seq8/frame00092.png -23.884111 -1.3035314 -3.4556756 0.9194609 0.0123068 -0.3817282 0.09399308
seq8/frame00093.png -24.950886 -1.7256527 -4.186524 0.91255987 0.004911484 -0.3889949 0.12569883
seq8/frame00094.png -25.109743 -2.015907 -4.969761 0.9053964 -0.02529404 -0.40480116 0.12513474
seq8/frame00095.png -25.284729 -2.0316167 -4.982338 0.9192912 -0.023386601 -0.38141793 0.0942764
seq8/frame00096.png -24.461218 -2.0962968 -5.382967 0.9211002 -0.020498058 -0.38068327 0.07971422
seq8/frame00097.png -26.173115 -2.3439567 -6.2923055 0.8987426 -0.01192649 -0.42170483 0.119473845
seq8/frame00098.png -26.657484 -2.6127899 -7.1648927 0.9010008 -0.02075094 -0.41047183 0.13905613
seq8/frame00099.png -26.37345 -3.0126886 -7.935367 0.8944942 -0.009731946 -0.42124447 0.14925984
seq8/frame00100.png -26.524635 -2.8004448 -7.499912 0.8800912 -0.02151007 -0.44912282 0.15247801
seq8/frame00101.png -26.386347 -2.884106 -7.942233 0.8700122 -0.015547644 -0.46579435 0.16059622
seq8/frame00102.png -25.69364 -2.966962 -7.8203096 0.8576582 -0.018414343 -0.48287946 0.1760604
seq8/frame00103.png -25.345358 -3.0950882 -8.119675 0.85545653 -0.017243322 -0.48209745 0.1886334
seq8/frame00104.png -24.5422 -2.826427 -7.971738 0.8489876 -0.02009576 -0.48896617 0.19913498
seq8/frame00105.png -24.651255 -2.8928041 -8.072503 0.8507673 -0.02134698 -0.4866107 0.19749314
seq8/frame00106.png -24.685303 -3.326994 -9.302462 0.8362144 -0.032939546 -0.5098296 0.19941247
seq8/frame00107.png -23.461958 -3.3505394 -9.036464 0.85482603 -0.01771536 -0.47562122 0.20665185
seq8/frame00108.png -22.331047 -3.8757498 -10.155275 0.8701253 -0.008573168 -0.45220098 0.19627956
seq8/frame00109.png -23.614683 -4.222732 -10.965064 0.8670579 -0.0079256855 -0.46292296 0.18415588
seq8/frame00110.png -21.442791 -4.2283344 -11.489141 0.8872703 -0.016415942 -0.42281187 0.18315655
seq8/frame00111.png -22.165976 -4.374985 -11.18618 0.8599581 -0.003289332 -0.47365642 0.19006842
seq8/frame00112.png -22.539951 -4.5049396 -11.64667 0.8672758 0.011912551 -0.45992506 0.19016117
seq8/frame00113.png -23.366215 -4.450892 -11.405175 0.858184 -0.030209292 -0.48143825 0.17530064
seq8/frame00114.png -24.313305 -4.4395037 -11.214262 0.8517966 -0.03227257 -0.49181634 0.17769161
seq8/frame00115.png -25.225153 -3.902162 -10.0633955 0.838122 -0.06359274 -0.50066286 0.20662928
seq8/frame00116.png -25.46152 -3.9524264 -9.962568 0.83744967 -0.04097306 -0.49748906 0.22260202
seq8/frame00117.png -25.229294 -3.712851 -9.56738 0.8175057 -0.05161251 -0.5310357 0.21671501
seq8/frame00118.png -27.150259 -4.0870013 -10.661582 0.8277299 -0.057147264 -0.51488936 0.21546613
seq8/frame00119.png -28.155884 -3.9410439 -11.13032 0.81995934 -0.07622689 -0.5330831 0.19410157
seq8/frame00120.png -26.870516 -4.3237305 -10.698438 0.82941645 -0.03933832 -0.5137438 0.21560295
seq8/frame00121.png -26.03754 -4.4645123 -10.092829 0.8266919 -0.04833811 -0.5194658 0.21035565
seq8/frame00122.png -25.031754 -4.25217 -9.712862 0.8460329 -0.023173593 -0.5005143 0.18245919
seq8/frame00123.png -25.991817 -3.9142978 -9.601638 0.833432 -0.04343152 -0.5251307 0.16632377
seq8/frame00124.png -24.650074 -3.098437 -8.187034 0.82569844 -0.046592917 -0.5378419 0.16354796
seq8/frame00125.png -26.834301 -4.324815 -9.455451 0.8301981 -0.061199155 -0.51619923 0.20165303
seq8/frame00126.png -27.179443 -3.8643649 -9.718252 0.8320143 -0.07422421 -0.50202674 0.22404163
