seq4/frame00001.png -8.843911 -4.9278483 -11.779617 0.9376912 0.035419628 -0.30787742 0.15767819
seq4/frame00002.png -8.804417 -4.9432054 -11.715054 0.9391067 0.0327371 -0.30730236 0.15022326
seq4/frame00003.png -8.76225 -4.981664 -11.616387 0.9399463 0.029888904 -0.3043452 0.15169066
seq4/frame00004.png -10.852652 -4.9461546 -11.723307 0.94357145 0.006396315 -0.30493423 0.12932637
seq4/frame00005.png -8.059253 -4.7712297 -11.257344 0.96825975 -0.016031032 -0.2207523 0.11600355
seq4/frame00006.png -7.6300273 -4.6651692 -10.729622 0.9738995 -0.013246916 -0.19733499 0.11153239
seq4/frame00007.png -7.0308566 -4.592851 -10.299302 0.97831154 -0.004165254 -0.18937653 0.08346951
seq4/frame00008.png -6.6494093 -4.415408 -9.819723 0.9826825 -0.0036997981 -0.16765025 0.07920605
seq4/frame00009.png -6.1149206 -4.544999 -9.322024 0.9879985 -0.011086547 -0.13983595 0.06371147
seq4/frame00010.png -5.7014446 -4.4964423 -9.037465 0.98982126 0.006522558 -0.12849802 0.061392993
seq4/frame00011.png -1.6778723 -4.265004 -9.810719 0.99903303 0.026983093 -0.02148412 0.024001092
seq4/frame00012.png -2.0267613 -4.614105 -9.953694 0.99555665 0.04432974 -0.07273408 0.041498218
seq4/frame00013.png -1.3159252 -4.1314154 -8.649946 0.9990232 0.0086761825 0.043233097 0.007927711
seq4/frame00014.png -1.2820235 -3.6044428 -7.490951 0.99696445 -0.005682716 -0.07651964 0.014928234
seq4/frame00015.png 2.0575745 -3.0972018 -6.7804017 0.9998283 -0.012170346 -0.008439954 -0.00029947908
seq4/frame00016.png -0.17756036 -3.8701427 -8.103684 0.99966717 -0.0012663758 0.020709494 -0.016376968
seq4/frame00017.png 3.320896 -2.3237562 -5.796602 0.9987536 -0.036139626 0.02666855 -0.022160755
seq4/frame00018.png 1.6738759 -2.602428 -5.710104 0.997953 -0.042235974 0.044659644 -0.0143030165
seq4/frame00019.png 1.5913336 -2.234183 -4.859312 0.99607486 -0.05879652 0.054626126 -0.035098452
seq4/frame00020.png 2.5509517 -2.2450225 -4.81026 0.99515504 -0.07539075 0.05977835 -0.020807488
seq4/frame00021.png 0.6994846 -1.9717935 -4.5661335 0.99244976 -0.08829618 0.084513605 -0.0030390937
seq4/frame00022.png 3.0719676 -1.6960826 -3.5644703 0.992761 -0.09004242 0.07956087 -0.009338234
seq4/frame00023.png 2.1547475 -1.6663545 -3.4855573 0.9940345 -0.059146006 0.09125427 0.0018031503
seq4/frame00024.png 3.1737807 -0.919587 -2.6374323 0.99576765 -0.06125606 0.068745814 5.6191682e-05
seq4/frame00025.png 1.9408493 -0.7249148 -2.2589052 0.99810964 -0.04155231 0.04482427 -0.010464015
seq4/frame00026.png 2.416104 -0.5441903 -1.722556 0.99369645 -0.029613424 0.10450657 -0.026785668
seq4/frame00027.png 2.8541698 -0.35839257 -1.2190545 0.9971869 -0.013402883 0.07345765 -0.008078143
seq4/frame00028.png 3.320718 -0.30946237 -0.6314755 0.9939721 -0.029799704 0.10390049 -0.014155964
seq4/frame00029.png 3.6983013 -0.12174994 -0.19599155 0.9886479 -0.046650648 0.1367601 -0.04137431
seq4/frame00030.png 4.359857 0.11980687 0.31538132 0.9862574 -0.06952238 0.14544097 -0.03735482
seq4/frame00031.png 5.0334735 0.35690185 0.48445824 0.9879543 -0.03391821 0.14658797 -0.036854856
seq4/frame00032.png 5.5648174 0.54403365 0.8821197 0.98780817 -0.030438786 0.14897978 -0.03135179
seq4/frame00033.png 6.134723 0.6265537 1.404741 0.9870139 -0.0063522034 0.15460512 -0.04135923
seq4/frame00034.png 6.507389 1.0075552 2.2384064 0.97877353 -0.04635296 0.19465779 -0.043832745
seq4/frame00035.png 7.704799 1.0268687 2.3454366 0.98761135 -0.0458779 0.14888078 -0.018375866
seq4/frame00036.png 7.948827 1.1638168 2.6034498 0.987774 -0.043828562 0.14944255 -0.0063212425
seq4/frame00037.png 8.584381 1.3224382 3.172966 0.9900329 -0.04143658 0.13298976 -0.019965189
seq4/frame00038.png 8.512459 1.8515165 4.1342688 0.98789257 -0.028960895 0.1514213 -0.012801874
seq4/frame00039.png 9.789645 1.9092029 4.0299287 0.97732663 -0.030348293 0.20731038 -0.031217273
seq4/frame00040.png 10.139977 1.8502696 4.507917 0.9812006 -0.006689117 0.18594214 -0.05213426
seq4/frame00041.png 10.659347 2.07956 4.380599 0.97588557 -0.024818871 0.20905009 -0.057742175
seq4/frame00042.png 11.27638 1.9847287 4.1708536 0.9773744 -0.039902527 0.19919978 -0.05827286
seq4/frame00043.png 12.169392 2.0602324 4.2587347 0.97978073 -0.03132472 0.19205388 -0.045448318
seq4/frame00044.png 11.889592 1.6901393 3.4966943 0.9809227 -0.041513972 0.18167038 -0.056476373
seq4/frame00045.png 12.219695 1.8109279 3.0584366 0.96807426 -0.062474225 0.2284932 -0.08222707
seq4/frame00046.png 12.695681 1.4005826 2.4274123 0.97702336 -0.03969317 0.19921266 -0.06491594
seq4/frame00047.png 12.600227 1.2386653 1.8437904 0.97191036 -0.041687883 0.2100915 -0.09649036
seq4/frame00048.png 11.634075 1.2502236 1.8887937 0.97228956 -0.056931194 0.21167158 -0.0810562
seq4/frame00049.png 11.201544 1.2445282 1.5311139 0.9760913 -0.07226152 0.19247673 -0.07070926
seq4/frame00050.png 10.475748 0.89540696 1.296076 0.967777 -0.08330756 0.2201479 -0.089816004
seq4/frame00051.png 10.480733 1.33318 3.4947655 0.96808463 -0.1122509 0.20660575 -0.08722088
seq4/frame00052.png 8.332397 0.94789964 2.3293805 0.964841 -0.11472384 0.2150309 -0.09849499
seq4/frame00053.png 6.6894727 1.2882217 3.0027418 0.9649281 -0.10938206 0.21927483 -0.09552508
seq4/frame00054.png 6.8787003 0.92958134 1.7744648 0.96650964 -0.08051084 0.23517694 -0.064535
seq4/frame00055.png 6.9587855 0.7522832 1.2549322 0.9754054 -0.06771344 0.20218423 -0.055303074
seq4/frame00056.png 6.337708 0.49128774 1.1724538 0.9864424 -0.033327416 0.14201052 -0.07482444
seq8/frame00001.png 1.7322848 4.40077 9.958144 0.99913496 -0.03521261 0.021670055 -0.0036403362
seq8/frame00002.png 1.7193133 4.3850503 9.776052 0.9990826 -0.03556381 0.02114542 -0.00028780987
seq8/frame00003.png 1.5292376 4.202418 10.089293 0.99934477 -0.030785229 0.01939619 0.00034897545
seq8/frame00004.png 1.5087376 4.2982755 10.027958 0.9992734 -0.01967605 -0.004627155 0.032578252
seq8/frame00005.png 1.1826078 4.541371 10.78637 0.99386656 -0.023593295 -0.106075004 0.01701932
seq8/frame00006.png 0.2948069 4.479896 10.724808 0.99533343 -0.041040212 -0.08625993 -0.011295957
seq8/frame00007.png -0.3589796 4.586304 11.185195 0.99243253 -0.021259934 -0.11650007 -0.03185365
seq8/frame00008.png -1.0057162 4.6828623 11.455009 0.99002767 0.00059721887 -0.13378957 -0.043837495
seq8/frame00009.png -1.7271228 4.658326 11.631874 0.98953706 0.010983292 -0.14041251 -0.032305628
seq8/frame00010.png -2.6153057 4.7799063 11.739236 0.98740655 -0.0076712705 -0.15610738 -0.024575705
seq8/frame00011.png -3.5521114 4.7537837 12.17023 0.989492 -0.0014190177 -0.14447416 0.010659593
seq8/frame00012.png -4.5543942 4.534259 11.6391945 0.989753 0.00031506506 -0.14251041 0.009296053
seq8/frame00013.png -5.2668085 3.8614771 11.366398 0.9931219 0.019685406 -0.11497885 0.0060853492
seq8/frame00014.png -5.8031554 4.346971 11.063858 0.9917882 0.0023824938 -0.12754034 -0.0014294046
seq8/frame00015.png -6.2097435 4.4826264 11.2006445 0.99327266 0.018299844 -0.11303113 -0.012845116
seq8/frame00016.png -7.2712007 4.5155683 11.583649 0.99156684 -0.0053617028 -0.12979496 0.009762834
seq8/frame00017.png -7.141484 5.48642 12.012049 0.9931975 0.0001640302 -0.1067551 -0.044619653
seq8/frame00018.png -8.563776 5.4152083 12.074702 0.99003 -0.0027425282 -0.13514051 -0.038335327
seq8/frame00019.png -9.130696 5.455871 12.396402 0.9956668 -0.0069807726 -0.08583579 -0.034307644
seq8/frame00020.png -9.174132 5.5143976 12.805957 0.9935644 -0.014370222 -0.10880874 -0.028125359
seq8/frame00021.png -9.538825 5.4140944 12.3992195 0.9944038 -0.020098105 -0.09718742 -0.034853674
seq8/frame00022.png -10.468791 5.359464 12.535092 0.99468374 -0.02610694 -0.09731155 -0.017957922
seq8/frame00023.png -9.374725 5.613179 12.572799 0.99387616 -0.019858466 -0.10065669 -0.042708218
seq8/frame00024.png -12.562361 5.2425117 13.217222 0.9816631 -0.043511894 -0.18546417 0.0043483707
seq8/frame00025.png -13.272669 5.5858064 13.181415 0.98804826 -0.045164615 -0.146143 0.017939659
seq8/frame00026.png -13.095746 5.549206 14.613385 0.9933091 -0.044873238 -0.10608288 0.006896918
seq8/frame00027.png -14.092974 5.616403 14.308441 0.9849356 -0.081307165 -0.15258732 0.0045189178
seq8/frame00028.png -12.352081 6.0686336 16.858482 0.995895 -0.028409375 -0.0674688 -0.052882075
seq8/frame00029.png -9.150688 6.225701 16.208704 0.9963156 -0.03721623 -0.05954973 -0.050491564
seq8/frame00030.png -9.459107 7.879373 16.78585 0.98987275 -0.050294332 -0.11781796 -0.06107114
seq8/frame00031.png -13.165795 6.453545 18.253428 0.99716467 -0.051578596 -0.042628538 -0.033800025
seq8/frame00032.png -14.6710005 6.602326 18.108366 0.99524957 -0.03414939 -0.09030475 -0.014585492
seq8/frame00033.png -14.492602 6.6762676 18.773031 0.9949479 -0.037698317 -0.09174251 -0.013557638
seq8/frame00034.png -15.363621 6.5871124 18.672823 0.98550045 -0.02262535 -0.16823798 -0.0071398527
seq8/frame00035.png -16.960226 6.7118416 19.156054 0.9769564 -0.020006914 -0.21121201 -0.024080832
seq8/frame00036.png -17.460121 6.7386227 18.94495 0.9747883 -0.022774607 -0.22151373 -0.011561417
seq8/frame00037.png -18.518103 6.929641 18.965288 0.98080987 -0.07846028 -0.17696467 0.025129186
seq8/frame00038.png -18.233648 7.7927485 19.596886 0.9810583 -0.11976813 -0.15218227 0.0042830263
seq8/frame00039.png -16.510994 7.97766 19.827135 0.98651594 -0.1237557 -0.10544387 -0.015431017
seq8/frame00040.png -16.241623 6.4948125 20.043982 0.98106974 -0.0641743 -0.17257135 -0.06138012
seq8/frame00041.png -19.669516 6.6743336 20.192287 0.9638322 -0.05936905 -0.25940755 -0.012320998
seq8/frame00042.png -20.513626 6.500153 19.278282 0.9538743 -0.03722413 -0.2975138 0.016104093
seq8/frame00043.png -21.183191 5.868966 17.882536 0.9587924 -0.044868615 -0.2787981 0.029874828
seq8/frame00044.png -21.660645 5.766787 17.582462 0.9426403 -0.042937223 -0.32455555 0.06467684
seq8/frame00045.png -21.336193 5.44821 16.960552 0.95586985 -0.04768946 -0.28431478 0.056091834
seq8/frame00046.png -22.030323 5.381419 16.145182 0.94194335 -0.047627017 -0.32442537 0.07291343
seq8/frame00047.png -23.310045 5.7019844 15.359767 0.9509862 -0.08126167 -0.28744423 0.08034683
seq8/frame00048.png -23.340631 5.780226 14.77548 0.9590696 -0.10957767 -0.25125968 0.0716957
seq8/frame00049.png -22.834213 6.030087 14.408366 0.97036254 -0.123426996 -0.19911785 0.059636116
seq8/frame00050.png -22.495056 5.1254435 13.905617 0.97354233 -0.09851708 -0.19781747 0.058825176
seq8/frame00051.png -22.83468 5.106737 13.740137 0.97030276 -0.102231674 -0.21403597 0.046957552
seq8/frame00052.png -23.343037 5.063298 13.3348465 0.9651257 -0.10819181 -0.23051544 0.060320873
seq8/frame00053.png -22.615128 4.9284983 13.013061 0.9736375 -0.12424337 -0.18893565 0.030282814
seq8/frame00054.png -23.002556 4.9351106 13.157328 0.9792887 -0.12617713 -0.15454839 0.034867506
seq8/frame00055.png -21.474869 5.433398 12.712913 0.9661685 -0.09465722 -0.23779218 0.030383116
seq8/frame00056.png -23.497772 4.987926 12.44592 0.9778945 -0.093565986 -0.18312678 0.039515987
seq8/frame00057.png -24.778767 4.2890124 11.985174 0.96915424 -0.090797156 -0.22146282 0.057993054
seq8/frame00058.png -24.937649 4.5902457 11.570064 0.9715614 -0.09815865 -0.21073411 0.045566466
seq8/frame00059.png -26.267645 4.4050665 10.737117 0.9537409 -0.12319367 -0.2681751 0.057108637
seq8/frame00060.png -26.731783 3.8402538 9.732756 0.9598195 -0.085656054 -0.25400862 0.08325665
seq8/frame00061.png -26.635206 3.8541386 11.020624 0.96392804 -0.10729656 -0.23792934 0.052578986
seq8/frame00062.png -26.8044 4.0927615 10.374557 0.96953636 -0.09485907 -0.21763237 0.06030388
seq8/frame00063.png -26.916033 3.6819348 9.8054695 0.97186595 -0.09234394 -0.20396627 0.07349325
seq8/frame00064.png -26.932177 3.4532297 8.5272875 0.9722846 -0.06853497 -0.21566437 0.059811074
seq8/frame00065.png -23.819494 2.586504 6.2803063 0.96195585 -0.04608889 -0.25969428 0.07143027
seq8/frame00066.png -27.696268 2.4609413 7.2405605 0.9510857 -0.015455953 -0.29046574 0.103704326
seq8/frame00067.png -27.218418 2.359802 7.641969 0.9519275 -0.026752857 -0.29337534 0.08445104
seq8/frame00068.png -27.499151 2.219861 6.3108797 0.93968177 -0.046438023 -0.32915217 0.07969525
seq8/frame00069.png -26.606073 1.9637474 5.7587895 0.94722474 -0.062456567 -0.30493185 0.07730416
seq8/frame00070.png -25.952442 2.0242064 5.3193336 0.9413586 -0.045225136 -0.3240388 0.082612395
seq8/frame00071.png -25.277895 2.1110718 5.1499896 0.9449339 -0.061159357 -0.3082286 0.09206984
seq8/frame00072.png -24.293728 1.9585887 5.137844 0.9374779 -0.069348745 -0.32985085 0.08630118
seq8/frame00073.png -23.768839 2.3093898 5.476886 0.9381834 -0.09058892 -0.32194936 0.08894054
seq8/frame00074.png -23.008427 2.8539648 5.691716 0.92897344 -0.12686236 -0.34020045 0.07275756
seq8/frame00075.png -22.425814 2.7255864 5.1520333 0.927142 -0.09180543 -0.35223317 0.08879331
seq8/frame00076.png -21.79951 2.6072047 4.8723273 0.9304056 -0.10640024 -0.33784136 0.09428185
seq8/frame00077.png -21.212482 2.3559291 4.4373226 0.9369385 -0.096446134 -0.32079697 0.099920504
seq8/frame00078.png -20.501007 1.9615425 4.1295223 0.94513535 -0.0835152 -0.2996391 0.099278696
seq8/frame00079.png -20.356142 1.5279937 3.0277913 0.9419636 -0.06895229 -0.30952883 0.1098044
seq8/frame00080.png -19.993343 1.3106785 2.8885493 0.94184893 -0.0630561 -0.31355605 0.103199564
seq8/frame00081.png -20.249395 1.3196435 2.4699438 0.9386774 -0.07036464 -0.3246201 0.09230649
seq8/frame00082.png -19.559765 0.8572968 1.9117534 0.94938016 -0.058089394 -0.2957703 0.0881352
seq8/frame00083.png -19.959297 0.97985345 1.5539201 0.93459964 -0.048533186 -0.34346753 0.07889535
seq8/frame00084.png -20.160725 0.4787626 0.4146569 0.93184906 -0.028994694 -0.34969643 0.093210034
seq8/frame00085.png -20.656277 0.07466328 -0.13311553 0.92340314 -0.032808207 -0.36811092 0.10424618
seq8/frame00086.png -24.07381 -0.10277728 -0.99755746 0.92170084 -0.035190005 -0.36508575 0.12667432
seq8/frame00087.png -23.385832 -0.30379292 -1.9444065 0.91121656 -0.025358954 -0.39263126 0.12123824
seq8/frame00088.png -21.716017 -0.5902139 -2.121177 0.92466384 -0.008593425 -0.3668019 0.10133125
seq8/frame00089.png -21.95899 -0.71753573 -2.7020125 0.9137349 -0.013605674 -0.38686517 0.1234191
seq8/frame00090.png -22.544094 -0.9617265 -2.7040436 0.92295504 0.0071143596 -0.37244323 0.09771168
seq8/frame00091.png -23.125582 -1.0088422 -2.9615347 0.9285581 -0.0013154728 -0.36325112 0.076439664
seq8/frame00092.png -23.584988 -1.3879198 -3.5867236 0.922563 0.013372956 -0.37379158 0.09437525
seq8/frame00093.png -24.134342 -1.7734066 -4.2312965 0.91544735 0.00423868 -0.38206944 0.12615457
seq8/frame00094.png -24.167248 -2.028408 -5.085081 0.9136864 -0.018228328 -0.38573748 0.12688895
seq8/frame00095.png -24.913813 -2.1192234 -5.1689157 0.92096645 -0.019190418 -0.3772382 0.09588464
seq8/frame00096.png -25.66547 -2.289288 -5.6094403 0.9198878 -0.016399177 -0.3848331 0.073659025
seq8/frame00097.png -25.711199 -2.4374301 -6.35284 0.9038927 -0.011300291 -0.41210744 0.11392023
seq8/frame00098.png -26.127047 -2.6883717 -7.124749 0.9046179 -0.01923826 -0.4042419 0.13351317
seq8/frame00099.png -25.971066 -3.0715144 -7.866979 0.8985785 -0.013515913 -0.41379613 0.14546905
seq8/frame00100.png -25.781445 -2.889276 -7.672888 0.88549536 -0.022646077 -0.44062307 0.145513
seq8/frame00101.png -25.528137 -3.1190915 -8.148878 0.8717249 -0.015504671 -0.4647632 0.15413891
seq8/frame00102.png -24.943039 -3.0549388 -8.197265 0.8602151 -0.018392667 -0.48195702 0.16573487
seq8/frame00103.png -24.651506 -3.3561656 -8.582099 0.85865664 -0.012959081 -0.48100108 0.17649204
seq8/frame00104.png -24.03186 -3.1594765 -8.762787 0.84836483 -0.015819246 -0.49339187 0.19172849
seq8/frame00105.png -23.618668 -2.9041743 -8.316503 0.85856485 -0.013859949 -0.47654885 0.18855517
seq8/frame00106.png -24.99872 -3.494483 -9.955366 0.8468088 -0.017680446 -0.49482659 0.19448073
seq8/frame00107.png -22.338276 -3.5114484 -9.26746 0.8621275 0.0020934248 -0.46389633 0.20373039
seq8/frame00108.png -21.754942 -4.237439 -10.628031 0.8697502 0.0003925999 -0.45603338 0.18852985
seq8/frame00109.png -23.240017 -4.61707 -11.5146055 0.86858195 0.010934087 -0.46260566 0.17746279
seq8/frame00110.png -21.45862 -4.4892893 -11.615854 0.885499 -0.0047664335 -0.42946517 0.17755304
seq8/frame00111.png -21.73849 -4.7633324 -11.786444 0.8629868 0.008285306 -0.4752306 0.17164746
seq8/frame00112.png -22.117346 -4.7324214 -12.101872 0.8691588 0.01812864 -0.45955467 0.18150254
seq8/frame00113.png -22.76704 -4.8797917 -11.880698 0.8611019 -0.010013088 -0.47861496 0.17118695
seq8/frame00114.png -23.59513 -5.0043516 -11.879006 0.8569844 -0.008073291 -0.48956394 0.160686
seq8/frame00115.png -24.481527 -4.6114683 -10.83437 0.84506047 -0.037333522 -0.50599796 0.16815361
seq8/frame00116.png -24.639996 -4.8286953 -11.382494 0.834606 -0.015777322 -0.5157396 0.19285741
seq8/frame00117.png -26.336872 -4.379364 -10.791786 0.81813735 -0.032715563 -0.54114306 0.19158807
seq8/frame00118.png -26.014984 -4.8389335 -11.524465 0.8354766 -0.026495738 -0.51706415 0.1842699
seq8/frame00119.png -26.683079 -4.48638 -11.398622 0.8344801 -0.042329174 -0.5235849 0.16702695
seq8/frame00120.png -27.361574 -4.8072853 -11.406581 0.84107983 -0.010885886 -0.5103913 0.17890301
seq8/frame00121.png -28.442593 -5.143841 -11.307575 0.83203924 -0.009931438 -0.52918005 0.16636544
seq8/frame00122.png -24.689566 -4.9008703 -10.496532 0.84602064 -0.008471279 -0.504962 0.17072052
seq8/frame00123.png -26.382265 -4.9914746 -10.493643 0.82309693 -0.027773421 -0.5348592 0.18911122
seq8/frame00124.png -24.413614 -2.5412915 -7.756078 0.7695605 -0.12463931 -0.5782144 0.2410916
seq8/frame00125.png -26.257675 -5.1614084 -10.407255 0.830122 -0.031245911 -0.5271979 0.17873047
seq8/frame00126.png -27.530254 -4.464435 -10.458419 0.8234041 -0.055187862 -0.5190928 0.22222424
