seq4/frame00001.png -8.751337 -5.0917726 -11.777037 0.9384073 0.041698188 -0.3063132 0.1543528
seq4/frame00002.png -8.709685 -5.0996103 -11.737772 0.93974394 0.038620815 -0.30553332 0.14845528
seq4/frame00003.png -8.702143 -5.154629 -11.721296 0.9401085 0.036210027 -0.3050577 0.14773133
seq4/frame00004.png -10.863933 -5.0133333 -11.810682 0.9434346 0.00796236 -0.30631664 0.12664007
seq4/frame00005.png -8.199876 -4.6763763 -11.389109 0.9671359 -0.021352395 -0.22569963 0.115117006
seq4/frame00006.png -7.77621 -4.694556 -10.872261 0.9727593 -0.010791509 -0.20343252 0.11062711
seq4/frame00007.png -7.1716757 -4.5898867 -10.395178 0.9773293 -0.0042548026 -0.19460154 0.083303675
seq4/frame00008.png -6.712262 -4.4561357 -9.867212 0.98237634 -0.00244357 -0.16963442 0.07845383
seq4/frame00009.png -6.265474 -4.4242086 -9.705991 0.9872426 -0.013761161 -0.14460526 0.06520585
seq4/frame00010.png -5.7666864 -4.486209 -9.294433 0.9893252 0.0064692902 -0.13177384 0.0618812
seq4/frame00011.png -2.0636802 -4.2726407 -9.632139 0.9986224 0.027578164 -0.03904617 0.021639232
seq4/frame00012.png -2.0468433 -4.5832076 -9.91347 0.99559665 0.043438222 -0.071667 0.04200502
seq4/frame00013.png -1.4976796 -3.8459039 -8.13214 0.99942243 0.00032673107 0.029590098 0.01669476
seq4/frame00014.png -1.4571407 -3.5236607 -7.4621677 0.996665 -0.0077775978 -0.079679936 0.015794327
seq4/frame00015.png 2.4788227 -2.6911333 -6.683075 0.99977773 -0.021082524 0.00012891639 -0.0002475681
seq4/frame00016.png -0.073299065 -3.242678 -6.3841214 0.9997985 -0.016240759 -0.0037292945 -0.011203231
seq4/frame00017.png 3.7751086 -2.206237 -6.059683 0.9979691 -0.04338795 0.038161803 -0.026807882
seq4/frame00018.png 1.5615923 -2.4666805 -5.560556 0.9982662 -0.041502915 0.040833324 -0.008639733
seq4/frame00019.png 1.5741502 -2.0647566 -4.927913 0.9958529 -0.06336259 0.052613225 -0.038648535
seq4/frame00020.png 2.5806503 -2.332115 -4.7750735 0.9953664 -0.071728945 0.059943374 -0.022533102
seq4/frame00021.png 0.04298539 -1.7707914 -4.0914354 0.9931906 -0.09403808 0.06874416 -0.0019013381
seq4/frame00022.png 3.1185117 -1.7161968 -3.5409107 0.99262744 -0.089718096 0.08082652 -0.010417687
seq4/frame00023.png 1.0501993 -1.4645033 -3.0440283 0.99583364 -0.061628018 0.06712528 0.0034086588
seq4/frame00024.png 3.241901 -0.71363884 -2.565196 0.9955401 -0.06461117 0.068740174 0.00022916372
seq4/frame00025.png 1.9211321 -0.7721655 -2.1884391 0.99822885 -0.038597453 0.043933302 -0.010913272
seq4/frame00026.png 2.406527 -0.5535774 -1.6619002 0.99382055 -0.03038332 0.10308795 -0.027753612
seq4/frame00027.png 2.850728 -0.3815577 -1.163403 0.99718064 -0.012407871 0.07350862 -0.008562347
seq4/frame00028.png 3.134501 -0.23589578 -0.51144075 0.9944713 -0.031036714 0.099318676 -0.01412692
seq4/frame00029.png 3.8869886 -0.08042068 -0.2484064 0.98812854 -0.0459988 0.14045066 -0.041950114
seq4/frame00030.png 4.332013 0.16606224 0.30148363 0.98624164 -0.071515724 0.14400002 -0.03843373
seq4/frame00031.png 4.9595594 0.4438127 0.65062016 0.9883418 -0.034349754 0.14364772 -0.036957696
seq4/frame00032.png 5.5841208 0.5695461 0.919237 0.9879629 -0.030461643 0.1483587 -0.031488597
seq4/frame00033.png 6.1509027 0.72338796 1.4346465 0.98713666 -0.008765719 0.15426059 -0.041085456
seq4/frame00034.png 6.6450214 0.88869023 1.9109956 0.97817916 -0.04383872 0.19846189 -0.043089274
seq4/frame00035.png 7.477467 1.072083 2.297979 0.9881363 -0.04732191 0.14467907 -0.020378249
seq4/frame00036.png 7.922774 1.1926341 2.725144 0.9881334 -0.04325938 0.14726694 -0.00579352
seq4/frame00037.png 8.563449 1.3702064 3.1623206 0.98994297 -0.042815436 0.13322093 -0.020791415
seq4/frame00038.png 9.031147 1.8382102 3.887984 0.986494 -0.029801715 0.16052417 -0.013177575
seq4/frame00039.png 9.61788 1.8732005 4.016015 0.9779525 -0.02928196 0.2044694 -0.030718748
seq4/frame00040.png 10.068441 1.8245668 4.401124 0.9815557 -0.0049024858 0.18400218 -0.05164775
seq4/frame00041.png 10.742942 2.109946 4.457324 0.9757794 -0.025254287 0.20943424 -0.057913687
seq4/frame00042.png 11.301182 2.091383 4.331982 0.9774963 -0.04050901 0.19823286 -0.05969549
seq4/frame00043.png 12.003484 2.0450006 4.306346 0.9800993 -0.031857524 0.19040623 -0.046215724
seq4/frame00044.png 12.03818 1.8128048 3.6144423 0.98049784 -0.04237123 0.1836704 -0.055620953
seq4/frame00045.png 12.302169 1.8342253 3.1206539 0.9680824 -0.061316166 0.22870289 -0.08216881
seq4/frame00046.png 12.231323 1.644872 2.811322 0.9787129 -0.042300165 0.18995427 -0.06518592
seq4/frame00047.png 12.050646 1.4630761 2.2250028 0.9737329 -0.044765003 0.20067969 -0.097817205
seq4/frame00048.png 11.7559805 1.2671472 2.003969 0.9720891 -0.056218967 0.21314298 -0.08032696
seq4/frame00049.png 11.20214 1.2191232 1.6494781 0.9759258 -0.07306921 0.19294597 -0.07072255
seq4/frame00050.png 10.591693 0.9885705 1.4246647 0.96772206 -0.083639465 0.22014372 -0.089750215
seq4/frame00051.png 9.93707 0.6132705 1.0180775 0.9606749 -0.10839328 0.23919831 -0.09021537
seq4/frame00052.png 9.0953865 0.6122122 0.8833263 0.9608332 -0.112341106 0.234407 -0.09608556
seq4/frame00053.png 7.101464 1.2408215 2.6549356 0.9633161 -0.10820133 0.22629468 -0.09542099
seq4/frame00054.png 6.9650526 0.962998 1.5991507 0.9672175 -0.07834831 0.23307453 -0.06346723
seq4/frame00055.png 7.2992764 0.47448447 0.9223471 0.9738207 -0.065540776 0.21021615 -0.056452937
seq4/frame00056.png 6.645193 0.38329136 0.7328145 0.9855092 -0.031937778 0.14968045 -0.07312496
seq8/frame00001.png 1.708103 4.526504 10.128641 0.9990584 -0.03743402 0.02179009 -0.0025679462
seq8/frame00002.png 1.5515832 4.43039 9.825762 0.99914664 -0.035730544 0.020721864 -5.213898e-05
seq8/frame00003.png 1.4623896 4.197116 10.266395 0.9993476 -0.030740332 0.01895674 0.0003890243
seq8/frame00004.png 1.487713 4.3306527 9.917096 0.9992212 -0.01931429 -0.0066078696 0.033765223
seq8/frame00005.png 1.1112689 4.637734 10.876428 0.9937674 -0.024076171 -0.10771113 0.015645243
seq8/frame00006.png 0.19349392 4.5441804 10.471483 0.99513423 -0.04109803 -0.08884548 -0.011193421
seq8/frame00007.png -0.488516 4.5653763 10.925018 0.992158 -0.021138815 -0.11987492 -0.02838415
seq8/frame00008.png -1.1592814 4.4997163 10.744153 0.9890379 0.002061058 -0.14121497 -0.043105848
seq8/frame00009.png -1.8213195 4.4464464 11.201268 0.9890336 0.013676343 -0.14385884 -0.030499542
seq8/frame00010.png -2.577492 4.5299687 11.362931 0.9873491 -0.0055855126 -0.15721788 -0.01982578
seq8/frame00011.png -3.5124857 4.615033 11.815958 0.9894631 0.0018763747 -0.14421582 0.012701663
seq8/frame00012.png -4.3548765 4.535092 11.371187 0.9901779 -0.00034345654 -0.13922992 0.012753155
seq8/frame00013.png -5.1118054 4.0676036 11.5323925 0.9933036 0.018768622 -0.11384785 0.005840218
seq8/frame00014.png -5.690596 4.45416 11.400554 0.9916792 0.0025175847 -0.12870865 0.0007203749
seq8/frame00015.png -6.3654394 4.6317754 11.378028 0.993152 0.017509136 -0.11506702 -0.010107382
seq8/frame00016.png -7.369117 4.5619555 11.732616 0.99113214 -0.0053005596 -0.13236697 0.010391661
seq8/frame00017.png -8.074059 5.599784 11.645247 0.9919996 -0.0014067076 -0.11803643 -0.044747327
seq8/frame00018.png -8.889682 5.29225 12.106948 0.9895478 -0.0002675376 -0.13860673 -0.039786633
seq8/frame00019.png -9.125265 5.355592 12.1619425 0.9955198 -0.006487618 -0.087682 -0.034784403
seq8/frame00020.png -9.889748 5.266327 12.2551775 0.9924414 -0.01189627 -0.11895288 -0.02772752
seq8/frame00021.png -10.388924 5.329764 12.229984 0.9932721 -0.018996712 -0.10878094 -0.034875184
seq8/frame00022.png -11.038732 5.428673 12.514189 0.9939239 -0.026283128 -0.10521123 -0.018841421
seq8/frame00023.png -8.702207 5.363899 11.714495 0.99487084 -0.018884946 -0.08901086 -0.044186924
seq8/frame00024.png -12.187289 5.258243 13.293243 0.9827104 -0.04274249 -0.17996924 0.008021133
seq8/frame00025.png -12.847152 5.590858 13.489022 0.9889252 -0.043905422 -0.14077678 0.016782027
seq8/frame00026.png -13.010783 5.157142 14.665526 0.9936112 -0.04116775 -0.10496736 0.0049113273
seq8/frame00027.png -13.952669 5.6469846 14.513301 0.9850301 -0.0801668 -0.15254958 0.0041872403
seq8/frame00028.png -12.006597 5.901273 15.665329 0.9929257 -0.023404542 -0.10492122 -0.050419606
seq8/frame00029.png -9.620096 7.583814 16.841476 0.9927746 -0.04765455 -0.08670103 -0.0679035
seq8/frame00030.png -9.699602 6.5223064 16.573816 0.99533 -0.03987863 -0.06547418 -0.058660015
seq8/frame00031.png -13.1505995 6.311569 17.419617 0.99725866 -0.051452056 -0.03579121 -0.039331038
seq8/frame00032.png -14.79608 6.634293 18.070858 0.9953911 -0.03529593 -0.08836175 -0.011967452
seq8/frame00033.png -14.759392 6.648351 18.726482 0.9945742 -0.038240425 -0.095686235 -0.014287429
seq8/frame00034.png -15.789599 6.762517 18.923738 0.98483443 -0.025335519 -0.17141335 -0.008756865
seq8/frame00035.png -17.050562 6.801215 19.040415 0.97636986 -0.023128614 -0.2136457 -0.022854757
seq8/frame00036.png -17.510965 6.8308563 19.041805 0.9750408 -0.022882378 -0.2207015 -0.007918534
seq8/frame00037.png -18.399948 6.85802 19.01065 0.9805796 -0.07644859 -0.17888585 0.02488777
seq8/frame00038.png -18.250841 7.655821 19.45526 0.9813452 -0.11777186 -0.15193781 0.0024933554
seq8/frame00039.png -16.582325 8.016178 19.256147 0.9860403 -0.12669685 -0.10687557 -0.01581451
seq8/frame00040.png -17.07901 6.711435 20.123878 0.97959787 -0.06484265 -0.17962684 -0.06259311
seq8/frame00041.png -19.866457 6.951992 19.73665 0.962392 -0.062534705 -0.26419657 -0.009561584
seq8/frame00042.png -20.717014 6.4223747 18.879885 0.9529943 -0.038982578 -0.3000424 0.01601856
seq8/frame00043.png -21.554644 5.9506984 17.838718 0.9578997 -0.04658537 -0.281291 0.033669494
seq8/frame00044.png -21.905262 5.918133 17.325579 0.9414101 -0.04542975 -0.3274888 0.066592686
seq8/frame00045.png -21.34581 5.540986 16.955086 0.9554488 -0.046267986 -0.2857022 0.057887986
seq8/frame00046.png -22.027248 5.486356 16.1416 0.9415558 -0.04876086 -0.32519874 0.07308118
seq8/frame00047.png -22.783651 5.5316296 15.15173 0.9524074 -0.07926511 -0.28347558 0.07923768
seq8/frame00048.png -23.34465 5.2145944 14.519477 0.9595943 -0.10164458 -0.25285056 0.07009839
seq8/frame00049.png -23.078495 5.7939296 14.326717 0.9693202 -0.12179947 -0.20467976 0.060740776
seq8/frame00050.png -22.967247 5.075861 13.733961 0.9724777 -0.09923422 -0.2027703 0.057654284
seq8/frame00051.png -23.19447 4.9618416 13.465597 0.9694652 -0.1013146 -0.2182133 0.04748976
seq8/frame00052.png -23.57442 4.5939755 12.92066 0.9639519 -0.103091955 -0.23818156 0.0586373
seq8/frame00053.png -22.355047 5.106474 13.744264 0.97486365 -0.12607293 -0.18162566 0.027542202
seq8/frame00054.png -24.026922 4.702877 12.858801 0.9780686 -0.123401135 -0.16392203 0.035824694
seq8/frame00055.png -22.441458 5.5681014 12.7649355 0.96503735 -0.094173454 -0.24035479 0.04543028
seq8/frame00056.png -24.838516 5.025995 12.147266 0.97425234 -0.09532231 -0.20051354 0.03924622
seq8/frame00057.png -25.76458 3.9340274 11.433909 0.96731746 -0.08656752 -0.23204215 0.054400705
seq8/frame00058.png -25.834028 4.374049 10.912456 0.96856326 -0.09782171 -0.22458792 0.04331316
seq8/frame00059.png -27.166101 3.911204 9.857156 0.95032257 -0.11855032 -0.28249007 0.055066667
seq8/frame00060.png -26.956244 4.477281 10.136415 0.9585131 -0.09376731 -0.25616857 0.08269257
seq8/frame00061.png -26.580479 3.8610854 10.662699 0.9638052 -0.106313534 -0.2386847 0.052976266
seq8/frame00062.png -26.817078 4.242858 10.202608 0.9683727 -0.09707679 -0.22190902 0.059889562
seq8/frame00063.png -28.148067 3.9550083 9.255368 0.9673603 -0.09690451 -0.22260122 0.07261078
seq8/frame00064.png -28.291943 3.0968688 7.5512514 0.9670511 -0.06603412 -0.2387675 0.058666278
seq8/frame00065.png -28.311401 2.8644774 7.327259 0.9596615 -0.052028213 -0.26669282 0.072233155
seq8/frame00066.png -28.360937 2.3730567 6.515998 0.94694096 -0.016520545 -0.30393958 0.103200845
seq8/frame00067.png -27.93715 2.1861784 6.610876 0.9470278 -0.027546639 -0.30926728 0.08205429
seq8/frame00068.png -27.540327 2.073849 5.730745 0.93833345 -0.044805817 -0.33391887 0.07759477
seq8/frame00069.png -26.81723 1.9912345 5.4009147 0.94526434 -0.06245095 -0.31071964 0.07764088
seq8/frame00070.png -26.164103 2.1917257 5.0385814 0.9395436 -0.049691234 -0.32824185 0.083940275
seq8/frame00071.png -25.407778 2.209818 4.902655 0.94350255 -0.062321194 -0.31225902 0.0917241
seq8/frame00072.png -24.597591 1.977288 4.8004794 0.9351668 -0.07122482 -0.33616322 0.08593031
seq8/frame00073.png -24.050726 2.2604635 5.3631754 0.9368776 -0.09005533 -0.32591814 0.0890368
seq8/frame00074.png -23.278793 2.5986998 5.255578 0.9272349 -0.12410548 -0.34611878 0.070959
seq8/frame00075.png -22.767206 2.5608912 4.924388 0.9255951 -0.09050192 -0.35695082 0.08757357
seq8/frame00076.png -21.948116 2.5129364 5.010034 0.92959625 -0.10456259 -0.3408535 0.09346873
seq8/frame00077.png -21.412144 2.2083313 4.4772673 0.9363444 -0.09453563 -0.3238596 0.09714642
seq8/frame00078.png -20.913107 1.8875749 4.105549 0.9436596 -0.08293495 -0.305186 0.09741691
seq8/frame00079.png -20.780191 1.5040531 3.1518586 0.94095325 -0.06767549 -0.31377977 0.10755914
seq8/frame00080.png -20.429943 1.2756833 3.0880113 0.940162 -0.06325924 -0.3183102 0.10379018
seq8/frame00081.png -20.552433 1.1822411 2.6275055 0.9382947 -0.06817322 -0.32635364 0.091917865
seq8/frame00082.png -20.304905 0.7632495 1.6680603 0.9455568 -0.057518475 -0.30824515 0.08717105
seq8/frame00083.png -20.394276 0.7407309 1.2145478 0.93149704 -0.04710688 -0.35206613 0.07838071
seq8/frame00084.png -20.6243 0.34124655 0.36286193 0.9296258 -0.027031727 -0.35598397 0.09132645
seq8/frame00085.png -20.9603 -0.06305021 -0.28283003 0.9211495 -0.03253588 -0.374218 0.10191296
seq8/frame00086.png -24.15087 -0.12528816 -1.222202 0.92059034 -0.03437215 -0.3678933 0.12643695
seq8/frame00087.png -24.302055 -0.48721725 -2.2985606 0.91824263 -0.02131202 -0.37648767 0.1209672
seq8/frame00088.png -21.888891 -0.6435587 -1.9140611 0.9245138 -0.0060059023 -0.3671532 0.10215852
seq8/frame00089.png -22.316109 -0.82854617 -2.5006995 0.91229177 -0.013403519 -0.39133808 0.11999544
seq8/frame00090.png -22.758413 -1.1158134 -2.8566914 0.92088234 0.00833633 -0.3770869 0.09854879
seq8/frame00091.png -23.23418 -1.2382973 -3.2530472 0.9263128 0.003231916 -0.36924362 0.07478788
seq8/frame00092.png -23.663761 -1.5481069 -3.6871321 0.9209454 0.015958814 -0.37785086 0.093987696
seq8/frame00093.png -24.126245 -1.8677306 -4.2483997 0.91531104 0.0061102672 -0.38266006 0.1254585
seq8/frame00094.png -24.321487 -2.0882633 -5.1064315 0.9117232 -0.017570527 -0.39112327 0.12439748
seq8/frame00095.png -24.954363 -2.275643 -5.33521 0.9213143 -0.014990429 -0.37674806 0.09495655
seq8/frame00096.png -25.415245 -2.5974197 -6.0719743 0.9204012 -0.008781881 -0.38454062 0.07009007
seq8/frame00097.png -25.74042 -2.635498 -6.5015984 0.90352595 -0.0057053813 -0.41355476 0.11216457
seq8/frame00098.png -26.020096 -2.899049 -7.1571503 0.9055652 -0.013685891 -0.40288997 0.1320766
seq8/frame00099.png -25.938358 -3.1231718 -7.7509866 0.89972514 -0.009147011 -0.4115851 0.14494333
seq8/frame00100.png -25.768951 -3.1591794 -8.161397 0.88333875 -0.0141696585 -0.4461991 0.14289123
seq8/frame00101.png -25.413021 -3.6407332 -8.590003 0.8707626 -0.0008946472 -0.4684527 0.14941223
seq8/frame00102.png -24.853855 -3.6369412 -9.073704 0.85505575 -0.0039386908 -0.49425697 0.15676181
seq8/frame00103.png -24.293783 -3.8631792 -9.303309 0.85652846 0.002094644 -0.48741567 0.16964814
seq8/frame00104.png -23.64385 -3.6868315 -9.664773 0.84616035 -0.004060933 -0.5000768 0.18417214
seq8/frame00105.png -23.279772 -3.5743856 -9.366527 0.85563767 0.00500383 -0.4857673 0.17857718
seq8/frame00106.png -24.641079 -4.1153817 -10.531148 0.8453355 0.0017331017 -0.50148535 0.18416607
seq8/frame00107.png -21.973167 -4.1806297 -10.1046715 0.85860366 0.017056087 -0.47372445 0.19517602
seq8/frame00108.png -21.446959 -4.4964085 -10.808786 0.86987597 0.0076523367 -0.45689544 0.18575203
seq8/frame00109.png -21.136038 -4.724735 -11.139314 0.8721461 0.015180581 -0.45556056 0.17774999
seq8/frame00110.png -21.17381 -4.777212 -11.684184 0.88747215 0.0041487645 -0.42626205 0.17514764
seq8/frame00111.png -21.483192 -5.0076165 -12.088277 0.86337554 0.019319423 -0.47526768 0.16831484
seq8/frame00112.png -21.968374 -4.9615426 -12.38861 0.8698521 0.028734006 -0.45959193 0.17693762
seq8/frame00113.png -22.403248 -5.3674707 -12.66372 0.85901344 0.0081837885 -0.48437265 0.16556643
seq8/frame00114.png -23.322598 -5.269322 -12.27635 0.8555761 -0.00079562597 -0.4940915 0.15447418
seq8/frame00115.png -23.77237 -5.3151627 -12.354768 0.8355142 -0.025152456 -0.52452344 0.16173524
seq8/frame00116.png -24.338053 -5.192168 -12.453625 0.8272831 -0.0039057494 -0.530113 0.18592362
seq8/frame00117.png -24.772564 -5.101142 -12.338061 0.8137012 -0.016528167 -0.5491427 0.1898933
seq8/frame00118.png -25.569603 -5.3528237 -12.34734 0.82985055 -0.013328149 -0.52781165 0.18051304
seq8/frame00119.png -26.292156 -5.3227916 -12.284538 0.82898307 -0.025703607 -0.5346811 0.16199577
seq8/frame00120.png -26.962605 -5.227844 -12.302681 0.8337021 -0.005376456 -0.5193232 0.18765657
seq8/frame00121.png -27.889027 -5.5485373 -11.829339 0.83096856 0.0052898703 -0.5312756 0.1649531
seq8/frame00122.png -24.025263 -5.6334786 -11.349156 0.8457562 0.017196828 -0.509585 0.15723792
seq8/frame00123.png -29.145782 -5.253188 -11.312682 0.8138948 -0.018133849 -0.55432904 0.17310518
seq8/frame00124.png -20.770578 -1.7881067 -7.533641 0.7844743 -0.12383411 -0.5578545 0.2409632
seq8/frame00125.png -25.832802 -5.5952435 -11.373414 0.8251941 -0.012860974 -0.5365387 0.1761125
seq8/frame00126.png -26.411152 -4.9952364 -11.647336 0.8224087 -0.042112652 -0.52871495 0.20574473
