seq1/frame00001.png 12.83494 0.17363426 -1.6840049 0.87133783 -0.0050329766 0.4901617 -0.023660881
seq1/frame00002.png 12.926612 0.12856409 -1.6770456 0.87145114 -0.0012679436 0.4899287 -0.023058245
seq1/frame00003.png 12.944411 0.12543467 -1.6533568 0.87102467 -0.0037999996 0.49081743 -0.021579973
seq1/frame00004.png 12.964505 0.13254079 -1.5853505 0.8715035 0.0020328036 0.49040836 -0.010696751
seq1/frame00005.png 12.775989 0.25134104 -1.1733595 0.8541931 0.017666811 0.5170727 -0.05234898
seq1/frame00006.png 12.466587 0.08483046 -0.8888826 0.85025525 0.020786243 0.52188456 -0.065816045
seq1/frame00007.png 11.957437 0.17140156 -0.37682584 0.86186445 0.029369935 0.5029862 -0.058615338
seq1/frame00008.png 11.56065 0.22810939 0.16328163 0.8647588 0.026031775 0.50104207 -0.021566043
seq1/frame00009.png 11.2303095 0.32278603 0.85660994 0.9108634 0.047273874 0.40986633 -0.013012298
seq1/frame00010.png 10.514933 0.5645236 1.3903997 0.92469376 0.016639171 0.38039702 -0.001196458
seq1/frame00011.png 10.090525 0.5168767 1.7629628 0.9124688 -0.002646549 0.40917835 -0.003156427
seq1/frame00012.png 9.54117 0.42193368 2.3408637 0.9439225 0.008472337 0.32976767 0.018167049
seq1/frame00013.png 9.046202 0.4680735 2.8897514 0.9574793 0.0025031145 0.2880133 0.011140166
seq1/frame00014.png 8.071099 0.5296834 3.7457595 0.9698169 0.0013247635 0.24314402 -0.012818645
seq1/frame00015.png 7.7407355 0.5889667 3.8801453 0.97988695 -0.0026169838 0.19942787 -0.009256531
seq1/frame00016.png 7.036178 0.62843573 4.480235 0.99043155 0.014076545 0.13721867 0.004561244
seq1/frame00017.png 6.404066 0.69975996 4.8907127 0.9942479 0.014145169 0.10622489 0.005958304
seq1/frame00018.png 6.1784816 0.4173803 5.3266826 0.99211085 0.052149095 0.11390762 -0.0055025327
seq1/frame00019.png 5.5523505 0.54318166 5.8174014 0.99406147 0.042487442 0.099542245 0.0017560753
seq1/frame00020.png 4.89052 0.42325324 6.1148987 0.9953129 0.047860004 0.0829643 -0.011475165
seq1/frame00021.png 4.1246037 0.53635186 6.4317975 0.99796677 0.027665725 0.057346847 0.002338961
seq1/frame00022.png 2.6253552 0.7733944 5.6346564 0.99900615 0.03927672 0.018714767 -0.000631196
seq1/frame00023.png 1.3766913 0.6074945 5.5200634 0.9985582 0.034027014 -0.03794324 0.01990046
seq1/frame00024.png 1.5483503 0.766315 7.0796294 0.9991444 0.037703566 0.0071489736 -0.013151518
seq1/frame00025.png 0.40042192 0.6088281 6.3299675 0.99789524 0.045850575 -0.04119601 -0.022093462
seq1/frame00026.png -0.45928982 0.74747723 6.8869085 0.9975595 0.027551448 -0.04896046 -0.041206565
seq1/frame00027.png 1.0414838 0.8571403 5.7504034 0.9969681 0.037592582 -0.062186863 -0.025553279
seq1/frame00028.png 0.19336736 0.34103987 6.743893 0.99111265 -0.051268347 -0.117463596 0.033943873
seq1/frame00029.png -3.1120968 0.3258576 7.6822023 0.9867678 -0.05294788 -0.15324257 0.0010477683
seq1/frame00030.png -2.7180882 0.2828787 7.944081 0.98916507 0.024043737 -0.14464206 -0.01095796
seq1/frame00031.png -2.3349411 1.077702 7.0702143 0.99800986 -0.011408801 -0.061651364 0.005605409
seq1/frame00032.png -0.9591829 0.19024569 6.4182396 0.99901617 -0.01068836 0.04346552 -0.004228893
seq1/frame00033.png -1.590074 1.1710061 5.930785 0.9962118 -0.06038031 0.063131124 -0.002954933
seq1/frame00034.png -1.5435904 0.7039683 5.6315064 0.99667954 -0.024911001 0.07664681 0.011305051
seq1/frame00035.png -1.3757896 1.0623413 5.18747 0.992998 -0.0531411 0.10574611 -0.007073279
seq1/frame00036.png -1.4684306 0.60024744 4.5999584 0.9912713 -0.026268983 0.12878676 0.011394961
seq3/frame00001.png 8.014035 0.5459455 10.144176 0.97834575 -0.015233882 0.20511712 -0.02177379
seq3/frame00002.png 7.8277774 0.479498 10.059236 0.9795589 -0.015878407 0.20006178 -0.013600405
seq3/frame00003.png 7.88721 0.46681622 9.908042 0.9772992 -0.015745293 0.2106864 -0.0066093174
seq3/frame00004.png 8.18528 0.45264512 9.722093 0.9725072 -0.014368498 0.2325008 -0.006208314
seq3/frame00005.png 8.149609 0.42216232 8.95007 0.9733996 -0.014911776 0.22854225 0.0068035754
seq3/frame00006.png 8.659794 0.3922666 8.187133 0.9641019 -0.005103541 0.264907 0.014787824
seq3/frame00007.png 8.70023 0.36890063 7.4513474 0.96490556 -0.022247804 0.26175487 0.004686279
seq3/frame00008.png 8.989796 0.2832917 6.6466336 0.9613444 0.007993926 0.27519023 0.002262894
seq3/frame00009.png 9.001902 0.19511229 5.926735 0.9473654 0.013307102 0.31967154 0.009521812
seq3/frame00010.png 8.900081 0.15052134 5.050899 0.9475787 -0.00020253674 0.3191906 -0.008879694
seq3/frame00011.png 8.445611 0.045737028 4.5649734 0.9489692 0.023820445 0.31450027 -0.0010619032
seq3/frame00012.png 7.8839483 0.07860541 4.058323 0.9492242 -0.005950674 0.31308758 -0.029414076
seq3/frame00013.png 7.422659 0.074160844 3.4354851 0.9436635 -0.015533445 0.329767 -0.02388748
seq3/frame00014.png 7.023943 0.11679228 2.8675234 0.93323314 -0.007123736 0.3584983 -0.022929717
seq3/frame00015.png 6.9181876 0.029803343 2.3684607 0.90223736 -0.0035928611 0.43075195 -0.018931618
seq3/frame00016.png 6.987392 0.04145356 1.6749789 0.89125025 0.008724161 0.45305765 -0.017681303
seq3/frame00017.png 7.4734464 0.14065725 1.2347709 0.86226 0.0023182638 0.5063218 0.0099264
seq3/frame00018.png 8.088044 0.100485116 0.61197245 0.88825494 0.010470279 0.45915118 0.007314689
seq3/frame00019.png 8.750008 0.11285609 0.3051458 0.8961559 0.00035570542 0.44365343 -0.003999185
seq3/frame00020.png 9.323808 -0.02170065 -0.12859137 0.89878476 0.0010038891 0.43849245 0.002883029
seq3/frame00021.png 10.177902 0.04986353 -0.44728628 0.893977 0.014098012 0.44771436 0.012351588
seq3/frame00022.png 10.5821085 0.011019088 -0.96237016 0.8795057 -0.007066849 0.4758024 0.0001343976
seq3/frame00023.png 11.146818 -0.013679985 -1.3807366 0.87145054 0.03363642 0.4888993 0.019948272
seq3/frame00024.png 11.387145 -0.042039715 -1.3390357 0.8566591 0.024225779 0.5149303 -0.020396875
seq3/frame00025.png 11.317873 0.008689843 -0.9877353 0.8748217 0.01391858 0.48232833 -0.0422114
seq3/frame00026.png 10.858552 -0.020753324 -0.7162879 0.8671569 -0.0053132703 0.49564502 -0.049064726
seq3/frame00027.png 10.389972 0.0099498965 -0.23841703 0.895736 0.0023483566 0.44024152 -0.061416317
seq3/frame00028.png 9.684215 0.02794408 0.2301014 0.9152065 -0.0166227 0.40150097 -0.0316223
seq3/frame00029.png 9.149936 -0.051230956 0.7421259 0.9187533 0.0023610084 0.39476064 -0.009357457
seq3/frame00030.png 8.510454 0.03150972 1.0904766 0.93606377 -0.006704373 0.35062972 -0.028627215
seq3/frame00031.png 7.661867 0.03352818 1.5269433 0.9585204 0.017966019 0.283783 -0.015020323
seq3/frame00032.png 7.160047 0.05533771 1.9525009 0.96837276 0.021666665 0.24832721 -0.0026973644
seq3/frame00033.png 6.368952 0.07681314 2.2962887 0.98453164 0.033249583 0.17198578 0.0010751649
seq3/frame00034.png 5.6335254 0.07468805 2.7894435 0.99119043 0.040035773 0.12594223 0.011451252
seq3/frame00035.png 5.027707 0.1374098 3.1011782 0.98988056 0.03354284 0.13764326 0.0065237363
seq3/frame00036.png 4.309281 0.15568496 3.477383 0.99677086 0.031827565 0.071557246 0.015784435
seq3/frame00037.png 3.5373807 0.014538754 3.6905515 0.9995358 0.03005932 0.008752158 -0.0025544402
seq3/frame00038.png 2.7738364 -0.08434957 3.843617 0.9978981 0.051483706 -0.038736284 0.008669748
seq3/frame00039.png 2.0016205 -0.029668886 4.248019 0.99477893 0.031478044 -0.09735613 0.0021910567
seq3/frame00040.png 1.2190263 0.010181084 4.314668 0.9946125 0.03194803 -0.09088108 0.039289594
seq3/frame00041.png 0.56565917 -0.067874335 4.2922535 0.9960533 0.033530135 -0.07041147 0.042217363
seq3/frame00042.png -0.6140908 -0.06868624 4.1561594 0.99270535 0.04441651 -0.10586224 0.03787686
seq3/frame00043.png -1.5166327 -0.119442955 4.094826 0.9875319 0.027699549 -0.14795019 0.045031946
seq3/frame00044.png -2.0092564 -0.10258456 3.871055 0.98564774 0.046422914 -0.15131448 0.05847737
seq3/frame00045.png -2.6736772 -0.025402725 3.4890912 0.97653043 0.024279721 -0.20563467 0.060540088
seq3/frame00046.png -3.5485907 0.02012277 3.1167507 0.9748227 0.0442452 -0.20794688 0.06718456
seq3/frame00047.png -4.2427807 -0.046241306 2.895381 0.9672734 0.025037274 -0.24318646 0.06787567
seq3/frame00048.png -4.899832 0.0570448 2.4416857 0.9686491 0.022375626 -0.23675011 0.07116133
seq3/frame00049.png -5.6342225 0.020832587 2.0333056 0.95754135 0.018223453 -0.27593642 0.08161679
seq3/frame00050.png -5.978193 -0.021746282 1.5804793 0.9575232 0.019173827 -0.27701712 0.078433126
seq3/frame00051.png -6.5085974 0.0060034245 1.1506402 0.9406412 0.013448843 -0.32858157 0.084149726
seq3/frame00052.png -7.0188775 -0.09273118 0.5834333 0.94076216 0.016680088 -0.3308607 0.07212735
seq3/frame00053.png -7.580101 -0.08069997 0.111845225 0.94049156 0.04100237 -0.32851657 0.07613022
seq3/frame00054.png -8.01145 -0.15566444 -0.16220573 0.9571493 0.057106275 -0.27804247 0.058886778
seq3/frame00055.png -8.443157 0.028853621 -0.13863607 0.94891644 0.04989085 -0.3072377 0.05139782
seq3/frame00056.png -8.907781 -0.09691247 0.020418651 0.9156942 0.021271262 -0.39477158 0.071775265
seq3/frame00057.png -9.419255 -0.06181412 0.25066298 0.90526354 0.011261109 -0.41630778 0.08333927
seq3/frame00058.png -10.077942 -0.1345875 0.44027546 0.8796002 0.011671782 -0.46715975 0.089347176
seq3/frame00059.png -10.714788 -0.09973611 0.21458304 0.877498 0.0067677917 -0.47456107 0.06861801
seq3/frame00060.png -11.496639 -0.08642036 0.16277596 0.8721715 -0.006548165 -0.48149288 0.08557409
seq3/frame00061.png -12.148721 -0.0968734 -0.15243241 0.8787151 -0.003894941 -0.4733886 0.06156788
seq3/frame00062.png -13.011882 -0.18425554 -0.1795935 0.8785287 -0.0060194335 -0.47224507 0.071178496
seq3/frame00063.png -13.566475 -0.15665069 -0.6518123 0.8767998 -0.009838881 -0.47575694 0.06983082
seq3/frame00064.png -14.295783 -0.15505423 -0.8352145 0.86936855 0.012982991 -0.48880675 0.07101004
seq3/frame00065.png -14.780905 -0.09325984 -1.3405797 0.85402614 0.0007891474 -0.517401 0.05462162
seq3/frame00066.png -15.14898 -0.07654101 -1.776923 0.8227632 0.012569604 -0.5673644 0.031982005
seq3/frame00067.png -15.460753 -0.12986663 -1.9682662 0.7912074 0.01242248 -0.6110535 0.020201117
