seq1/frame00001.png 12.941993 0.090278596 -1.6544335 0.8706895 -0.00231416 0.4911594 -0.025628999
seq1/frame00002.png 12.974564 0.11426195 -1.6563935 0.8717275 -0.0030113738 0.489438 -0.023074891
seq1/frame00003.png 13.032599 0.15386294 -1.5829146 0.8712072 -0.0039914954 0.49048418 -0.020185327
seq1/frame00004.png 13.059845 0.072058916 -1.4754975 0.87139386 -0.00068518234 0.49035776 -0.014893253
seq1/frame00005.png 12.853398 -0.010537237 -1.1436613 0.85451865 0.031150613 0.51583827 -0.052328542
seq1/frame00006.png 12.439931 0.020869646 -0.8782782 0.85140544 0.021750048 0.51961404 -0.06809402
seq1/frame00007.png 12.083543 0.03165702 -0.21673805 0.8632972 0.033581533 0.5002836 -0.057502635
seq1/frame00008.png 11.602213 0.03872825 0.3663869 0.86754733 0.034339145 0.49568188 -0.021953369
seq1/frame00009.png 11.158093 0.34448656 0.74738294 0.9107605 0.04388966 0.41044798 -0.011024582
seq1/frame00010.png 10.560342 0.27419722 1.2539393 0.92172736 0.02919659 0.38668448 -0.0064269877
seq1/frame00011.png 10.098503 0.3086209 1.8887076 0.91293526 0.0039429152 0.40806147 -0.004416517
seq1/frame00012.png 9.577272 0.35928994 2.4020205 0.9438165 0.011033601 0.329951 0.014877321
seq1/frame00013.png 9.049844 0.38601702 2.9057498 0.95734376 0.0044493135 0.28872555 0.01051812
seq1/frame00014.png 8.38932 0.443902 3.5322297 0.96673524 0.004060654 0.25521967 -0.01641582
seq1/frame00015.png 7.6796083 0.5628083 3.85498 0.98015887 -0.0033199608 0.1980459 -0.007447543
seq1/frame00016.png 6.993503 0.506916 4.387531 0.99034655 0.017546287 0.1374722 -0.0026821867
seq1/frame00017.png 6.533676 0.5326788 4.824648 0.9932973 0.01865937 0.11406503 -0.0012394788
seq1/frame00018.png 6.0136333 0.4024761 5.263421 0.9923401 0.053397797 0.111257225 -0.005634481
seq1/frame00019.png 5.484886 0.4545231 5.7790146 0.994175 0.046745818 0.09711023 0.0005688075
seq1/frame00020.png 4.7663536 0.40400645 6.106142 0.99551976 0.048315123 0.08035446 -0.012214275
seq1/frame00021.png 4.047639 0.5519151 6.3887386 0.99815303 0.02569964 0.055025846 -0.0015128221
seq1/frame00022.png 3.5053072 0.6513547 6.694197 0.9987064 0.03684042 0.03485161 -0.003699898
seq1/frame00023.png 2.5930088 0.82684785 6.9665055 0.9993288 0.035524074 0.0075712525 -0.0047552544
seq1/frame00024.png 1.7514277 0.75271595 7.2753463 0.99929345 0.03361819 0.011830731 -0.011932469
seq1/frame00025.png 2.226753 1.351396 4.3289332 0.9991388 0.026659502 -0.023007955 -0.021940934
seq1/frame00026.png 0.1553743 0.64278656 7.320707 0.9985497 0.028488854 -0.033837896 -0.030692387
seq1/frame00027.png -1.0816001 0.6592126 7.8596973 0.9950609 0.033385586 -0.09222069 -0.015319547
seq1/frame00028.png -0.77649134 0.045823026 6.540936 0.99016285 -0.037926525 -0.12979627 0.035941176
seq1/frame00029.png -2.5388005 -0.055592887 8.089051 0.9902255 -0.043209545 -0.13122122 0.019169923
seq1/frame00030.png -3.3828533 0.10569553 8.126839 0.9855453 0.030159695 -0.16451178 -0.026958406
seq1/frame00031.png -2.591376 0.08238097 6.723813 0.9969358 0.030369319 -0.07205981 0.0020207707
seq1/frame00032.png -0.8066384 0.3112769 6.506182 0.9985735 -0.017346816 0.050494865 -0.000595208
seq1/frame00033.png -1.2003434 0.47244936 5.786514 0.9965811 -0.029160073 0.07685763 0.008287196
seq1/frame00034.png -1.5452285 0.13488548 5.513184 0.9968729 0.00032735404 0.077808574 0.013786782
seq1/frame00035.png -1.4516098 0.98072886 5.034443 0.99331695 -0.048292816 0.10471209 -0.0049678963
seq1/frame00036.png -2.7412724 0.17883037 5.2945595 0.99982244 -0.0070397295 0.017476086 0.00054832414
seq3/frame00001.png 7.797204 0.47200832 9.975294 0.9793685 -0.012027047 0.20098661 -0.017228529
seq3/frame00002.png 7.7790923 0.4821438 9.786686 0.9791005 -0.013332959 0.20256011 -0.012402543
seq3/frame00003.png 7.798508 0.47472948 9.749486 0.9771969 -0.0150857605 0.21167609 -0.007221528
seq3/frame00004.png 8.13174 0.4306747 9.564187 0.97190773 -0.01487265 0.23485607 -0.0040799547
seq3/frame00005.png 8.181418 0.42091042 8.829668 0.97266585 -0.014072379 0.23167825 0.0069529624
seq3/frame00006.png 8.678505 0.44429666 8.079266 0.9635644 -0.008872196 0.26694 0.0144232735
seq3/frame00007.png 8.781478 0.3734721 7.4006233 0.96431863 -0.020593477 0.26387128 0.0061652157
seq3/frame00008.png 9.06471 0.33811095 6.4486866 0.960319 0.006526863 0.27878687 0.004764437
seq3/frame00009.png 9.087547 0.28034332 5.807778 0.9461741 0.010853284 0.32332316 0.009948972
seq3/frame00010.png 8.917706 0.21801929 5.0071316 0.9469484 -0.0026446262 0.32130364 -0.0067751515
seq3/frame00011.png 8.423276 0.1347233 4.5452113 0.9494105 0.020269344 0.31338105 0.000953092
seq3/frame00012.png 7.955307 0.18048479 3.9551678 0.94805086 -0.0112093305 0.31679124 -0.026784513
seq3/frame00013.png 7.4125967 0.15165818 3.463119 0.9436038 -0.019235097 0.32960477 -0.024543088
seq3/frame00014.png 7.0277915 0.17027168 2.8926797 0.93330544 -0.011288327 0.35808292 -0.024291575
seq3/frame00015.png 6.910893 0.103680566 2.331336 0.90166426 -0.0073846127 0.43197984 -0.018449582
seq3/frame00016.png 7.0276237 0.067898706 1.6608913 0.88957465 0.0077445433 0.4563322 -0.018929524
seq3/frame00017.png 7.5085926 0.04768252 1.1592638 0.8605326 0.009165472 0.5092427 0.008451143
seq3/frame00018.png 8.080048 0.10364989 0.74649715 0.8906442 0.009904496 0.45453474 0.007291809
seq3/frame00019.png 8.751248 0.106067955 0.33028895 0.89724004 0.0011546501 0.44151995 -0.0043638633
seq3/frame00020.png 9.331122 -0.02168464 -0.18226787 0.8979288 0.0012931571 0.4401388 0.0004888783
seq3/frame00021.png 10.146932 0.02319647 -0.4759743 0.89334 0.01329839 0.4490331 0.011652609
seq3/frame00022.png 10.576589 0.010044374 -0.97697383 0.8796831 -0.0056381254 0.47552672 0.00018268503
seq3/frame00023.png 11.116823 -0.0143428 -1.4039161 0.8708933 0.033386964 0.48991576 0.020323029
seq3/frame00024.png 11.395193 0.00039878488 -1.3462389 0.85691696 0.025118528 0.51451504 -0.018341558
seq3/frame00025.png 11.3444 0.0075712614 -1.0095131 0.87497854 0.013209341 0.482103 -0.042600587
seq3/frame00026.png 10.891013 -0.042165663 -0.6378324 0.8679791 -0.0057069436 0.49417764 -0.048661433
seq3/frame00027.png 10.3917055 -0.015780546 -0.22378302 0.8956462 0.0052954042 0.44065684 -0.06009088
seq3/frame00028.png 9.744809 -0.027721055 0.17982183 0.91464114 -0.015107158 0.40241557 -0.035569597
seq3/frame00029.png 9.104852 -0.073938504 0.6829084 0.91883993 0.0024250713 0.39456105 -0.0069974405
seq3/frame00030.png 8.465331 0.03126053 1.0985569 0.9363691 -0.0077345534 0.34985828 -0.027423475
seq3/frame00031.png 7.708067 0.036313698 1.5314707 0.95819205 0.01816095 0.28513482 -0.015360875
seq3/frame00032.png 7.0969424 0.07829309 2.007192 0.96907866 0.020030882 0.24590702 -0.0038924383
seq3/frame00033.png 6.3496037 0.06893453 2.2899861 0.984375 0.034375962 0.17269643 0.0006465997
seq3/frame00034.png 5.6528544 0.055225622 2.7797885 0.9910151 0.039605953 0.12739286 0.00957721
seq3/frame00035.png 4.998645 0.13776618 3.0958586 0.98998964 0.034340654 0.13671358 0.007122508
seq3/frame00036.png 4.2592564 0.16087136 3.4195523 0.99690366 0.031561863 0.070207305 0.016053056
seq3/frame00037.png 3.5457737 0.033054773 3.6581962 0.99952215 0.029427856 0.009405466 -0.00097143574
seq3/frame00038.png 2.8394086 -0.09263323 3.8479059 0.9978392 0.053816106 -0.036630567 0.008892059
seq3/frame00039.png 1.8921233 0.06141447 3.9907541 0.9944666 0.030189985 -0.10061385 0.0011605154
seq3/frame00040.png 1.207551 -0.094642065 4.185579 0.99474204 0.037116 -0.09048932 0.030372297
seq3/frame00041.png 0.39808038 -0.018971335 4.1783023 0.99557835 0.033098347 -0.078516275 0.03953972
seq3/frame00042.png -0.6414975 -0.08190214 4.280644 0.992415 0.042815477 -0.1079179 0.040414877
seq3/frame00043.png -1.6109916 -0.07231375 4.0309587 0.98671436 0.024453718 -0.1533857 0.047642633
seq3/frame00044.png -1.9820842 -0.07915747 3.9294233 0.98595035 0.043487836 -0.14912014 0.061431333
seq3/frame00045.png -2.7792745 -0.003627777 3.4132178 0.9756195 0.024729177 -0.2107448 0.056049623
seq3/frame00046.png -3.4486325 -0.016672716 3.0710762 0.975326 0.046864416 -0.20465112 0.068269655
seq3/frame00047.png -4.210525 -0.00990586 2.9143813 0.96757394 0.023976902 -0.24236545 0.06696765
seq3/frame00048.png -4.8184156 0.048997786 2.4671733 0.9695231 0.023431301 -0.23279081 0.072693914
seq3/frame00049.png -5.522094 0.07221341 2.1001654 0.9590749 0.014928205 -0.27070588 0.08167502
seq3/frame00050.png -5.9879885 -0.03738312 1.5730025 0.9570442 0.01957076 -0.27843753 0.07846061
seq3/frame00051.png -6.560075 -0.020162866 1.1394691 0.9399977 0.015843142 -0.33030516 0.083975635
seq3/frame00052.png -7.0057483 -0.103052005 0.595925 0.9412888 0.016412552 -0.32933125 0.07243449
seq3/frame00053.png -7.5075154 -0.092920914 0.16630188 0.9414192 0.039976366 -0.32585424 0.07714346
seq3/frame00054.png -8.007761 -0.15682164 -0.1808231 0.9575127 0.05818516 -0.2762609 0.05885478
seq3/frame00055.png -8.430593 0.059813697 -0.0983198 0.9498537 0.04584626 -0.30482215 0.052531507
seq3/frame00056.png -8.895303 -0.10905458 0.082440235 0.9164951 0.023282237 -0.39273545 0.07248209
seq3/frame00057.png -9.41035 -0.06401281 0.33244625 0.9065688 0.010373369 -0.4134542 0.08415028
seq3/frame00058.png -10.083892 -0.13159926 0.46610394 0.8797986 0.011476055 -0.46663186 0.089875504
seq3/frame00059.png -10.738287 -0.06725216 0.25014964 0.87818426 0.004186823 -0.4733866 0.06840983
seq3/frame00060.png -11.559058 -0.04520739 0.18504435 0.87139356 -0.009724428 -0.48282078 0.086387396
seq3/frame00061.png -12.182201 -0.1032033 -0.14173648 0.8783428 -0.0038391268 -0.4741749 0.060478613
seq3/frame00062.png -12.999901 -0.119162105 -0.21377034 0.87737036 -0.0091626495 -0.47409555 0.07328382
seq3/frame00063.png -13.546185 -0.15771134 -0.6764286 0.87632626 -0.009946851 -0.47662294 0.06916376
seq3/frame00064.png -14.292686 -0.13819921 -0.9336224 0.86855906 0.009871742 -0.49040306 0.070797354
seq3/frame00065.png -14.793318 -0.113715895 -1.3369626 0.8544078 0.0012814845 -0.51665175 0.055287793
seq3/frame00066.png -15.129172 -0.0689694 -1.7682414 0.82343346 0.01039731 -0.5663956 0.032327622
seq3/frame00067.png -15.468537 -0.10557269 -1.937858 0.79140526 0.008810452 -0.61090446 0.01990263
