seq1/frame00001.png 12.906077 0.319871 -1.4204983 0.8722244 -0.012213921 0.4886706 -0.016791213
seq1/frame00002.png 13.040701 0.34656513 -1.3390253 0.8737889 -0.014063188 0.4857238 -0.012762777
seq1/frame00003.png 12.999837 0.2768577 -1.2815647 0.8749576 -0.012700679 0.48378515 -0.014133176
seq1/frame00004.png 12.9904995 0.3331722 -1.1368146 0.87444097 -0.009673517 0.48493236 -0.0047209454
seq1/frame00005.png 12.425192 0.6090748 -1.5023866 0.8519651 0.005883821 0.520814 -0.052672844
seq1/frame00006.png 12.188974 0.5783289 -0.9866943 0.851143 -0.002792531 0.51983434 -0.07399388
seq1/frame00007.png 11.845926 0.5402162 -0.45169586 0.8648979 0.0067792004 0.49821258 -0.06163939
seq1/frame00008.png 11.306517 0.6236704 -0.3609895 0.85956687 0.012686169 0.51018083 -0.027110143
seq1/frame00009.png 11.180056 0.49665236 0.40964222 0.9050408 0.042503774 0.4230582 -0.004859052
seq1/frame00010.png 10.8205 0.8318461 1.1326628 0.91844 0.007746709 0.39537233 0.010434545
seq1/frame00011.png 10.302589 0.8590654 2.0226154 0.91297996 -0.019754726 0.40764424 0.00077737455
seq1/frame00012.png 9.557165 0.5767571 2.4399393 0.9448075 0.0001915623 0.32708052 0.01848983
seq1/frame00013.png 9.024066 0.57034624 3.098989 0.95809704 -0.006297078 0.28595474 0.017372508
seq1/frame00014.png 7.8746195 0.7035471 4.11577 0.97420835 -0.0059690173 0.22482875 -0.014190343
seq1/frame00015.png 7.4712653 0.7182908 4.125147 0.98260486 -0.014605333 0.18513165 -0.006360896
seq1/frame00016.png 6.794479 0.7125237 4.289106 0.99105936 0.008869179 0.13244598 0.01136262
seq1/frame00017.png 6.247573 0.8540461 4.5069585 0.9939156 0.009647417 0.10936147 0.00928664
seq1/frame00018.png 5.2768006 0.5764448 5.127332 0.99471945 0.045373667 0.09114633 -0.013320916
seq1/frame00019.png 4.8946724 0.5819403 5.386956 0.995866 0.04480588 0.07923687 5.184873e-05
seq1/frame00020.png 4.3436775 0.6438272 5.9168878 0.99708277 0.04022482 0.063728094 -0.012056788
seq1/frame00021.png 3.721981 0.7018116 5.9728374 0.99879014 0.020440673 0.044908367 0.011419164
seq1/frame00022.png 2.6548991 0.807114 5.238375 0.99912924 0.040668685 0.007927483 0.0064300485
seq1/frame00023.png 2.1816545 0.5825032 5.7145257 0.9985999 0.047562644 0.002595487 0.021865353
seq1/frame00024.png 1.3185624 0.7676936 6.2210684 0.99889517 0.043975033 0.0063872123 -0.015018762
seq1/frame00025.png 1.134179 0.7368761 5.7529283 0.99656445 0.042278513 -0.05572789 -0.04420583
seq1/frame00026.png 0.21724978 0.6343404 5.9499 0.99927044 0.0077393153 -0.038328372 -0.0023406758
seq1/frame00027.png 0.9204444 0.8210692 6.3915234 0.9933504 0.047372248 -0.10505023 -0.0041990476
seq1/frame00028.png 0.55650914 0.6336961 6.5382495 0.9890673 0.0014028115 -0.14696206 -0.012989414
seq1/frame00029.png -1.3879755 0.6851016 6.874772 0.9940856 -0.039685976 -0.100150816 -0.0124001345
seq1/frame00030.png -1.2283127 0.66460574 6.9380302 0.9949658 0.0023871544 -0.09464799 -0.033260804
seq1/frame00031.png -2.245407 0.890445 6.751827 0.99789786 -0.0015566476 -0.06404822 0.0010915844
seq1/frame00032.png -0.73886955 0.24818689 6.2927566 0.9985628 -0.014975375 0.04998035 -0.0045720185
seq1/frame00033.png -1.4547942 0.42293832 5.7295766 0.9974663 -0.024425628 0.06455374 0.016730573
seq1/frame00034.png -0.6528492 0.40051743 5.8502426 0.9951831 -0.017451813 0.09414422 0.024839783
seq1/frame00035.png -1.4473546 0.69602245 4.6503835 0.99442047 -0.033426583 0.10020177 0.0030546153
seq1/frame00036.png -2.5130348 0.36964715 4.1873884 0.9977641 -0.008714431 0.066761605 0.006740472
seq3/frame00001.png 7.100608 0.51304334 8.759912 0.9790126 -0.01707645 0.20109373 -0.030473867
seq3/frame00002.png 6.9806404 0.47765398 9.023342 0.9809923 -0.014608584 0.19231327 -0.022177005
seq3/frame00003.png 7.451213 0.44351572 9.527826 0.97687024 -0.016358646 0.21316132 -0.0048993654
seq3/frame00004.png 7.688973 0.4131902 9.1382675 0.97186965 -0.017295144 0.23530066 -0.0036895594
seq3/frame00005.png 8.049838 0.3965272 9.087081 0.97451895 -0.01731394 0.22344498 0.0071234424
seq3/frame00006.png 8.503894 0.3648807 8.214471 0.9650949 -0.0096137 0.26129532 0.017330678
seq3/frame00007.png 8.627678 0.3830228 7.7279406 0.96644425 -0.02686829 0.25553763 0.0024422046
seq3/frame00008.png 8.761298 0.33102056 7.107771 0.9646943 -0.0023506694 0.26343518 2.8830913e-05
seq3/frame00009.png 8.813659 0.2689238 6.4442153 0.9517791 0.0029794443 0.30671012 0.0050401646
seq3/frame00010.png 8.722988 0.14463685 5.5254564 0.9518773 0.0021782608 0.30640453 -0.005151739
seq3/frame00011.png 8.165512 0.10350925 5.1580286 0.9545207 0.014591874 0.29759625 -0.0015173175
seq3/frame00012.png 7.6975727 0.058374844 4.3826847 0.95199776 -0.008819153 0.3047087 -0.031158136
seq3/frame00013.png 7.255178 0.080563664 3.8734424 0.9464965 -0.021347705 0.3210974 -0.023523834
seq3/frame00014.png 6.9275975 -0.014033854 3.3920212 0.93793553 -0.009222471 0.34578392 -0.02382904
seq3/frame00015.png 6.4576707 0.038430262 3.111259 0.91702133 -0.009639539 0.3980719 -0.024163283
seq3/frame00016.png 6.935616 0.00959187 2.079277 0.89369583 0.012546079 0.44819975 -0.016263526
seq3/frame00017.png 7.5822296 0.31847838 1.3309684 0.85975444 -0.0026172006 0.5107534 0.01230768
seq3/frame00018.png 8.265291 0.14542481 0.79774094 0.89023626 0.006257403 0.45538133 0.0067595188
seq3/frame00019.png 8.755909 0.015290141 0.376338 0.8962982 0.009540652 0.44338802 -0.0019403676
seq3/frame00020.png 9.410245 0.058672607 -0.19079249 0.89662576 0.0005171756 0.4427252 0.0030701486
seq3/frame00021.png 10.248311 0.0875418 -0.49821657 0.89398766 0.016572231 0.44775444 0.014964689
seq3/frame00022.png 10.593266 0.02342669 -0.9643017 0.8798423 -0.0076647764 0.47528356 0.00100397
seq3/frame00023.png 11.172805 -0.036397997 -1.352636 0.8727116 0.03256209 0.48688817 0.019407347
seq3/frame00024.png 11.429097 -0.08240226 -1.2242577 0.855175 0.016805941 0.51741016 -0.025037993
seq3/frame00025.png 11.3002405 -0.025446154 -0.92624414 0.8788207 0.01570306 0.47488096 -0.044654276
seq3/frame00026.png 10.993165 0.13948655 -0.508959 0.8708845 -0.012133867 0.4884913 -0.053390313
seq3/frame00027.png 10.380855 0.103844985 -0.2215856 0.89489496 -0.005861989 0.44183642 -0.063203454
seq3/frame00028.png 9.63233 0.064487696 -0.2116823 0.91375935 -0.016465805 0.40403166 -0.039335586
seq3/frame00029.png 9.13781 0.037498433 0.5056998 0.91661066 -0.0057603065 0.3994833 -0.009438921
seq3/frame00030.png 8.501752 0.16016321 1.0489855 0.9346407 -0.01683305 0.35414982 -0.025488406
seq3/frame00031.png 7.7699127 0.1692419 1.5215672 0.9581159 0.016414396 0.28543073 -0.012156804
seq3/frame00032.png 6.766389 0.12262179 2.1322515 0.9734892 0.021110931 0.22790658 -0.002359744
seq3/frame00033.png 6.269267 0.1426343 2.300199 0.9842628 0.03305453 0.17356299 0.0015420703
seq3/frame00034.png 5.769885 0.025292173 2.7252643 0.99004793 0.03945972 0.13428044 0.013005375
seq3/frame00035.png 4.9467053 0.14669928 3.099742 0.990041 0.030587485 0.13744761 0.006144384
seq3/frame00036.png 4.252912 0.18934584 3.442537 0.996854 0.027866794 0.072076134 0.01591278
seq3/frame00037.png 3.5576859 0.08768238 3.6329277 0.999688 0.023445291 0.012656972 -0.0028530469
seq3/frame00038.png 2.6988819 -0.03869147 3.8554595 0.9974864 0.051182125 -0.047123853 0.009306725
seq3/frame00039.png 1.3274865 0.083371595 4.257735 0.9936138 0.024203343 -0.11008151 -0.0031731303
seq3/frame00040.png 0.8736105 0.028822552 3.9466994 0.9937934 0.03621111 -0.10174773 0.026751952
seq3/frame00041.png -0.43078414 -0.1303645 4.1637516 0.9924552 0.03582372 -0.11326241 0.02971747
seq3/frame00042.png -0.9877542 -0.09933923 4.3387947 0.99174666 0.04189202 -0.11506276 0.038729485
seq3/frame00043.png -1.5676644 -0.07580371 4.206295 0.98744375 0.025836196 -0.14825904 0.047862116
seq3/frame00044.png -2.172617 -0.122627735 4.0666494 0.9854175 0.03964284 -0.15191229 0.066010125
seq3/frame00045.png -3.0726714 -0.043746047 3.6831684 0.9739356 0.02092985 -0.21612167 0.06496713
seq3/frame00046.png -3.3708067 -0.1260443 3.2676432 0.9767659 0.05222842 -0.19596426 0.06940568
seq3/frame00047.png -4.122339 -0.14444652 3.0227883 0.967874 0.02716897 -0.23734249 0.07887063
seq3/frame00048.png -4.814148 -0.12748799 2.470051 0.9689957 0.030199252 -0.23434357 0.07196956
seq3/frame00049.png -5.3261046 -0.07748544 2.180183 0.96089315 0.020369962 -0.26306266 0.08313565
seq3/frame00050.png -5.7792215 -0.08661218 1.5521779 0.9578939 0.023215609 -0.27477878 0.07993302
seq3/frame00051.png -6.30913 -0.024387415 1.2163407 0.9427193 0.013375283 -0.32188526 0.08628023
seq3/frame00052.png -6.9476805 -0.13867955 0.68114257 0.94253945 0.021620344 -0.32541174 0.07254064
seq3/frame00053.png -7.3911386 -0.076762795 0.36568654 0.94360846 0.03612838 -0.32008484 0.076041535
seq3/frame00054.png -8.101969 -0.10170157 -0.17427717 0.95876896 0.053787865 -0.2733029 0.057058193
seq3/frame00055.png -8.352925 -0.12634334 0.062131055 0.9519638 0.058266405 -0.29515404 0.055779383
seq3/frame00056.png -8.734584 -0.09059694 0.22221369 0.9207245 0.023869222 -0.38239625 0.073860325
seq3/frame00057.png -9.308127 -0.14937821 0.55109316 0.91092175 0.01516455 -0.40407085 0.08204177
seq3/frame00058.png -10.129648 -0.09479054 0.58436245 0.8804621 0.0076386756 -0.46478066 0.09356782
seq3/frame00059.png -10.828267 -0.17294066 0.38634446 0.8774852 0.00545688 -0.4749347 0.06707594
seq3/frame00060.png -11.67947 -0.13237959 0.3462918 0.8727062 -0.0016498391 -0.4806681 0.086169876
seq3/frame00061.png -12.291032 -0.07855598 -0.014233874 0.8770581 -0.009627398 -0.4767762 0.056621697
seq3/frame00062.png -13.115212 -0.22210258 -0.014370764 0.8809033 -0.0014740913 -0.46795744 0.07082015
seq3/frame00063.png -13.577516 -0.15878728 -0.370936 0.88025326 -0.010264979 -0.4687254 0.0730962
seq3/frame00064.png -14.306272 -0.20412032 -0.6420846 0.87130624 0.018020064 -0.48475283 0.07528392
seq3/frame00065.png -14.822991 -0.109091826 -1.1376474 0.8593543 -0.0038999976 -0.5085088 0.054593112
seq3/frame00066.png -15.313205 -0.120934755 -1.6514169 0.822051 0.010969474 -0.56880254 0.026008988
seq3/frame00067.png -15.564872 -0.1415266 -1.906497 0.788485 0.0058127544 -0.61475736 0.01759361
