seq1/frame00001.png 12.602485 0.3296737 -1.1596277 0.8935268 0.001200729 0.44808674 -0.026146473
seq1/frame00002.png 12.59827 0.3017311 -1.1054819 0.89769447 -0.0012873309 0.4396898 -0.029730398
seq1/frame00003.png 12.858661 0.2847684 -1.0233686 0.8920942 -0.00094206486 0.45098755 -0.029138098
seq1/frame00004.png 12.764647 0.36464068 -0.96162695 0.89636517 -3.4311906e-05 0.4425887 -0.024286758
seq1/frame00005.png 12.450601 0.69782007 -1.4953914 0.859888 0.02540582 0.5071726 -0.050295785
seq1/frame00006.png 11.839888 0.75725293 -0.92304873 0.8708371 0.020139698 0.48677072 -0.06470037
seq1/frame00007.png 11.90928 0.72885215 -0.59162295 0.86115915 0.021490155 0.50536233 -0.050451186
seq1/frame00008.png 10.78845 0.7002025 -0.10533715 0.8877474 0.031289835 0.45764345 -0.038914543
seq1/frame00009.png 10.095393 0.5810603 0.09844985 0.9163891 0.04187386 0.39707208 -0.02887447
seq1/frame00010.png 9.343273 0.87610656 1.0809915 0.9321596 0.04210397 0.35876676 -0.024316082
seq1/frame00011.png 9.056984 0.8698246 2.2041225 0.93277884 0.00555249 0.3604816 -0.0060592513
seq1/frame00012.png 9.315411 0.61484826 2.566322 0.94663095 0.01641695 0.3218106 -0.0008234094
seq1/frame00013.png 8.60953 0.6256725 3.2062917 0.9609608 0.0022049502 0.27668625 -0.0033540204
seq1/frame00014.png 7.9348307 0.73740447 4.274232 0.9728243 0.01260375 0.23078106 -0.014811197
seq1/frame00015.png 7.253731 0.6456058 4.345533 0.98160464 0.0071996585 0.19041538 -0.0032898453
seq1/frame00016.png 6.959279 0.7636452 4.097977 0.98747593 0.015090574 0.1570226 0.004668889
seq1/frame00017.png 6.6001606 0.79601264 4.308011 0.98800355 0.021512728 0.15170301 0.020591838
seq1/frame00018.png 5.405034 0.58760965 5.1396446 0.99106973 0.046340976 0.12415125 0.013684468
seq1/frame00019.png 4.8183894 0.6475286 5.2777324 0.99403256 0.040010255 0.1008618 0.011075791
seq1/frame00020.png 4.3337083 0.7691702 5.9440007 0.99514985 0.044709127 0.086681694 -0.0013045387
seq1/frame00021.png 3.8762689 0.95556146 5.793173 0.99731153 0.018607944 0.071711265 0.000451527
seq1/frame00022.png 3.2732635 0.90125203 4.977199 0.99790335 0.042287283 0.047699444 0.005631693
seq1/frame00023.png 2.8824332 0.74415696 5.861345 0.99751383 0.059783358 0.037918393 0.0007034632
seq1/frame00024.png 1.552542 0.77776176 6.0243187 0.99795014 0.055550724 0.030303828 -0.004536727
seq1/frame00025.png 1.4675722 0.84372747 5.6851883 0.9984957 0.050218813 0.024219181 0.0022088436
seq1/frame00026.png 0.85341334 0.8056721 5.9998746 0.9989214 0.044920985 0.0030370797 0.010051304
seq1/frame00027.png 1.4740528 0.87668455 6.1415973 0.99766314 0.052416448 0.036580734 0.023934327
seq1/frame00028.png 0.98414075 0.77249575 6.125869 0.9991091 0.035126496 -0.007113491 0.021841003
seq1/frame00029.png -0.7669073 0.7651247 6.7366757 0.99757373 0.02134791 -0.062250502 0.02309593
seq1/frame00030.png -1.1227351 0.81014496 6.564551 0.9949568 0.017628651 -0.09437449 0.029204153
seq1/frame00031.png -2.433828 0.64621305 6.706064 0.9975875 0.012751977 -0.065146856 0.020751344
seq1/frame00032.png -1.5208168 0.38370052 6.247011 0.9999386 -0.0024879314 0.009745462 -0.011737173
seq1/frame00033.png -0.45744467 0.29248422 5.789937 0.99607277 -0.01367532 0.087321214 -0.012914085
seq1/frame00034.png -1.8288956 0.26236442 6.04127 0.9980818 0.00019668519 0.061252862 -0.015136436
seq1/frame00035.png -2.3147917 0.39352313 4.8313503 0.998204 -0.0028093024 0.056724127 -0.017221745
seq1/frame00036.png -3.2733126 0.3513284 4.676428 0.9994488 -0.005706595 0.023832524 -0.021526715
seq3/frame00001.png 7.1219335 0.4835557 8.919871 0.97813857 -0.007295111 0.20771179 -0.011298249
seq3/frame00002.png 6.947775 0.45617077 9.215922 0.97901726 -0.008173075 0.20326613 -0.011192234
seq3/frame00003.png 7.1905627 0.41657576 9.217649 0.97817814 -0.010923599 0.20737883 -0.010599598
seq3/frame00004.png 7.501754 0.4135938 8.88431 0.9748815 -0.010818626 0.22214778 -0.009622804
seq3/frame00005.png 8.083343 0.41748932 9.20435 0.9759332 -0.008738526 0.21808432 0.0036286048
seq3/frame00006.png 8.539051 0.35759547 8.269744 0.9681105 -0.0026057048 0.25074178 0.010851983
seq3/frame00007.png 8.729294 0.39574942 7.9172034 0.96789867 -0.016057128 0.25067478 0.0041210414
seq3/frame00008.png 8.777645 0.3726161 7.250724 0.9676577 0.008010056 0.25195223 0.0051362976
seq3/frame00009.png 8.753522 0.34240526 6.634623 0.9570498 0.014542745 0.28933597 0.011481284
seq3/frame00010.png 8.603037 0.10776231 5.5983787 0.956459 -0.0031399135 0.29146522 -0.018055169
seq3/frame00011.png 8.135382 0.1868844 5.347148 0.9588801 0.017195262 0.2834165 -0.002536661
seq3/frame00012.png 7.4586296 0.061831135 4.511167 0.95420116 -0.0030094937 0.2983418 -0.023984922
seq3/frame00013.png 7.157881 0.13170096 4.149677 0.9497566 -0.01623681 0.3100835 -0.038801692
seq3/frame00014.png 6.631904 0.08604571 3.7758315 0.946714 -0.0062199426 0.3206799 -0.029693048
seq3/frame00015.png 6.174324 0.07441254 3.3392324 0.9401968 -0.015500549 0.3398054 -0.017289232
seq3/frame00016.png 6.6095886 -0.018157672 2.377733 0.9171829 -0.0023296415 0.3975038 -0.028401239
seq3/frame00017.png 6.985361 0.2476535 1.5884564 0.8886317 -0.02982108 0.45733905 -0.016321748
seq3/frame00018.png 7.6373506 0.116890535 1.1907657 0.9067795 0.0008879192 0.42174488 0.0018753735
seq3/frame00019.png 8.627938 -0.069208026 0.40916786 0.90423155 0.004448623 0.42669195 -0.010599507
seq3/frame00020.png 8.841993 0.12113482 -0.09141774 0.90347236 -0.008441115 0.42864043 -0.0008927188
seq3/frame00021.png 9.827068 0.08430894 -0.546452 0.89863014 0.00078899215 0.43867427 -0.0044565327
seq3/frame00022.png 10.597589 0.006922949 -1.018759 0.88532746 -0.004080432 0.46511194 0.003648441
seq3/frame00023.png 11.295444 -0.07659711 -1.4496534 0.8741646 0.016312191 0.4851 0.015893538
seq3/frame00024.png 11.815701 -0.049084287 -1.2785068 0.8661346 0.016257152 0.4996631 -0.005341718
seq3/frame00025.png 12.159844 0.0022274144 -0.9914272 0.8738435 0.013805193 0.48522392 -0.029382454
seq3/frame00026.png 10.736391 0.22673734 -0.38308856 0.8776779 -0.014988468 0.47826803 -0.024884399
seq3/frame00027.png 10.282484 0.15126358 -0.16116847 0.8923981 0.009851151 0.4483982 -0.049687404
seq3/frame00028.png 9.25334 0.06787951 -0.30144143 0.90701234 -0.012043482 0.41950375 -0.03329464
seq3/frame00029.png 8.886623 0.086274356 0.34883022 0.91928554 -0.003980924 0.3930205 -0.018606912
seq3/frame00030.png 8.079849 0.15810952 1.0215564 0.93573207 -0.0038798384 0.3516943 -0.026093926
seq3/frame00031.png 7.345646 0.23782535 1.4771222 0.95872205 -0.0022982534 0.2839884 -0.013372222
seq3/frame00032.png 6.5654945 0.1511608 2.1632478 0.9688823 0.010459302 0.24732515 -0.007536274
seq3/frame00033.png 6.3531857 0.15334062 2.3413525 0.9854732 0.030084701 0.16713032 0.009653735
seq3/frame00034.png 6.2736473 0.015051249 2.8870153 0.9899113 0.040605284 0.1352472 0.013122393
seq3/frame00035.png 5.0661745 0.1805875 3.2780051 0.9891563 0.042033028 0.14006346 0.012639641
seq3/frame00036.png 4.6010013 0.21598537 3.6613228 0.99635166 0.033984326 0.07275959 0.029090254
seq3/frame00037.png 3.531025 0.04889815 3.418405 0.9992256 0.038935177 -0.00018109994 0.0059556887
seq3/frame00038.png 2.4091458 -0.023495931 3.772483 0.9983558 0.046618346 -0.03453923 0.004047022
seq3/frame00039.png 0.942037 0.11097932 3.7998304 0.9936089 0.0218594 -0.11042703 -0.0058387853
seq3/frame00040.png 0.9695976 -0.038626175 3.5847805 0.9933312 0.031063678 -0.106488906 0.030659005
seq3/frame00041.png -0.7465747 -0.018663522 4.078666 0.988354 0.032973163 -0.14393756 0.036091942
seq3/frame00042.png -1.0130928 -0.028813984 4.4816766 0.98938084 0.034370977 -0.13532023 0.038111776
seq3/frame00043.png -1.8462335 -0.017821308 4.3860817 0.9824208 0.028481921 -0.18006523 0.038649477
seq3/frame00044.png -2.33195 -0.091344476 4.2010584 0.98365587 0.047733385 -0.16737129 0.046083964
seq3/frame00045.png -3.2855434 0.009135891 3.8477569 0.97166246 0.03215872 -0.23076424 0.04025038
seq3/frame00046.png -3.8869393 -0.19559103 3.694553 0.976895 0.051767327 -0.20291133 0.043420613
seq3/frame00047.png -4.633264 -0.08808938 3.3419666 0.9680314 0.037615944 -0.2435008 0.047694344
seq3/frame00048.png -5.0574913 -0.19103192 2.714756 0.97013116 0.040394906 -0.22666965 0.07551115
seq3/frame00049.png -5.970224 -0.12656455 2.4530654 0.9593432 0.027226368 -0.268737 0.082376316
seq3/frame00050.png -6.5412545 -0.09456219 1.4846812 0.9556346 0.023897415 -0.2843128 0.07336457
seq3/frame00051.png -7.070221 -0.04782999 1.2591869 0.9405587 0.024744248 -0.32922348 0.079251625
seq3/frame00052.png -7.4187202 -0.20785113 0.68657225 0.9466915 0.020590687 -0.31347665 0.07119732
seq3/frame00053.png -8.402114 -0.18657872 0.44590542 0.9446529 0.04213325 -0.31748757 0.07039911
seq3/frame00054.png -7.99562 -0.13654777 0.12061999 0.95955235 0.05065547 -0.26995552 0.061466787
seq3/frame00055.png -8.832483 -0.19285502 0.25966546 0.94811493 0.050673258 -0.30710638 0.06528059
seq3/frame00056.png -9.636876 -0.10976125 0.28688556 0.91200733 0.02631386 -0.40446463 0.06450371
seq3/frame00057.png -9.823907 -0.20729606 0.74167055 0.90816224 0.021350345 -0.4107027 0.07891202
seq3/frame00058.png -9.819037 -0.066872895 0.69135445 0.88404745 0.010032627 -0.46058837 0.078913935
seq3/frame00059.png -10.47263 -0.15576085 0.5468124 0.88100487 0.019860456 -0.46810022 0.065737695
seq3/frame00060.png -10.943295 -0.09949756 0.6147466 0.88535714 0.0018192953 -0.45895913 0.07430386
seq3/frame00061.png -11.959217 -0.06280197 0.061732132 0.8771937 -0.0012731033 -0.47522578 0.06711504
seq3/frame00062.png -13.040332 -0.20527545 0.1031171 0.8794734 0.013151867 -0.46748874 0.08779518
seq3/frame00063.png -13.683212 -0.14020829 -0.31816587 0.87645274 0.0021280376 -0.47612956 0.072000325
seq3/frame00064.png -14.340056 -0.20556319 -0.60058856 0.87665254 0.023191417 -0.4748679 0.075138025
seq3/frame00065.png -14.668373 -0.10395351 -1.0497797 0.8611806 0.008714772 -0.50416577 0.063487716
seq3/frame00066.png -14.650306 -0.12782055 -1.4891323 0.83022475 0.017613754 -0.554599 0.052206784
seq3/frame00067.png -15.054103 -0.14127521 -1.7653713 0.8006519 0.023511132 -0.5977951 0.03346255
