seq13/frame00001.png 29.5501 -16.686987 -1.8770202 -0.42131573 0.33743915 -0.51865155 0.66301465
seq13/frame00002.png 29.377863 -16.575363 -1.8637749 -0.42344403 0.3381178 -0.51448447 0.6646187
seq13/frame00003.png 29.576979 -16.458206 -1.9568591 -0.42668664 0.33915538 -0.51745254 0.6597374
seq13/frame00004.png 29.379251 -16.576906 -1.7995707 -0.43244264 0.31637415 -0.49354205 0.6851537
seq13/frame00005.png 28.812326 -16.771072 -1.7950693 -0.42414936 0.30720466 -0.51064306 0.68182117
seq13/frame00006.png 28.357885 -16.492218 -1.831076 -0.3962259 0.31275204 -0.5007487 0.70316195
seq13/frame00007.png 27.429428 -17.18823 -1.6462644 -0.3882468 0.26580152 -0.5118088 0.71881366
seq13/frame00008.png 27.093876 -17.148918 -1.7678328 -0.38461953 0.26836917 -0.49734032 0.72978497
seq13/frame00009.png 26.925537 -17.244877 -1.9497395 -0.41603878 0.2730357 -0.4929601 0.71379936
seq13/frame00010.png 26.781559 -16.372652 -1.9261756 -0.45810372 0.2495852 -0.41453415 0.74574643
seq13/frame00011.png 24.617903 -17.81936 -1.6128882 -0.44711226 0.13141084 -0.3813139 0.7983742
seq13/frame00012.png 22.864054 -19.133364 -1.7759354 -0.40070757 0.09808821 -0.35272935 0.83987486
seq13/frame00013.png 23.61015 -17.179287 -1.3002527 -0.41572472 0.090980254 -0.30069575 0.85349035
seq13/frame00014.png 22.894135 -19.870409 -1.5594567 -0.3515347 0.08697418 -0.36024904 0.85967034
seq13/frame00015.png 23.028841 -19.680473 -1.8798505 -0.40879938 0.1175312 -0.38175508 0.8206332
seq13/frame00016.png 23.227186 -19.678972 -1.832277 -0.3847592 0.1754805 -0.44540235 0.78925836
seq13/frame00017.png 22.897799 -20.57672 -1.9875573 -0.3128779 0.22492498 -0.5380808 0.74960977
seq13/frame00018.png 21.33965 -21.795208 -1.7685531 -0.25385836 0.2129352 -0.6131377 0.7171271
seq13/frame00019.png 21.080275 -21.637354 -1.5332226 -0.21770227 0.22459748 -0.630512 0.71023583
seq13/frame00020.png 20.983517 -22.390375 -1.5921936 -0.17875963 0.18522991 -0.6554254 0.70997655
seq13/frame00021.png 21.161413 -22.27008 -1.5984733 -0.10005286 0.14135663 -0.68038905 0.7121726
seq13/frame00022.png 19.791775 -22.488684 -1.8554513 -0.13306007 0.15415344 -0.6523418 0.7299864
seq13/frame00023.png 17.520658 -23.568054 -1.8849069 -0.16988274 0.14488874 -0.6190931 0.75296885
seq13/frame00024.png 18.59294 -22.95348 -1.826587 -0.33535478 0.2459774 -0.53361833 0.7364015
seq13/frame00025.png 18.586313 -22.959097 -2.0057948 -0.3643824 0.26802915 -0.51184726 0.7303702
seq13/frame00026.png 18.242157 -23.484802 -1.9780142 -0.33247495 0.27628127 -0.5330025 0.72738564
seq13/frame00027.png 17.71714 -24.475668 -2.0725288 -0.29519024 0.25646403 -0.5925759 0.70431703
seq13/frame00028.png 16.285122 -24.732117 -1.8559773 -0.20689075 0.23196004 -0.62424785 0.7166726
seq13/frame00029.png 15.667449 -25.62136 -1.0445378 -0.16304882 0.16921543 -0.6469388 0.72534764
seq13/frame00030.png 15.286467 -25.386412 -1.0630317 -0.14766327 0.19756904 -0.64153296 0.7263679
seq13/frame00031.png 15.82046 -25.953093 -1.365479 -0.1530503 0.20282625 -0.6344791 0.7301191
seq13/frame00032.png 15.948434 -25.709087 -1.8506894 -0.16680965 0.21723205 -0.6433977 0.71493834
seq13/frame00033.png 16.084654 -25.349747 -1.653539 -0.190431 0.24064317 -0.61160916 0.7291756
seq13/frame00034.png 15.210379 -26.560131 -1.710456 -0.15215988 0.20604843 -0.6366786 0.7273244
seq13/frame00035.png 12.53922 -26.372335 -1.8761085 -0.22241844 0.18696007 -0.62848634 0.7215276
seq13/frame00036.png 13.210309 -28.027832 -2.2594368 -0.20368126 0.17215738 -0.6652151 0.6975426
seq13/frame00037.png 11.916222 -26.809671 -2.0760427 -0.22425845 0.20210601 -0.6295904 0.71589774
seq13/frame00038.png 10.090206 -25.453365 -1.7904329 -0.22974975 0.21114606 -0.6497783 0.6931519
seq13/frame00039.png 10.666536 -27.053417 -2.072451 -0.23988506 0.25966564 -0.64134264 0.6807582
seq13/frame00040.png 10.646957 -29.392714 -2.4446235 -0.18434839 0.18703419 -0.65192604 0.71140915
seq13/frame00041.png 10.033897 -31.070654 -2.608934 -0.14721861 0.16564351 -0.64424586 0.7321116
seq13/frame00042.png 10.304916 -32.656265 -2.245064 -0.11730291 0.15715207 -0.6642437 0.72135556
seq13/frame00043.png 9.722755 -32.282986 -2.2009478 -0.12659158 0.16767748 -0.66797316 0.7138177
seq13/frame00044.png 9.802187 -33.942978 -2.662133 -0.11284072 0.13957961 -0.676731 0.71396875
seq13/frame00045.png 8.786527 -34.181217 -2.6599514 -0.11999078 0.13165559 -0.66950274 0.7211141
seq13/frame00046.png 8.515294 -34.927933 -2.8579347 -0.09096561 0.13759607 -0.6666904 0.7268621
seq13/frame00047.png 8.785551 -35.540432 -2.885367 -0.06423831 0.1234053 -0.69003147 0.71023566
seq13/frame00048.png 7.5344963 -35.28361 -2.822317 -0.08275312 0.12932791 -0.6850545 0.71210295
seq13/frame00049.png 5.2012177 -32.580067 -2.8265765 -0.115315296 0.16278173 -0.68155926 0.7040871
seq13/frame00050.png 3.7449358 -23.717741 -2.2799132 -0.22919495 0.29593897 -0.6017445 0.7055513
seq13/frame00051.png 8.163755 -30.14594 -2.8645349 -0.16694196 0.23064007 -0.62437934 0.7274141
seq13/frame00052.png 5.439458 -31.346107 -2.7375896 -0.1333001 0.20052697 -0.6381163 0.7312736
seq13/frame00053.png -0.8887769 -30.562029 -2.2374506 -0.06546993 0.12810326 -0.68657845 0.71269214
seq13/frame00054.png 1.4514008 -33.463875 -2.542526 -0.067563176 0.10717272 -0.6951561 0.7078086
seq13/frame00055.png 2.9078076 -36.72158 -2.7430441 0.0088308 0.06570685 -0.6934432 0.7173961
seq13/frame00056.png 2.7600524 -35.912987 -2.575836 0.064096324 0.008605993 -0.686169 0.72459376
seq13/frame00057.png 1.7366805 -36.062836 -2.5439708 0.14819644 -0.02997125 -0.66405535 0.73211265
seq13/frame00058.png 1.2741681 -35.49929 -2.7858465 0.20267783 -0.09215745 -0.64109063 0.7345463
seq13/frame00059.png 0.85339093 -34.7096 -2.7350597 0.22972675 -0.08635914 -0.58771294 0.7710014
seq13/frame00060.png 0.6575812 -33.827957 -2.84582 0.2125198 -0.09333057 -0.5500065 0.80227625
seq13/frame00061.png 0.7621851 -33.410934 -2.583883 0.23791592 -0.0708879 -0.5150319 0.8204841
seq13/frame00062.png -0.32779005 -33.10333 -2.4806254 0.23574728 -0.12430917 -0.54734683 0.79330015
seq13/frame00063.png -1.1203657 -32.06227 -2.351238 0.25321135 -0.14731748 -0.546061 0.78498214
seq13/frame00064.png -1.3078079 -33.38974 -2.541517 0.23024239 -0.12602831 -0.61043084 0.7474609
seq13/frame00065.png -1.9824725 -32.890182 -2.1469238 0.19540894 -0.11499022 -0.63966024 0.73435444
seq13/frame00066.png -2.524515 -32.42859 -2.1791642 0.14402483 -0.067411326 -0.66042125 0.73374563
seq13/frame00067.png -2.9843595 -32.306076 -2.5505676 0.08179629 -0.032172047 -0.65108675 0.7538772
seq13/frame00068.png -3.8327634 -31.664251 -2.5806074 0.07504672 0.005401565 -0.64503604 0.76052254
seq13/frame00069.png -4.2712517 -31.105453 -2.141631 0.069621265 0.0147579545 -0.6480822 0.7581738
seq13/frame00070.png -5.2281795 -30.826206 -2.0070033 0.09230412 0.0126963565 -0.6488916 0.75514054
seq13/frame00071.png -5.366337 -30.10239 -2.046727 0.09122751 0.0012604162 -0.6630918 0.7429279
seq13/frame00072.png -5.493699 -29.727598 -2.2031374 0.10261865 -0.008003996 -0.6489506 0.753835
seq13/frame00073.png -6.1016545 -29.247604 -2.2111976 0.17854291 -0.081787474 -0.6231364 0.75708765
seq13/frame00074.png -6.5825586 -28.757915 -2.2042122 0.23438825 -0.12155438 -0.5802877 0.7704465
seq13/frame00075.png -5.8673096 -27.993324 -2.4873285 0.2642825 -0.17091864 -0.5588998 0.7672322
seq13/frame00076.png -5.447947 -26.920938 -1.9247661 0.33534706 -0.20222111 -0.50846094 0.76690155
seq13/frame00077.png -5.718484 -25.976196 -2.062501 0.38380075 -0.2540352 -0.46557528 0.7559818
seq13/frame00078.png -3.776327 -23.994518 -1.4710047 0.29433048 -0.17694993 -0.4747854 0.81042325
seq13/frame00079.png -4.551435 -21.474672 -0.98905283 0.31098562 -0.20175162 -0.46280736 0.80511814
seq13/frame00080.png -9.23446 -22.045372 -1.6807098 0.40211546 -0.30602655 -0.473271 0.72159696
seq13/frame00081.png -9.68898 -24.861486 -1.956203 0.3262917 -0.2455819 -0.5360472 0.7389503
seq13/frame00082.png -10.611563 -25.130655 -1.8361034 0.29228908 -0.2230664 -0.57921827 0.7273745
seq13/frame00083.png -10.325569 -23.825865 -1.8002121 0.26784623 -0.18910626 -0.5890262 0.7386643
seq13/frame00084.png -11.312086 -23.594309 -1.3447664 0.15215233 -0.08396195 -0.6211273 0.764239
seq13/frame00085.png -9.823047 -24.33674 -1.2377584 0.112476215 -0.08320105 -0.58188266 0.80116427
seq13/frame00086.png -9.747712 -25.586472 -1.4517472 0.0505241 0.0052146567 -0.62703514 0.77724594
seq13/frame00087.png -11.738327 -25.540981 -1.7847753 0.030211003 -0.006713218 -0.63897735 0.76865786
seq13/frame00088.png -11.748293 -23.308916 -1.427922 0.06989111 -0.008107815 -0.6237768 0.778405
seq13/frame00089.png -11.077938 -25.880419 -1.5775772 0.080184594 -0.032003265 -0.6490144 0.7557405
seq13/frame00090.png -14.363832 -21.286259 -1.2495722 0.20972888 -0.12946154 -0.6196574 0.74520856
seq13/frame00091.png -15.337528 -22.628101 -1.8780237 0.34957555 -0.23531987 -0.58253443 0.69521016
seq13/frame00092.png -15.538801 -21.82224 -1.8951529 0.39146277 -0.26683635 -0.5704141 0.67089784
seq13/frame00093.png -15.822973 -21.724352 -1.7964581 0.390597 -0.2661469 -0.5805108 0.66317064
seq13/frame00094.png -16.188934 -21.272177 -1.5260328 0.41151753 -0.28080153 -0.54838175 0.6717528
seq13/frame00095.png -17.035105 -19.857758 -1.419642 0.43412718 -0.27476862 -0.4935595 0.70172584
seq13/frame00096.png -17.732561 -19.202127 -0.9806266 0.47128034 -0.25482836 -0.4083995 0.73891723
seq13/frame00097.png -17.000023 -18.417965 -0.5895004 0.5029691 -0.28896573 -0.36956987 0.7258306
seq13/frame00098.png -17.589827 -18.447557 -0.54557633 0.5018273 -0.2798909 -0.3998493 0.7140734
seq13/frame00099.png -18.12681 -17.566784 -0.68993217 0.5196244 -0.3061439 -0.3998744 0.6903039
seq13/frame00100.png -18.968037 -17.711014 -0.67725325 0.49208784 -0.30072603 -0.42305747 0.6989852
seq13/frame00101.png -17.266644 -16.304157 -0.8088606 0.322159 -0.201581 -0.5179355 0.7664059
seq13/frame00102.png -20.735502 -16.615406 -0.62489885 0.14478287 -0.08380899 -0.6099861 0.7745312
seq13/frame00103.png -22.821896 -13.998933 -0.40792087 0.22306491 -0.119599886 -0.5989433 0.75974226
seq13/frame00104.png -22.782959 -13.815657 -0.5301435 0.22156182 -0.118315876 -0.6061582 0.7546237
seq13/frame00105.png -22.756098 -13.827601 -0.34810728 0.21621442 -0.12124935 -0.60991615 0.7528033
seq13/frame00106.png -21.877325 -14.255996 -0.6808449 0.30581248 -0.17124222 -0.6003154 0.718885
seq13/frame00107.png -21.285635 -13.447433 -0.4447533 0.4297745 -0.26415825 -0.5682576 0.65009475
seq13/frame00108.png -22.54469 -14.36572 -0.42458546 0.4434537 -0.22728188 -0.5941151 0.63164824
seq13/frame00109.png -23.02344 -11.190977 -0.12386713 0.5515666 -0.328401 -0.5256426 0.55806214
seq13/frame00110.png -22.773352 -12.263997 -0.5346446 0.5300606 -0.35605633 -0.48953828 0.5935379
seq13/frame00111.png -24.409632 -11.102216 -0.61379075 0.50552976 -0.34815007 -0.50335103 0.6081315
seq13/frame00112.png -25.242144 -11.337171 -0.3828385 0.47622716 -0.34686914 -0.5136176 0.62393117
seq13/frame00113.png -25.841215 -10.9874525 -0.2836766 0.48393923 -0.32806203 -0.50993234 0.63124466
seq13/frame00114.png -26.511847 -11.066804 -0.33548382 0.4634956 -0.307529 -0.53353846 0.637101
seq13/frame00115.png -27.248468 -10.6038475 -0.34659025 0.47522324 -0.3405779 -0.5275064 0.61639
seq13/frame00116.png -27.727861 -9.886071 -0.37705746 0.5001975 -0.3264733 -0.48127592 0.64160484
seq13/frame00117.png -26.6448 -9.439083 -0.5060372 0.5305434 -0.333048 -0.45811892 0.63078755
seq13/frame00118.png -28.94264 -9.194506 -0.12820658 0.53871256 -0.32752085 -0.43429545 0.6434144
seq13/frame00119.png -28.319149 -8.846908 -0.10726265 0.5337157 -0.33842883 -0.42916143 0.645288
seq13/frame00120.png -29.715937 -8.694132 -0.290987 0.5343847 -0.3501772 -0.4325041 0.6361531
seq13/frame00121.png -29.964712 -8.252385 0.075672455 0.5370793 -0.36755827 -0.4023048 0.6438176
seq13/frame00122.png -30.418291 -8.6947 -0.22547138 0.4934874 -0.30714786 -0.4575216 0.6729431
seq13/frame00123.png -30.8124 -7.489256 -0.109510124 0.51105946 -0.32826743 -0.44289333 0.6595066
seq13/frame00124.png -32.790123 -6.4545054 0.06415345 0.49731943 -0.3597424 -0.4225018 0.66678226
seq13/frame00125.png -33.56604 -6.047254 -0.17026985 0.5653549 -0.40912458 -0.40481424 0.5907087
seq13/frame00126.png -33.02412 -5.4239907 -0.11053058 0.5739985 -0.40371704 -0.36837918 0.60968393
seq13/frame00127.png -34.33523 -5.116281 -0.13835478 0.57349867 -0.38264856 -0.3994179 0.60406005
seq13/frame00128.png -34.92846 -4.589354 0.20167972 0.5409494 -0.37525472 -0.4253183 0.62110245
seq13/frame00129.png -36.827442 -3.9949353 0.0945955 0.5700217 -0.36492312 -0.43650046 0.5931621
seq13/frame00130.png -36.918133 -3.3232865 0.07958991 0.5271831 -0.3555073 -0.43268773 0.63907814
seq13/frame00131.png -37.263905 -2.5904305 0.0147252595 0.54285043 -0.35266995 -0.44344142 0.61970204
seq13/frame00132.png -36.979916 -0.77235425 0.13389063 0.5678499 -0.37697095 -0.43314898 0.5900605
seq13/frame00133.png -37.932858 -2.215281 0.054775607 0.5567403 -0.3598498 -0.42687944 0.61490077
seq13/frame00134.png -38.188114 -1.2053356 -0.07152144 0.57971835 -0.37021464 -0.4392716 0.5778056
seq13/frame00135.png -38.255795 -0.9013486 0.3772738 0.53875804 -0.35980654 -0.44729775 0.61666363
seq13/frame00136.png -38.432045 -0.4497984 0.2626699 0.5477487 -0.36556184 -0.46107906 0.5947585
seq13/frame00137.png -35.486416 4.031396 0.8101403 0.63333416 -0.414384 -0.36998415 0.53856426
seq13/frame00138.png -38.55404 1.1764437 0.6848667 0.56837696 -0.39996564 -0.4410942 0.56781095
seq13/frame00139.png -36.304558 6.8590803 0.7318121 0.58937925 -0.43476555 -0.4146094 0.5402516
seq13/frame00140.png -40.451366 4.2351704 0.9474509 0.5948923 -0.42823976 -0.40392205 0.5472823
seq13/frame00141.png -41.410263 3.8714058 0.9837022 0.59137464 -0.38794395 -0.43519637 0.55705917
seq13/frame00142.png -41.54943 4.4320583 1.2875199 0.6007494 -0.40765488 -0.4275446 0.5384546
seq13/frame00143.png -41.59658 4.557225 1.151091 0.590632 -0.39335647 -0.45409173 0.53858906
seq13/frame00144.png -41.13369 4.888682 1.0185505 0.56153184 -0.37944597 -0.48852 0.549502
seq13/frame00145.png -41.63397 7.022712 1.3563585 0.56994134 -0.40454683 -0.4555182 0.5514685
seq13/frame00146.png -42.449898 7.1253242 1.3180065 0.5319184 -0.38589978 -0.46037263 0.59681237
seq13/frame00147.png -42.036507 8.526972 1.2718217 0.5465635 -0.3929367 -0.47886288 0.56367075
seq13/frame00148.png -41.706913 9.047029 1.5756221 0.52240413 -0.3430057 -0.5024904 0.59724855
seq13/frame00149.png -41.50718 9.4543915 1.7193491 0.52424836 -0.33537742 -0.5008147 0.6016632
seq13/frame00150.png -40.443665 9.578031 1.6910596 0.530618 -0.30003121 -0.5345373 0.5854682
seq13/frame00151.png -39.47343 9.8954935 1.4135104 0.4830938 -0.34949803 -0.54690206 0.58769923
seq13/frame00152.png -37.55395 13.151711 1.6876309 0.49559277 -0.36782557 -0.53308016 0.57898337
seq13/frame00153.png -37.70822 12.913205 1.6912462 0.5220065 -0.40128872 -0.5098521 0.5534477
seq13/frame00154.png -37.63931 12.618379 1.2914823 0.510143 -0.39987385 -0.52323157 0.5532782
seq13/frame00155.png -37.57152 13.876707 1.4131465 0.5959155 -0.42797688 -0.44539344 0.51307315
seq13/frame00156.png -38.50007 13.538296 1.6541859 0.57454425 -0.39858055 -0.45365268 0.5526012
seq13/frame00157.png -37.258854 13.916287 1.400698 0.58941865 -0.39976877 -0.45163703 0.53768224
seq13/frame00158.png -37.96077 14.469716 1.5642675 0.5792348 -0.38728783 -0.46824953 0.5433934
seq13/frame00159.png -37.316967 15.329566 1.6965226 0.59741735 -0.39150807 -0.42856106 0.5534063
seq13/frame00160.png -36.50966 15.77607 1.917469 0.59521437 -0.35959738 -0.45016024 0.5601591
seq13/frame00161.png -36.22215 16.63532 2.0249312 0.6170648 -0.36728588 -0.4262618 0.55021393
seq13/frame00162.png -35.76965 17.102001 2.0012057 0.62257296 -0.38324454 -0.4312077 0.5287575
seq13/frame00163.png -35.23331 17.891266 2.1023674 0.63378483 -0.3879159 -0.42770854 0.51449305
seq13/frame00164.png -35.03425 18.459782 1.9979012 0.64472413 -0.41773143 -0.40343633 0.4972714
seq13/frame00165.png -34.363266 19.044575 2.063823 0.6906064 -0.4387802 -0.36339015 0.4455454
seq13/frame00166.png -33.62175 19.343346 2.0627809 0.6887308 -0.43618065 -0.34925002 0.4619561
seq13/frame00167.png -33.42293 20.297966 2.2444627 0.7085693 -0.441626 -0.33675787 0.43549255
seq13/frame00168.png -33.007713 20.58172 1.9967022 0.7194388 -0.46265078 -0.30277732 0.42061308
seq13/frame00169.png -32.813705 21.335346 2.1406293 0.7496205 -0.44846788 -0.28121144 0.39731067
seq13/frame00170.png -32.697636 21.50349 2.1915798 0.7339512 -0.45738134 -0.25611335 0.43177295
seq13/frame00171.png -32.285645 22.701157 2.3078613 0.7038304 -0.49443954 -0.2529615 0.44300333
seq13/frame00172.png -31.612938 23.409016 2.4910245 0.7414703 -0.4969561 -0.22329348 0.39155796
seq13/frame00173.png -31.901556 23.64581 2.3136983 0.7542886 -0.46691126 -0.21470347 0.40849808
seq13/frame00174.png -31.292004 23.95792 2.3606641 0.7753133 -0.45464462 -0.21943474 0.37946656
seq13/frame00175.png -29.856874 24.830889 2.435183 0.79001504 -0.45684826 -0.20810442 0.3519499
seq13/frame00176.png -29.514738 24.48211 2.4453256 0.8107858 -0.4543054 -0.19284864 0.31473112
seq13/frame00177.png -28.418438 25.165459 2.4260814 0.8318304 -0.4384223 -0.16858014 0.29565015
seq13/frame00178.png -27.575928 25.409752 2.4482224 0.83228725 -0.46696857 -0.17397937 0.24279432
seq13/frame00179.png -27.423306 26.083937 2.6946912 0.8268522 -0.47847044 -0.16454227 0.24552244
seq13/frame00180.png -26.473135 26.44292 2.7388508 0.8243532 -0.47517887 -0.18160354 0.24843247
seq13/frame00181.png -25.721375 27.015903 2.6943598 0.8136007 -0.46974072 -0.21065421 0.2703202
seq13/frame00182.png -24.646538 27.353046 2.5990577 0.8273501 -0.46637994 -0.16811256 0.26375997
seq13/frame00183.png -24.143927 27.543608 2.4603908 0.84018517 -0.4685018 -0.13477266 0.23745702
seq13/frame00184.png -24.314978 27.709558 2.6532114 0.83531964 -0.48725694 -0.1383956 0.21374121
seq13/frame00185.png -23.680882 28.296284 2.591581 0.8136409 -0.52350706 -0.14927919 0.20405015
seq13/frame00186.png -22.885855 28.688177 2.666218 0.83997923 -0.4946776 -0.13338652 0.17880377
seq13/frame00187.png -22.220478 28.708984 2.532921 0.8333243 -0.49900422 -0.14832129 0.1859577
seq13/frame00188.png -21.548199 29.08311 2.4938903 0.8396631 -0.4883983 -0.15411168 0.18010369
seq13/frame00189.png -21.036797 29.415977 2.1614525 0.81947213 -0.5104744 -0.16923194 0.19822532
seq13/frame00190.png -19.832062 30.274405 2.4646566 0.83891577 -0.49788254 -0.16000597 0.15023008
seq13/frame00191.png -19.729582 30.24436 2.7350636 0.82759005 -0.50486207 -0.17759247 0.16977528
seq13/frame00192.png -18.938232 31.233074 2.8249369 0.83744305 -0.49215993 -0.17073838 0.16563912
seq13/frame00193.png -18.92011 31.528212 2.5639522 0.8165445 -0.52933663 -0.15772869 0.16738781
seq13/frame00194.png -18.289087 31.283049 2.450068 0.8345523 -0.5072259 -0.14337592 0.16028523
seq13/frame00195.png -17.612944 31.867016 2.6166725 0.82484746 -0.54252774 -0.12122497 0.10364469
seq13/frame00196.png -17.127583 32.607407 2.607958 0.8218366 -0.54216796 -0.13317728 0.11399167
seq13/frame00197.png -15.421362 30.383907 2.5970204 0.78856367 -0.6031014 -0.104237705 0.059636984
seq13/frame00198.png -14.509304 29.133097 2.7548623 0.7826751 -0.60805786 -0.08691086 0.100196116
seq13/frame00199.png -9.579604 30.271856 2.9779904 0.7695461 -0.63822705 -0.013861931 0.01338748
seq13/frame00200.png -13.988658 32.588707 3.1846979 0.7830508 -0.60047543 -0.1494586 0.06150501
seq13/frame00201.png -13.456118 35.005558 3.2182784 0.77024513 -0.6227665 -0.13242765 0.039243836
seq13/frame00202.png -12.6663685 34.786137 3.090342 0.7709088 -0.62716544 -0.1098843 0.011676853
seq13/frame00203.png -12.56106 34.831234 2.8370833 0.7848726 -0.60985297 -0.09849758 0.047038607
seq13/frame00204.png -11.812955 34.695583 2.649644 0.80575246 -0.59135824 -0.025509961 0.018073143
seq13/frame00205.png -11.013831 34.4832 2.679786 0.8286645 -0.55841327 -0.013281784 0.03711183
seq13/frame00206.png -10.913023 34.078922 2.756132 0.818684 -0.5742922 0.0007753688 -0.0110213235
seq13/frame00207.png -9.874049 34.223053 2.576411 0.8298405 -0.5574342 -0.023027407 -0.014092767
seq13/frame00208.png -9.708477 33.897705 2.6562963 0.81160015 -0.5834057 -0.029163124 0.011206604
seq13/frame00209.png -10.134455 33.416668 2.3994458 0.82621366 -0.5548755 -0.086660415 0.04350553
seq13/frame00210.png -10.167705 34.61096 2.5638072 0.8278164 -0.55503243 -0.08182298 -0.0059842397
seq13/frame00211.png -8.338 33.111774 2.5209758 0.8277435 -0.56015575 -0.017585577 -0.032180615
seq13/frame00212.png -8.061281 32.41587 2.547839 0.8374433 -0.5456301 0.0027668437 -0.031718608
seq13/frame00213.png -7.4635324 32.291702 2.3878505 0.81355244 -0.5805984 0.0042904154 -0.03289741
seq13/frame00214.png -6.6133623 31.217148 2.3900597 0.8261196 -0.5620174 0.028533325 -0.025130471
seq13/frame00215.png -6.666276 31.878498 2.4804184 0.8161809 -0.5746895 0.037300825 -0.048550103
seq13/frame00216.png -5.475301 31.041647 2.4396522 0.8159285 -0.57775104 -0.0050110547 -0.021933781
seq13/frame00217.png -4.7072787 31.311666 2.5690894 0.8086573 -0.587623 -0.00282774 -0.023373375
seq13/frame00218.png -4.373859 31.09698 2.6634717 0.8026712 -0.5956014 -0.025584923 0.012043953
seq13/frame00219.png -3.5833285 30.520754 2.778849 0.80297196 -0.59457296 -0.042964008 -0.002433152
seq13/frame00220.png -2.208589 30.188412 2.4396002 0.8056976 -0.5918904 0.002550396 -0.017945822
seq13/frame00221.png -2.463844 29.70091 2.4592032 0.8181295 -0.57201606 -0.05184153 0.027789433
seq13/frame00222.png -1.8280983 29.586622 2.4775445 0.82250684 -0.56607217 -0.03857292 0.037983995
seq13/frame00223.png -1.3403383 29.089588 2.2600257 0.81734484 -0.5721527 -0.049295515 0.046595495
seq13/frame00224.png -0.2007852 29.028706 2.232572 0.8142683 -0.58046 -0.009471783 5.622237e-05
seq13/frame00225.png 0.41768366 28.872122 2.1659615 0.8130166 -0.58133763 0.011873848 -0.029461699
seq13/frame00226.png 1.4044766 28.63479 2.0925097 0.8045665 -0.5892523 0.026987083 -0.06760941
seq13/frame00227.png 1.7132909 28.128504 2.059761 0.80429405 -0.592006 -0.016434178 -0.048550013
seq13/frame00228.png 1.9685919 27.745434 1.9161702 0.81823254 -0.5731016 -0.0066810152 -0.044761557
seq13/frame00229.png 3.2767155 27.736216 2.0964897 0.8250924 -0.5644812 -0.01118301 -0.024847591
seq13/frame00230.png 4.699937 26.885868 1.8991207 0.8314493 -0.5555439 -0.009816918 -0.003970168
seq13/frame00231.png 4.7154665 27.050543 1.9249077 0.8307636 -0.55544806 -0.0245164 0.029064098
seq13/frame00232.png 5.388956 26.724634 2.0101202 0.83419305 -0.5495412 0.0419152 -0.018206505
seq13/frame00233.png 6.1838746 26.082203 1.7611287 0.8403636 -0.5385509 0.043419015 -0.044804323
seq13/frame00234.png 6.7658167 25.948757 1.7402781 0.8345739 -0.54806143 0.05436253 -0.013272223
seq13/frame00235.png 7.468793 25.234509 1.538411 0.8496894 -0.52188075 0.06798787 -0.031661518
seq13/frame00236.png 8.12857 25.00634 1.7709105 0.8476961 -0.523559 0.07419674 -0.042244967
seq13/frame00237.png 8.165279 24.45208 1.5896086 0.84334546 -0.5303131 0.0830316 -0.026791655
seq13/frame00238.png 8.900501 23.559484 1.4419289 0.8647757 -0.49724972 0.048292294 -0.050618984
seq13/frame00239.png 9.897812 22.6182 1.554748 0.88371056 -0.4654759 0.036133323 -0.03301661
seq13/frame00240.png 11.547783 21.11693 1.3250074 0.8867088 -0.45898974 0.045254633 -0.030916905
seq13/frame00241.png 11.489765 20.91641 1.6520042 0.8944268 -0.44438294 0.03929758 -0.031704966
seq13/frame00242.png 11.538678 21.468157 1.4282413 0.86614174 -0.49718535 0.030085333 -0.041677326
seq13/frame00243.png 11.712019 21.236258 1.5040203 0.81919366 -0.56743574 0.03171623 -0.07666147
seq13/frame00244.png 12.354656 21.028753 1.6600106 0.8207173 -0.56967527 0.0077300486 -0.043357726
seq13/frame00245.png 12.497374 20.370117 1.3544594 0.8037424 -0.59441406 0.00778476 -0.021964708
seq13/frame00246.png 9.82326 22.671345 1.5354002 0.79445684 -0.6067048 -0.01725658 0.020272711
seq13/frame00247.png 10.126011 21.632885 1.6849871 0.7858725 -0.61518246 -0.06100025 0.012456121
seq13/frame00248.png 10.372472 22.287857 1.6772462 0.7973464 -0.6031183 -0.006374403 -0.015785482
seq13/frame00249.png 14.232208 18.686451 1.6515781 0.7890344 -0.5976881 0.08484468 -0.11436215
seq13/frame00250.png 13.884132 17.846748 1.8638799 0.7642854 -0.5927347 0.16162442 -0.19605109
seq13/frame00251.png 13.091511 18.265457 0.9871162 0.685395 -0.56374305 0.29368943 -0.35505185
seq13/frame00252.png 15.992527 16.300312 0.71488273 0.6510483 -0.55433655 0.3423742 -0.3898194
seq13/frame00253.png 15.278791 15.121272 1.038135 0.6480299 -0.50054693 0.3737282 -0.43583268
seq13/frame00254.png 18.06688 14.555958 0.82806826 0.61482334 -0.44678116 0.44823992 -0.4705507
seq13/frame00255.png 20.026335 11.911227 0.762139 0.66118616 -0.4327734 0.3938113 -0.46945897
seq13/frame00256.png 19.572586 11.689037 0.6670002 0.68021667 -0.43286672 0.33460447 -0.4876993
seq13/frame00257.png 17.411566 13.772326 0.5875849 0.70682293 -0.48255858 0.3117513 -0.41263202
seq13/frame00258.png 16.578966 15.382548 0.7021539 0.64058006 -0.5025792 0.35383552 -0.4603827
seq13/frame00259.png 14.3577795 15.488907 0.9936825 0.6781841 -0.541332 0.2812099 -0.40964705
seq13/frame00260.png 17.610226 13.357798 0.73683524 0.7719963 -0.4806246 0.23129538 -0.34557873
seq13/frame00261.png 19.907879 11.020645 0.7031748 0.79643434 -0.4746816 0.21171676 -0.3093428
seq13/frame00262.png 19.972893 10.648084 0.34462252 0.81516343 -0.49426436 0.15788193 -0.2574798
seq13/frame00263.png 19.67081 10.788077 0.38932905 0.7803478 -0.5506971 0.17280595 -0.24091843
seq13/frame00264.png 20.810776 9.764001 0.15966964 0.7727423 -0.5390898 0.1921489 -0.27440068
seq13/frame00265.png 20.040075 10.039852 0.44057855 0.76939565 -0.5547759 0.1808955 -0.25973272
seq13/frame00266.png 20.027792 9.852648 0.42507824 0.760776 -0.5670631 0.17506416 -0.26260963
seq13/frame00267.png 18.376722 10.2561035 0.46031246 0.7306705 -0.56469125 0.23814599 -0.30091247
seq13/frame00268.png 20.533636 9.758298 0.386008 0.7410174 -0.5730852 0.21239023 -0.27834302
seq13/frame00269.png 20.937206 9.409923 0.25646737 0.7201783 -0.5950128 0.2352875 -0.26822627
seq13/frame00270.png 21.855415 9.498405 0.35789958 0.7002355 -0.5559216 0.29908538 -0.33347604
seq13/frame00271.png 22.293186 9.267763 0.46053365 0.7175508 -0.5342646 0.29672387 -0.33410597
seq13/frame00272.png 24.837341 8.109913 0.09528496 0.7431567 -0.50984097 0.29361552 -0.31857425
seq13/frame00273.png 26.210016 7.5788913 0.018971816 0.74449074 -0.48867962 0.28805774 -0.3520151
seq13/frame00274.png 26.413628 7.324697 -0.023946073 0.7758531 -0.4752085 0.28885767 -0.29804936
seq13/frame00275.png 26.9923 6.136881 0.030759476 0.7788352 -0.4625395 0.29806533 -0.30139735
seq13/frame00276.png 27.987078 7.2142386 -0.23170443 0.76234967 -0.4852485 0.30961698 -0.29551613
seq13/frame00277.png 28.600666 5.9427285 -0.2585894 0.7714968 -0.48581937 0.2828833 -0.29789287
seq13/frame00278.png 29.311136 6.361079 -0.07088386 0.71966946 -0.5351921 0.29404804 -0.33022135
seq13/frame00279.png 30.141783 6.7972574 -0.042451587 0.7166218 -0.5283784 0.30270416 -0.34009054
seq13/frame00280.png 30.602919 5.8458133 -0.054402485 0.6887264 -0.54110885 0.32262698 -0.35875064
seq13/frame00281.png 31.326347 5.574429 -0.25099486 0.7009042 -0.51456577 0.34781995 -0.350658
seq13/frame00282.png 31.722935 4.6419625 -0.3363779 0.68075997 -0.5118993 0.36516497 -0.3758293
seq13/frame00283.png 32.856407 4.0610304 -0.50791013 0.6743986 -0.480742 0.38660684 -0.40567347
seq13/frame00284.png 33.44045 3.7945776 -0.28957742 0.6710845 -0.5020548 0.3786561 -0.39265126
seq13/frame00285.png 33.26417 2.8291185 -0.29520515 0.6538256 -0.53901315 0.3732062 -0.37755042
seq13/frame00286.png 33.49856 2.441249 -0.34337422 0.6606617 -0.50936955 0.38628742 -0.3932852
seq13/frame00287.png 34.245575 1.6976335 -0.33848786 0.6741885 -0.47430128 0.37681016 -0.42248723
seq13/frame00288.png 34.501972 0.8397205 -0.62953734 0.6415115 -0.5079757 0.35934022 -0.44868922
seq13/frame00289.png 34.687042 0.34608015 -0.38575733 0.61756575 -0.51048034 0.39470372 -0.4496374
seq13/frame00290.png 34.617466 -0.10432223 -0.48691407 0.6235511 -0.51849395 0.3788541 -0.4457591
seq13/frame00291.png 34.46355 -0.9060667 -0.5811898 0.61733234 -0.5155771 0.41158226 -0.4285501
seq13/frame00292.png 34.592434 -1.6572173 -0.81200576 0.59900224 -0.52952003 0.409354 -0.43972182
seq13/frame00293.png 34.284695 -2.0783775 -0.9242015 0.5956271 -0.5198187 0.43045387 -0.4354435
seq13/frame00294.png 34.04805 -3.0705245 -0.68986475 0.59749085 -0.51911414 0.4008783 -0.46115604
seq13/frame00295.png 33.441483 -3.759346 -0.76879215 0.5849028 -0.5161553 0.41586944 -0.46745014
seq13/frame00296.png 33.22951 -4.355598 -0.94087064 0.5612944 -0.5137407 0.4270879 -0.48838946
seq13/frame00297.png 32.614315 -4.7462792 -0.8460477 0.5557527 -0.5177659 0.4327613 -0.48543432
seq13/frame00298.png 32.54434 -5.778625 -0.9553159 0.5496798 -0.5101705 0.43841252 -0.49533865
seq13/frame00299.png 31.500238 -6.663476 -1.1788315 0.5617533 -0.48358917 0.45208144 -0.4961388
seq13/frame00300.png 31.18098 -7.0485444 -1.0921482 0.5423267 -0.49073344 0.46975204 -0.49426568
seq13/frame00301.png 31.387148 -6.9240026 -1.0504737 0.5457554 -0.5175213 0.44079134 -0.4895355
seq13/frame00302.png 30.841997 -8.029704 -1.1381495 0.5313639 -0.4690722 0.48001158 -0.51746774
seq13/frame00303.png 29.329998 -8.123511 -0.84680426 0.53943235 -0.46425024 0.4771753 -0.515508
seq13/frame00304.png 28.201328 -5.9976377 -0.074947484 0.4941289 -0.42915604 0.538459 -0.53086776
seq13/frame00305.png 28.372822 -6.1940746 -0.4192764 0.4904274 -0.42025346 0.5507259 -0.5283496
seq13/frame00306.png 29.16783 -8.809176 -0.68636334 0.54316556 -0.47136295 0.46527934 -0.5162141
seq13/frame00307.png 27.906578 -9.55822 -1.1537495 0.5437852 -0.4714781 0.44452065 -0.53318065
seq13/frame00308.png 26.921732 -9.547451 -1.1892823 -0.5564118 0.4216254 -0.4299028 0.57252735
seq13/frame00309.png 26.984282 -9.120348 -1.6490535 -0.55771804 0.39696723 -0.38305894 0.62042975
seq13/frame00310.png 26.806957 -9.062855 -1.4335878 -0.5772503 0.3276656 -0.36081886 0.65511423
seq13/frame00311.png 27.343756 -10.708224 -1.2632242 -0.5513499 0.2765017 -0.3138483 0.7220016
seq13/frame00312.png 27.0638 -12.580941 -0.8148033 -0.51857895 0.227251 -0.30712098 0.7649903
seq13/frame00313.png 26.692421 -12.68381 -1.2124455 -0.4996627 0.2261795 -0.3308479 0.7679992
seq13/frame00314.png 23.345997 -16.886328 -1.3312845 -0.35534903 0.14664246 -0.3450569 0.85623986
seq13/frame00315.png 24.133585 -14.651469 -1.8277436 -0.3630157 0.19736156 -0.37831733 0.82822895
seq13/frame00316.png 25.124945 -15.385484 -1.398212 -0.38622767 0.18326491 -0.41275957 0.80428755
seq13/frame00317.png 23.566319 -14.722387 -2.0061984 -0.35758007 0.17503254 -0.48922196 0.7760743
seq13/frame00318.png 23.272282 -14.714171 -2.1405513 -0.3656529 0.20543934 -0.53736067 0.7315452
seq13/frame00319.png 22.37693 -15.52958 -2.0486274 -0.2864446 0.19824117 -0.56946737 0.74463594
seq13/frame00320.png 23.37836 -16.215504 -2.192128 -0.29542524 0.2088189 -0.6049823 0.70915
seq13/frame00321.png 22.662096 -16.873167 -2.0602403 -0.25125393 0.18987617 -0.6102659 0.726861
seq13/frame00322.png 22.212494 -17.79215 -1.93009 -0.22256202 0.17275086 -0.62968045 0.72385633
seq13/frame00323.png 21.883135 -18.531322 -1.8357389 -0.19701977 0.16524744 -0.64016986 0.7240675
seq13/frame00324.png 21.074394 -18.758926 -1.8860872 -0.1487246 0.15656649 -0.6516504 0.7270465
seq13/frame00325.png 20.82261 -19.379797 -1.6325806 -0.14607503 0.13986415 -0.6446369 0.73730105
seq13/frame00326.png 20.938707 -19.779003 -1.9710767 -0.12553269 0.10885035 -0.659914 0.73277384
seq13/frame00327.png 21.431656 -20.62085 -1.8453844 -0.14240408 0.13962367 -0.63428307 0.7468154
seq13/frame00328.png 20.67452 -21.032978 -1.8492689 -0.109594464 0.111230046 -0.6351087 0.756436
seq13/frame00329.png 21.2284 -21.544193 -1.7748424 -0.11897463 0.14119302 -0.63002557 0.75425965
seq13/frame00330.png 20.136314 -21.951748 -1.6542826 -0.06726303 0.104516864 -0.61415225 0.77932864
seq13/frame00331.png 19.388784 -23.019016 -1.7870984 -0.113417186 0.113392666 -0.5989351 0.7845734
seq13/frame00332.png 18.843813 -23.244648 -1.7406996 -0.082132146 0.10740427 -0.6107404 0.780261
seq13/frame00333.png 17.556314 -23.832066 -1.9593997 -0.08508878 0.07871698 -0.5965896 0.7940643
seq13/frame00334.png 17.631102 -24.255348 -2.1214983 -0.07412087 0.07454133 -0.59888554 0.79398113
seq13/frame00335.png 17.015379 -24.15431 -1.9567906 -0.078416094 0.0612249 -0.5998228 0.7939358
seq13/frame00336.png 16.598217 -24.789755 -2.128966 -0.06874774 0.053234052 -0.6148907 0.7837475
seq13/frame00337.png 15.86455 -25.286745 -1.6791586 -0.09783528 0.04946498 -0.5974154 0.7945281
seq13/frame00338.png 15.437254 -25.629482 -1.9962875 -0.094481796 0.057720527 -0.58376133 0.8042681
seq13/frame00339.png 14.6402 -26.117107 -2.2097578 -0.11322853 0.037294954 -0.5623567 0.8182635
seq13/frame00340.png 14.757905 -26.41256 -2.0721414 -0.11140505 0.08005886 -0.5659874 0.81284314
seq13/frame00341.png 14.169386 -26.760723 -2.3010104 -0.06073436 0.04484521 -0.5942705 0.8006864
seq13/frame00342.png 13.521313 -24.409876 -2.4274807 -0.008345433 0.04325062 -0.5982357 0.80007994
seq13/frame00343.png 12.817808 -26.719204 -2.7990105 0.028007163 -0.012572147 -0.60109043 0.79864734
seq13/frame00344.png 13.521723 -25.642475 -1.9361053 -0.025601204 0.05088745 -0.57830304 0.8138358
seq13/frame00345.png 11.921428 -26.02765 -2.1405942 0.034063917 0.0051292973 -0.6099436 0.7917443
seq13/frame00346.png 12.386033 -25.332949 -2.6781452 0.0106220525 0.02449948 -0.6060266 0.7949622
seq13/frame00347.png 11.056472 -25.707327 -2.458487 0.036493916 0.032229163 -0.6387549 0.7680515
seq13/frame00348.png 10.821476 -25.647476 -1.9114007 0.043153368 -0.0009188679 -0.65856326 0.7513763
seq13/frame00349.png 10.992871 -25.342033 -1.9202205 0.04650689 0.02063898 -0.65416 0.7546591
seq13/frame00350.png 10.76809 -25.164299 -1.9484289 0.053363763 0.017997332 -0.6624786 0.7469708
seq3/frame00001.png 14.767041 -33.732048 -2.8609524 -0.10199702 0.065694645 -0.6508369 0.74957824
seq3/frame00002.png 14.230381 -33.59285 -2.750021 -0.097459204 0.05742407 -0.64365023 0.7568117
seq3/frame00003.png 14.599418 -33.50798 -2.8623574 -0.10258606 0.05871577 -0.64051276 0.7586981
seq3/frame00004.png 14.560776 -33.559902 -2.9226592 -0.10119168 0.060363054 -0.6066734 0.78620106
seq3/frame00005.png 14.981995 -33.399216 -2.8756595 -0.116395056 0.061084896 -0.54673874 0.82689345
seq3/frame00006.png 14.73819 -33.229427 -2.6155128 -0.10401506 0.056582626 -0.49614832 0.86009353
seq3/frame00007.png 14.189486 -32.528347 -2.604693 -0.09471024 0.052427407 -0.45638236 0.88322514
seq3/frame00008.png 14.7173815 -32.616272 -2.578394 -0.09683855 0.054867893 -0.4341315 0.893957
seq3/frame00009.png 14.420337 -32.11 -2.4928048 -0.118806735 0.050879307 -0.4676592 0.8744816
seq3/frame00010.png 15.146076 -33.37138 -2.714547 -0.16647694 0.108147375 -0.545525 0.8143279
seq3/frame00011.png 14.7073 -32.584545 -2.787369 -0.20593186 0.1768986 -0.5954266 0.7560637
seq3/frame00012.png 19.145437 -27.061552 -2.2454882 -0.18640997 0.23252636 -0.66862494 0.6813224
seq3/frame00013.png 14.045916 -32.956448 -2.5751817 -0.1675222 0.15345082 -0.650405 0.72480774
seq3/frame00014.png 15.632705 -32.81903 -2.9196997 -0.040611506 0.08035707 -0.6852821 0.72274846
seq3/frame00015.png 15.0371475 -31.943964 -2.7904944 -0.0024361871 0.012431661 -0.683537 0.7297842
seq3/frame00016.png 15.161911 -32.23179 -2.73757 -0.013914727 0.025797775 -0.64994276 0.7593611
seq3/frame00017.png 15.054174 -32.4136 -2.6808658 -0.033014506 0.01897416 -0.63040876 0.7753007
seq3/frame00018.png 15.827721 -31.921343 -2.5489202 -0.116672896 0.040540244 -0.6005057 0.7900291
seq3/frame00019.png 16.103579 -31.503063 -2.6523952 -0.17444643 0.113543645 -0.5744982 0.79155356
seq3/frame00020.png 16.244022 -30.826166 -2.751128 -0.2375036 0.11218698 -0.4921065 0.8299904
seq3/frame00021.png 17.335632 -29.763687 -2.6757705 -0.27491844 0.14824913 -0.43599194 0.8439743
seq3/frame00022.png 16.690578 -29.718372 -2.8197827 -0.25701332 0.123100996 -0.45167026 0.84545517
seq3/frame00023.png 17.387756 -28.157877 -3.0642307 -0.29344288 0.15667981 -0.42124346 0.8437515
seq3/frame00024.png 18.04527 -28.102268 -3.1179092 -0.26138902 0.1610372 -0.47967377 0.8218756
seq3/frame00025.png 20.063066 -25.633842 -2.259768 -0.3530862 0.23217897 -0.51572275 0.7453103
seq3/frame00026.png 20.135525 -26.315367 -2.0255795 -0.2944315 0.24381611 -0.5805016 0.7188181
seq3/frame00027.png 19.665194 -27.313328 -2.486448 -0.2881426 0.19777046 -0.61236745 0.7091895
seq3/frame00028.png 20.830238 -26.190895 -2.1488414 -0.3348302 0.24004655 -0.55834943 0.7200701
seq3/frame00029.png 21.013706 -25.887627 -2.25353 -0.30180642 0.2203584 -0.553623 0.7441412
seq3/frame00030.png 21.541815 -25.405933 -2.1795688 -0.30321938 0.23756272 -0.54536587 0.7443315
seq3/frame00031.png 22.196035 -25.21042 -2.0490015 -0.3150806 0.2206058 -0.54278046 0.74662906
seq3/frame00032.png 22.70714 -24.814611 -2.188094 -0.3194688 0.25258127 -0.53147304 0.7427228
seq3/frame00033.png 23.384943 -24.539639 -2.3024957 -0.34911478 0.24691966 -0.5243973 0.73616135
seq3/frame00034.png 23.621218 -23.727957 -2.099458 -0.29207778 0.2535103 -0.5943268 0.7050838
seq3/frame00035.png 23.508795 -23.608541 -2.2129877 -0.30763498 0.2272053 -0.5739288 0.7240441
seq3/frame00036.png 23.874016 -23.440622 -2.457034 -0.29805723 0.19352986 -0.54715466 0.75793976
seq3/frame00037.png 24.011566 -23.29422 -2.2862318 -0.30950412 0.15307859 -0.48858398 0.80125225
seq3/frame00038.png 24.400017 -23.304106 -2.7309203 -0.33107826 0.13953191 -0.4149837 0.8360325
seq3/frame00039.png 24.435194 -23.496317 -2.5069838 -0.33139312 0.12147406 -0.35776708 0.8644997
seq3/frame00040.png 24.61387 -22.933863 -2.0194712 -0.35286576 0.113424666 -0.34177744 0.8636273
seq3/frame00041.png 25.063274 -23.271353 -1.9433985 -0.3613874 0.12340124 -0.35295767 0.8542705
seq3/frame00042.png 24.549881 -22.81341 -2.1222754 -0.37037832 0.13139279 -0.35624847 0.8477052
seq3/frame00043.png 23.310553 -22.955324 -2.167698 -0.39843944 0.18633693 -0.40657622 0.8006974
seq3/frame00044.png 24.034355 -23.437643 -2.1960635 -0.4209523 0.2622332 -0.48824883 0.71796465
seq3/frame00045.png 23.681604 -22.412785 -2.0512192 -0.4545711 0.34904927 -0.5131116 0.6389509
seq3/frame00046.png 19.28165 -23.150848 -2.1806872 -0.36983752 0.33037445 -0.56316483 0.6610687
seq3/frame00047.png 23.386469 -24.435205 -2.4406934 -0.3438527 0.26983708 -0.6101163 0.6608496
seq3/frame00048.png 24.374456 -23.122858 -2.2629247 -0.2581013 0.21746066 -0.64013416 0.69011974
seq3/frame00049.png 23.976482 -22.596481 -2.5846665 -0.15482819 0.14853913 -0.67733526 0.7036028
seq3/frame00050.png 22.615103 -22.777208 -2.3955762 -0.10811969 0.10966294 -0.6765605 0.72010285
seq3/frame00051.png 22.26062 -22.959585 -2.5450625 -0.0859224 0.07906779 -0.66586196 0.736847
seq3/frame00052.png 21.997948 -22.972576 -2.3920226 -0.092587925 0.06667176 -0.664062 0.73904043
seq3/frame00053.png 24.927536 -22.435976 -2.231015 -0.2134307 0.14568585 -0.641062 0.72281885
seq3/frame00054.png 25.72939 -21.752245 -2.087115 -0.2776989 0.19098191 -0.60807157 0.7189212
seq3/frame00055.png 25.986437 -21.126005 -2.2625642 -0.27983952 0.20017631 -0.6243187 0.7011984
seq3/frame00056.png 24.942919 -20.859612 -2.3465478 -0.3084356 0.21676204 -0.5926319 0.7117696
seq3/frame00057.png 25.177073 -19.96075 -2.1154191 -0.3986998 0.2483742 -0.53373116 0.70331365
seq3/frame00058.png 26.006088 -19.03822 -2.1950636 -0.43767545 0.28683928 -0.48972097 0.6973789
seq3/frame00059.png 26.657969 -18.70361 -2.1505544 -0.4660884 0.29289934 -0.45436698 0.700435
seq3/frame00060.png 26.353401 -17.131834 -2.1070955 -0.49719894 0.31184343 -0.4045365 0.7013318
seq3/frame00061.png 26.918215 -16.070417 -1.9051754 -0.49108517 0.3032982 -0.42560768 0.6968718
seq3/frame00062.png 26.897184 -16.545355 -2.2142518 -0.43490532 0.2855746 -0.47741795 0.7081577
seq3/frame00063.png 27.067972 -16.043467 -1.8851231 -0.40916228 0.27560332 -0.4838774 0.72286725
seq3/frame00064.png 27.347925 -15.396044 -1.7086744 -0.4028916 0.29079688 -0.49528 0.7126089
seq3/frame00065.png 27.767942 -14.864438 -1.9739785 -0.42671692 0.2966938 -0.50579256 0.6884439
seq3/frame00066.png 28.136683 -14.634589 -1.9643205 -0.46995682 0.3054794 -0.48866928 0.6685865
seq3/frame00067.png 28.033192 -14.526378 -1.8247987 -0.44449207 0.3357801 -0.47460487 0.6813899
seq3/frame00068.png 28.514738 -13.172166 -1.7584779 -0.50108194 0.33680704 -0.40937698 0.68404675
seq3/frame00069.png 28.682152 -12.481204 -1.749005 -0.501893 0.36233813 -0.41240975 0.66852885
seq3/frame00070.png 28.768759 -11.976969 -1.6694558 -0.5145792 0.33853224 -0.39619464 0.68095475
seq3/frame00071.png 28.821363 -10.938109 -1.3893232 -0.5572302 0.35662058 -0.36833397 0.65322554
seq3/frame00072.png 29.492037 -10.67364 -1.3917799 -0.5699038 0.36810938 -0.35221305 0.64477324
seq3/frame00073.png 29.758232 -9.652261 -1.218791 -0.5998563 0.37594447 -0.33166608 0.62333584
seq3/frame00074.png 29.115171 -9.152513 -1.5746459 -0.5945757 0.38491797 -0.34663835 0.6149874
seq3/frame00075.png 29.753387 -8.331395 -1.5971965 0.621994 -0.38760895 0.3808896 -0.5636589
seq3/frame00076.png 29.20656 -8.178398 -2.0212555 0.59382504 -0.40056816 0.38622487 -0.58122635
seq3/frame00077.png 29.08684 -7.8317513 -1.6569036 0.61007214 -0.37687057 0.41437608 -0.56042093
seq3/frame00078.png 29.22947 -7.278318 -1.6009177 0.6199767 -0.40580338 0.42410362 -0.5207168
seq3/frame00079.png 31.470043 -6.3692694 -1.0470746 0.64304775 -0.48558712 0.39627013 -0.43990457
seq3/frame00080.png 34.469994 -5.192999 -0.6665551 0.59296656 -0.5134375 0.42447796 -0.4523832
seq3/frame00081.png 31.09419 -5.4439454 -0.9338712 0.5707093 -0.4805955 0.44118235 -0.49831608
seq3/frame00082.png 28.761065 -6.016374 -1.1370457 0.52240115 -0.46362212 0.49045655 -0.52120835
seq3/frame00083.png 28.88067 -5.0899096 -0.77010363 -0.47216395 0.395255 -0.53485423 0.57851994
seq3/frame00084.png 29.451086 -6.0058904 -0.9991655 -0.4808349 0.35709503 -0.5329234 0.59779453
seq3/frame00085.png 30.293182 -6.2122602 -1.4803516 -0.482086 0.2861988 -0.49295318 0.6655264
seq3/frame00086.png 28.928497 -5.303643 -1.5483975 -0.49853548 0.2912816 -0.47972655 0.66067487
seq3/frame00087.png 29.540846 -6.165158 -1.6354932 -0.5199798 0.31977734 -0.46919134 0.6383017
seq3/frame00088.png 29.868841 -5.287802 -1.7147802 0.62731755 -0.33184525 0.37455082 -0.59668237
seq3/frame00089.png 31.331112 -5.060838 -1.1033349 0.65252656 -0.31847298 0.2977297 -0.6197895
seq3/frame00090.png 32.057636 -4.867836 -0.6629676 0.6777358 -0.3017862 0.2846612 -0.6071758
seq3/frame00091.png 31.865797 -4.5536737 -0.7411776 0.68396485 -0.29976803 0.28823426 -0.59951097
seq3/frame00092.png 30.34632 -3.6710997 -1.4178039 0.73563135 -0.36221546 0.28175133 -0.4982804
seq3/frame00093.png 30.868654 -6.295019 -1.1932219 0.6451718 -0.45173717 0.36288676 -0.4981622
seq3/frame00094.png 33.812767 -2.3756874 -0.8287408 0.6418169 -0.53157806 0.34943664 -0.42811334
seq3/frame00095.png 34.237236 -3.4961066 -0.76888806 0.61343473 -0.5220603 0.39590642 -0.4410881
seq3/frame00096.png 31.78345 -4.9528103 -0.3693363 0.5822938 -0.49967003 0.42573833 -0.4793764
seq3/frame00097.png 29.320004 -6.1768513 -0.994903 0.5873144 -0.48614293 0.44513842 -0.46950495
seq3/frame00098.png 29.172577 -6.007682 -1.1411381 0.5559764 -0.46516892 0.47198254 -0.50174177
seq5/frame00001.png 30.887543 -14.279146 -1.3810548 0.37126097 -0.28809768 0.63236797 -0.61581665
seq5/frame00002.png 30.650091 -14.165493 -1.2164516 0.3760259 -0.28653246 0.62949044 -0.61665136
seq5/frame00003.png 32.064133 -14.289133 -1.2101225 0.3772426 -0.30151814 0.62476784 -0.613684
seq5/frame00004.png 31.37369 -12.46102 -0.7334751 0.40160018 -0.32080367 0.6067637 -0.606548
seq5/frame00005.png 30.335955 -14.096635 -1.0365889 0.33123887 -0.25549334 0.64476633 -0.63971037
seq5/frame00006.png 28.928764 -12.199704 -0.9703152 0.3491521 -0.31376067 0.6419993 -0.60608697
seq5/frame00007.png 31.314968 -14.374653 -1.0912474 -0.3379232 0.2823438 -0.61475706 0.6542285
seq5/frame00008.png 26.750668 -9.236866 -0.41669884 0.3463305 -0.26661515 0.64116144 -0.6311301
seq5/frame00009.png 26.27609 -16.638178 -1.1439556 -0.23616266 0.2118035 -0.6273372 0.711212
seq5/frame00010.png 27.929575 -15.295271 -1.4385151 -0.35740376 0.25301626 -0.6029468 0.6667591
seq5/frame00011.png 28.211933 -14.664055 -1.6312364 -0.38567632 0.27672443 -0.59275776 0.65073675
seq5/frame00012.png 27.84824 -13.709501 -1.3305463 -0.37651342 0.25692868 -0.59528744 0.6617064
seq5/frame00013.png 27.351336 -12.671408 -0.8496563 -0.4067415 0.26189703 -0.5689189 0.6652451
seq5/frame00014.png 27.092815 -12.043689 -1.0085409 -0.41197768 0.2845954 -0.5508612 0.66781926
seq5/frame00015.png 26.990242 -11.791495 -1.2619016 -0.42239404 0.28734756 -0.5511965 0.65979224
seq5/frame00016.png 26.621021 -11.140165 -1.291879 -0.41805556 0.30685323 -0.5283473 0.6721301
seq5/frame00017.png 26.289797 -10.476418 -1.3127754 -0.4443782 0.32053128 -0.5192456 0.65584105
seq5/frame00018.png 25.88187 -10.122238 -1.7526536 -0.49628067 0.3608811 -0.4960983 0.61416453
seq5/frame00019.png 26.400087 -10.163892 -1.2865334 -0.5307281 0.41996908 -0.45888102 0.57562816
seq5/frame00020.png 27.868002 -10.573634 -1.2546927 -0.5467135 0.46502808 -0.39462358 0.5737735
seq5/frame00021.png 28.787125 -10.369756 -1.2909585 -0.5301288 0.46421847 -0.42405963 0.5689959
seq5/frame00022.png 30.912666 -9.135678 -1.50684 0.5805781 -0.51556265 0.3572948 -0.5192626
seq5/frame00023.png 30.175827 -9.584989 -1.3112524 0.5694705 -0.4844169 0.3921944 -0.5359828
seq5/frame00024.png 27.67944 -9.148618 -1.191268 0.60014564 -0.39741698 0.39288843 -0.57245964
seq5/frame00025.png 25.284159 -10.810826 -1.9050643 0.6144082 -0.37010232 0.36305413 -0.59465975
seq5/frame00026.png 25.445797 -9.531893 -1.4554607 0.64660263 -0.38983786 0.32905394 -0.5672658
seq5/frame00027.png 24.685219 -10.357544 -1.6842167 0.6339251 -0.3862652 0.3628821 -0.56317943
seq5/frame00028.png 23.793982 -11.7301855 -1.3359337 0.61361974 -0.38133907 0.378773 -0.57836366
seq5/frame00029.png 22.712185 -12.325179 -1.308149 -0.588189 0.36607563 -0.38414067 0.61040485
seq5/frame00030.png 22.911282 -13.507665 -0.95537865 -0.58152443 0.3574796 -0.41101673 0.60436016
seq5/frame00031.png 22.897472 -14.292064 -0.5021734 -0.5580052 0.35685876 -0.40418053 0.6310936
seq5/frame00032.png 21.781755 -14.20134 -0.6432328 -0.57087004 0.35023344 -0.3968585 0.6277425
seq5/frame00033.png 21.988514 -15.395543 -0.8071469 -0.5374376 0.33765 -0.42461756 0.64564246
seq5/frame00034.png 19.897867 -14.756428 -1.5761955 -0.5340549 0.3602731 -0.44380352 0.62295735
seq5/frame00035.png 18.576305 -15.293515 -2.0901806 -0.46111172 0.30023086 -0.48428133 0.68010837
seq5/frame00036.png 18.429335 -15.936379 -2.0076604 -0.43183607 0.2660856 -0.54395556 0.66841674
seq5/frame00037.png 17.51994 -15.3631115 -2.352298 -0.42135128 0.2838636 -0.5023853 0.69951165
seq5/frame00038.png 17.842354 -18.464977 -2.0869706 -0.36838853 0.29263723 -0.574067 0.67023146
seq5/frame00039.png 21.201843 -18.047441 -2.03 -0.36801875 0.29049712 -0.589785 0.65763074
seq5/frame00040.png 18.001362 -20.783924 -2.0107667 -0.36381966 0.29392186 -0.5757322 0.6706594
seq5/frame00041.png 18.417793 -20.580538 -1.6197447 -0.37451294 0.32922435 -0.5713467 0.65202725
seq5/frame00042.png 15.227755 -22.053015 -1.201258 -0.22489332 0.28594816 -0.6198901 0.6953387
seq5/frame00043.png 14.79734 -21.509094 -2.0302622 -0.31002164 0.30875564 -0.59536165 0.67382354
seq5/frame00044.png 17.978998 -23.474697 -2.4088154 -0.3146532 0.27713668 -0.5900174 0.68973875
seq5/frame00045.png 18.195242 -23.164045 -1.9960026 -0.31457177 0.29465902 -0.58103234 0.69033694
seq5/frame00046.png 17.992243 -23.358124 -1.887198 -0.33004668 0.30028304 -0.57929915 0.6823198
seq5/frame00047.png 17.272894 -23.351725 -1.7462058 -0.33341706 0.30460978 -0.5843415 0.6741786
seq5/frame00048.png 19.298714 -24.420134 -2.387481 -0.31359714 0.28320342 -0.59273 0.6856918
seq5/frame00049.png 18.641916 -25.580973 -2.1980028 -0.21401826 0.20878893 -0.62191486 0.7235746
seq5/frame00050.png 18.469885 -26.073305 -2.1951194 -0.2327691 0.19121292 -0.61073494 0.73230094
seq5/frame00051.png 18.283686 -26.737967 -2.2642205 -0.21486337 0.19491789 -0.6150865 0.73331326
seq5/frame00052.png 18.217794 -27.213148 -2.3284836 -0.21219692 0.20918337 -0.61993957 0.72577363
seq5/frame00053.png 18.292427 -27.889263 -2.3924387 -0.18444648 0.18110676 -0.6248554 0.7367807
seq5/frame00054.png 18.290098 -28.509562 -2.3406675 -0.13237184 0.15037565 -0.6288963 0.7514959
seq5/frame00055.png 17.537643 -28.743212 -2.2162945 -0.10499611 0.13055967 -0.6217211 0.76504517
seq5/frame00056.png 17.221704 -29.04381 -2.2172961 -0.07149282 0.08764484 -0.6283672 0.76950866
seq5/frame00057.png 16.825024 -29.373543 -2.3706353 -0.048457094 0.092631325 -0.62761116 0.77149075
seq5/frame00058.png 17.207247 -29.624187 -2.4064906 -0.07157143 0.09895042 -0.6274179 0.76903653
seq5/frame00059.png 17.10796 -29.776354 -2.2307723 -0.1226248 0.12417888 -0.5830499 0.7935277
seq5/frame00060.png 17.128025 -29.175882 -2.2387826 -0.05813837 0.07494598 -0.6014375 0.7932957
seq5/frame00061.png 17.451382 -28.632904 -2.3017442 -0.10512885 0.051640242 -0.58411956 0.803257
seq5/frame00062.png 17.518833 -28.30075 -2.4810207 -0.1241098 0.05874723 -0.5722879 0.8085634
seq5/frame00063.png 18.420427 -28.177921 -2.4031382 -0.12802505 0.06377228 -0.5573393 0.81783295
seq5/frame00064.png 19.11003 -27.422808 -2.3374438 -0.15336803 0.096264966 -0.5525235 0.8135542
seq5/frame00065.png 19.29632 -26.858984 -2.1748388 -0.16627665 0.11765413 -0.540385 0.8163655
seq5/frame00066.png 19.997707 -26.484282 -2.285775 -0.16323103 0.102919124 -0.53482795 0.8225536
seq5/frame00067.png 19.638609 -25.926096 -2.1559556 -0.11195468 0.08027365 -0.54749566 0.825384
seq5/frame00068.png 20.629568 -25.466486 -2.1388552 -0.1718248 0.1253236 -0.5572023 0.8027401
seq5/frame00069.png 21.648096 -25.03482 -2.169082 -0.17695342 0.13465838 -0.57513505 0.7872466
seq5/frame00070.png 21.908741 -24.67069 -2.2810075 -0.19071364 0.12399946 -0.60629797 0.7620123
seq5/frame00071.png 22.585808 -24.0775 -2.3041918 -0.18374263 0.15281513 -0.6532812 0.7183567
seq5/frame00072.png 22.66872 -23.761034 -1.7602898 -0.20506015 0.15377134 -0.67300534 0.6938538
seq5/frame00073.png 23.081099 -23.32434 -1.9354621 -0.22101575 0.19898717 -0.66302234 0.6869854
seq5/frame00074.png 22.680021 -22.883224 -2.2195768 -0.22195867 0.2192009 -0.6448063 0.6977111
seq5/frame00075.png 23.37279 -21.948244 -2.450863 -0.2608233 0.24434967 -0.6444132 0.6760969
seq5/frame00076.png 23.425308 -21.410923 -2.0730944 -0.28230143 0.25793594 -0.6265091 0.67908436
seq5/frame00077.png 23.714067 -20.728321 -2.0187013 -0.30213708 0.26204517 -0.62131345 0.6737989
seq5/frame00078.png 23.094252 -20.006456 -1.6601216 -0.32121024 0.25741982 -0.61174434 0.67557496
seq5/frame00079.png 22.621323 -18.793627 -1.7807868 -0.34369847 0.26273113 -0.60189795 0.6713135
seq5/frame00080.png 22.636646 -18.129873 -1.3618007 -0.3286069 0.30605334 -0.6063475 0.6563157
seq5/frame00081.png 22.283834 -17.585611 -1.6942182 -0.33126172 0.32390565 -0.59715647 0.6548398
seq5/frame00082.png 20.962252 -17.787886 -1.8205818 -0.34527066 0.32077137 -0.5769533 0.6670244
