seq13/frame00001.png 28.795359 -16.425829 -1.9823505 -0.42800176 0.31427714 -0.52353126 0.66646177
seq13/frame00002.png 28.812408 -16.242517 -1.9320325 -0.42656907 0.31512246 -0.5215741 0.6684978
seq13/frame00003.png 28.499258 -16.170433 -2.032515 -0.42563972 0.32159135 -0.51336837 0.6722467
seq13/frame00004.png 27.959978 -16.469559 -1.9590296 -0.42980194 0.30419582 -0.49043253 0.6945181
seq13/frame00005.png 27.780422 -16.66585 -1.9062189 -0.44695133 0.29745322 -0.503054 0.6773731
seq13/frame00006.png 27.462072 -16.060219 -1.9694979 -0.44079885 0.29474652 -0.48954523 0.69219244
seq13/frame00007.png 26.363497 -16.492205 -1.8224636 -0.38508016 0.24474531 -0.50697505 0.7313299
seq13/frame00008.png 25.599157 -16.644268 -1.952473 -0.3916093 0.24855755 -0.5100159 0.72422653
seq13/frame00009.png 25.666533 -16.966267 -2.041732 -0.4156101 0.25485584 -0.48189506 0.72805035
seq13/frame00010.png 25.861046 -16.058681 -1.8250027 -0.4605528 0.23023579 -0.40920818 0.75315875
seq13/frame00011.png 23.791294 -17.057022 -1.808229 -0.4021083 0.14507368 -0.4099187 0.80572724
seq13/frame00012.png 22.292208 -18.051596 -1.6133358 -0.37575212 0.10581353 -0.3836488 0.83689684
seq13/frame00013.png 23.1235 -14.231531 -1.0563592 -0.43540984 0.13017623 -0.3470104 0.8203805
seq13/frame00014.png 22.76229 -18.385069 -1.4079596 -0.33360285 0.08090533 -0.39315602 0.8529549
seq13/frame00015.png 22.312752 -18.911356 -1.8013234 -0.38214374 0.12585814 -0.39786822 0.82451206
seq13/frame00016.png 22.503025 -18.275158 -1.8988901 -0.38275492 0.17872334 -0.44470608 0.78973264
seq13/frame00017.png 22.912645 -20.538567 -2.0352292 -0.29035994 0.22115377 -0.53571546 0.76140636
seq13/frame00018.png 19.67413 -22.24333 -1.6550157 -0.20813307 0.2153993 -0.6068991 0.7360928
seq13/frame00019.png 20.278124 -21.014265 -1.542541 -0.20577954 0.20121379 -0.6244258 0.7259897
seq13/frame00020.png 20.55468 -20.675583 -1.5141249 -0.16762243 0.20702669 -0.64313316 0.7179916
seq13/frame00021.png 20.621092 -19.96688 -1.6732887 -0.1286035 0.13632773 -0.68356967 0.70523745
seq13/frame00022.png 19.86215 -21.515228 -1.8878739 -0.13395335 0.14905812 -0.64107805 0.74090964
seq13/frame00023.png 16.592453 -23.930729 -1.8388588 -0.14136769 0.13985512 -0.6268502 0.7531695
seq13/frame00024.png 17.863161 -23.319193 -1.8916649 -0.28617024 0.23533547 -0.55082446 0.74785507
seq13/frame00025.png 18.455463 -22.059278 -1.9210769 -0.34862545 0.25430834 -0.53375155 0.72727853
seq13/frame00026.png 17.816542 -23.282957 -1.9346468 -0.32907525 0.25815594 -0.54679614 0.72513354
seq13/frame00027.png 17.492805 -23.502747 -2.3032753 -0.29291397 0.26772177 -0.5801497 0.71136475
seq13/frame00028.png 16.08302 -23.170477 -1.774759 -0.23142608 0.21034104 -0.6335316 0.70753545
seq13/frame00029.png 15.5840435 -23.468273 -0.956819 -0.17832275 0.18259372 -0.6423274 0.722702
seq13/frame00030.png 14.527708 -22.060526 -0.8092253 -0.19513199 0.19588883 -0.64205915 0.7150739
seq13/frame00031.png 15.022404 -23.786863 -1.2296864 -0.1950333 0.20238343 -0.6392149 0.715808
seq13/frame00032.png 16.077862 -23.624285 -1.6940832 -0.17622882 0.21201186 -0.6560674 0.70274484
seq13/frame00033.png 16.25073 -23.048374 -1.4842904 -0.18006529 0.20449412 -0.62627727 0.73038054
seq13/frame00034.png 15.472652 -23.45018 -1.7317605 -0.1945592 0.19476005 -0.62527156 0.73035043
seq13/frame00035.png 12.291709 -26.215439 -2.0994496 -0.14843416 0.1847143 -0.6215794 0.74666464
seq13/frame00036.png 13.452413 -28.114073 -2.4140897 -0.15681358 0.16310784 -0.653549 0.7222286
seq13/frame00037.png 10.902453 -27.175846 -2.4645896 -0.14228667 0.16855757 -0.64236665 0.7340793
seq13/frame00038.png 12.102759 -24.954824 -2.2080584 -0.20777507 0.19935417 -0.6290722 0.7219824
seq13/frame00039.png 13.216751 -24.830498 -2.30467 -0.20109451 0.21440145 -0.6390671 0.7106062
seq13/frame00040.png 9.584325 -27.048159 -2.0597587 -0.15463477 0.16198608 -0.6481984 0.7277439
seq13/frame00041.png 8.726133 -28.99507 -2.393217 -0.124288194 0.14550743 -0.64888036 0.7364679
seq13/frame00042.png 8.600547 -31.314693 -2.2526774 -0.08805827 0.15544909 -0.66883034 0.7215933
seq13/frame00043.png 8.55336 -31.499401 -2.3251507 -0.12528682 0.1765567 -0.67398715 0.7063668
seq13/frame00044.png 8.530223 -33.054165 -2.7665625 -0.09558512 0.1514067 -0.6817256 0.7093551
seq13/frame00045.png 7.956369 -33.64896 -2.7908814 -0.115429714 0.15405239 -0.6768042 0.71041226
seq13/frame00046.png 7.046764 -34.240303 -2.8973904 -0.08598406 0.14581826 -0.6727702 0.7201281
seq13/frame00047.png 8.565088 -34.495907 -2.909192 -0.09097606 0.14163066 -0.68512124 0.7088659
seq13/frame00048.png 6.8739357 -35.124344 -2.997551 -0.0899564 0.1556216 -0.6860504 0.7048687
seq13/frame00049.png 5.2012177 -32.580067 -2.8265765 -0.115315296 0.16278173 -0.68155926 0.7040871
seq13/frame00050.png 7.50369 -23.291838 -1.947544 -0.19496116 0.1894398 -0.6532434 0.7067193
seq13/frame00051.png 6.280182 -28.92345 -2.5166893 -0.15579918 0.16155288 -0.637409 0.7370779
seq13/frame00052.png 1.4985187 -28.680061 -2.3995337 -0.06835669 0.09196541 -0.64625317 0.7544553
seq13/frame00053.png 0.26494196 -31.123753 -2.1070175 -0.065875016 0.09666594 -0.68320906 0.7207872
seq13/frame00054.png 1.4514008 -33.463875 -2.542526 -0.067563176 0.10717272 -0.6951561 0.7078086
seq13/frame00055.png 2.3774056 -36.220516 -2.762012 0.008978413 0.06586359 -0.69862425 0.7126159
seq13/frame00056.png 2.5710852 -35.145584 -2.704909 0.08229344 -0.0077359285 -0.6907457 0.7183694
seq13/frame00057.png 1.4682926 -36.353477 -2.5903091 0.1353575 -0.041545026 -0.6568882 0.740593
seq13/frame00058.png 0.906423 -35.826412 -2.8659449 0.21404181 -0.102421425 -0.6393608 0.731546
seq13/frame00059.png 1.7084721 -34.234814 -2.6162512 0.23199077 -0.094732165 -0.58373284 0.77220607
seq13/frame00060.png 1.2643913 -33.44412 -2.8977866 0.2070074 -0.08651311 -0.5516075 0.8033392
seq13/frame00061.png 1.689738 -33.198 -2.5435326 0.19610928 -0.06507487 -0.51462525 0.8320693
seq13/frame00062.png 0.1878321 -33.00414 -2.4243279 0.24536774 -0.1250185 -0.54050577 0.7950014
seq13/frame00063.png -1.1500471 -32.162895 -2.2627125 0.24509194 -0.13673753 -0.54516673 0.7899837
seq13/frame00064.png -1.3103895 -33.396843 -2.47054 0.24368528 -0.14174095 -0.5968366 0.75115985
seq13/frame00065.png -2.532578 -33.285435 -2.0555327 0.1946692 -0.12703235 -0.6275445 0.7429882
seq13/frame00066.png -2.6778414 -32.274387 -2.194076 0.1408829 -0.050438482 -0.6471134 0.74756616
seq13/frame00067.png -3.0255835 -32.528965 -2.5486019 0.060040016 -0.00870221 -0.634003 0.7709217
seq13/frame00068.png -4.372875 -31.1214 -2.5811868 0.081215866 0.004823762 -0.6371066 0.76632017
seq13/frame00069.png -4.855177 -31.074322 -2.0907958 0.07728047 -0.020863704 -0.6349653 0.768477
seq13/frame00070.png -5.7928934 -30.450922 -1.959508 0.09638416 -0.033405483 -0.6332951 0.76712275
seq13/frame00071.png -6.2282877 -30.138788 -1.9962435 0.09940706 -0.032347955 -0.65540916 0.748069
seq13/frame00072.png -6.5092964 -29.178507 -2.0854702 0.113401234 -0.038148273 -0.632177 0.7655303
seq13/frame00073.png -5.7149906 -29.03374 -2.140445 0.15572622 -0.06516111 -0.62452465 0.7625398
seq13/frame00074.png -5.9718795 -28.47613 -2.1642861 0.23172805 -0.103508115 -0.57190216 0.7801371
seq13/frame00075.png -4.6014194 -27.635612 -2.4545143 0.28376773 -0.14358176 -0.55068946 0.7716088
seq13/frame00076.png -4.7745075 -24.466547 -1.7363621 0.3046377 -0.1581234 -0.530026 0.77533054
seq13/frame00077.png -3.7505991 -20.030699 -1.5699496 0.32280684 -0.17956176 -0.5201227 0.7701111
seq13/frame00078.png -5.699282 -23.417797 -1.5884817 0.30390254 -0.20859212 -0.51210725 0.7758318
seq13/frame00079.png -5.413129 -22.378286 -1.3090059 0.27438813 -0.17969696 -0.53090954 0.7813838
seq13/frame00080.png -7.6309056 -23.268965 -1.5052849 0.33856103 -0.23937115 -0.5117689 0.75231135
seq13/frame00081.png -8.56327 -24.90529 -2.001853 0.31788394 -0.22384728 -0.54117626 0.7455421
seq13/frame00082.png -10.663887 -24.619438 -1.7516227 0.27300563 -0.19224717 -0.5701325 0.75069886
seq13/frame00083.png -9.967389 -24.912756 -1.9053906 0.23033878 -0.16959499 -0.5993369 0.74764997
seq13/frame00084.png -10.555881 -23.475334 -1.2968924 0.14110437 -0.09933454 -0.6080659 0.7749288
seq13/frame00085.png -10.290811 -23.400265 -1.2536597 0.08803713 -0.04874847 -0.60151184 0.79244196
seq13/frame00086.png -9.747712 -25.586472 -1.4517472 0.0505241 0.0052146567 -0.62703514 0.77724594
seq13/frame00087.png -12.014614 -23.976282 -1.4787792 0.06818765 -0.0069805086 -0.62945145 0.7740707
seq13/frame00088.png -11.748293 -23.308916 -1.427922 0.06989111 -0.008107815 -0.6237768 0.778405
seq13/frame00089.png -11.663216 -25.023094 -1.4103174 0.07613767 -0.04181031 -0.63705546 0.7659283
seq13/frame00090.png -14.161525 -22.405159 -1.1636169 0.19497287 -0.12734021 -0.62211204 0.7474977
seq13/frame00091.png -15.795604 -22.390184 -1.8078403 0.33113986 -0.2138477 -0.58872074 0.70568097
seq13/frame00092.png -15.749034 -21.931644 -1.9318881 0.3759425 -0.24600193 -0.5745891 0.6840556
seq13/frame00093.png -15.841266 -21.500208 -1.8006251 0.36406472 -0.24112272 -0.5864582 0.68214196
seq13/frame00094.png -16.185587 -21.517683 -1.5237654 0.4038381 -0.25303218 -0.5537902 0.68271685
seq13/frame00095.png -17.077534 -19.833176 -1.4392382 0.4429305 -0.2437385 -0.50570357 0.69918054
seq13/frame00096.png -16.992014 -18.385801 -0.8736351 0.45707515 -0.23289296 -0.4348331 0.74013126
seq13/frame00097.png -15.024479 -17.548504 -0.69949234 0.44953448 -0.2530152 -0.4319665 0.7398485
seq13/frame00098.png -17.058973 -18.060226 -0.5766631 0.47423986 -0.2717144 -0.42180723 0.7235262
seq13/frame00099.png -16.749716 -16.740711 -0.86067903 0.49942365 -0.2987161 -0.40919307 0.7027278
seq13/frame00100.png -18.378119 -16.525702 -0.7259007 0.48736265 -0.28333408 -0.423999 0.708861
seq13/frame00101.png -17.00226 -16.736458 -0.7901576 0.31815383 -0.1958901 -0.52595097 0.7639529
seq13/frame00102.png -18.44064 -16.622232 -0.7998107 0.1690841 -0.12254135 -0.5873825 0.7818201
seq13/frame00103.png -21.524538 -14.240046 -0.46275043 0.21111849 -0.15127024 -0.5838628 0.76913375
seq13/frame00104.png -22.029648 -13.563454 -0.54199415 0.2092643 -0.16557622 -0.5909334 0.76130563
seq13/frame00105.png -21.279747 -13.816963 -0.40387067 0.22401054 -0.17214039 -0.582465 0.7621855
seq13/frame00106.png -21.73588 -13.855579 -0.7233961 0.2909802 -0.19106396 -0.5885638 0.72962517
seq13/frame00107.png -20.533377 -12.979922 -0.6682734 0.38792711 -0.25427103 -0.58969116 0.6612177
seq13/frame00108.png -21.55131 -13.081102 -0.5672597 0.47004017 -0.27604324 -0.5643456 0.6199792
seq13/frame00109.png -19.386309 -10.150793 -0.29486474 0.4643721 -0.29075575 -0.5567962 0.6244628
seq13/frame00110.png -22.394014 -12.758399 -0.63063896 0.49025017 -0.31630751 -0.51776433 0.6255029
seq13/frame00111.png -24.409632 -11.102216 -0.61379075 0.50552976 -0.34815007 -0.50335103 0.6081315
seq13/frame00112.png -24.139174 -11.78186 -0.47691086 0.4761909 -0.34259942 -0.5159268 0.62429243
seq13/frame00113.png -24.693396 -11.410319 -0.42596784 0.48221928 -0.31449756 -0.5170116 0.63353
seq13/frame00114.png -25.462212 -11.361794 -0.4890432 0.44516468 -0.2936543 -0.5391223 0.6519164
seq13/frame00115.png -25.972334 -10.920037 -0.46888086 0.46944633 -0.31894904 -0.5275829 0.63188285
seq13/frame00116.png -26.700195 -10.071926 -0.41561648 0.5014789 -0.31255436 -0.4750812 0.65202945
seq13/frame00117.png -26.994379 -10.554789 -0.47337624 0.5149087 -0.32673755 -0.46785256 0.6396171
seq13/frame00118.png -27.780506 -9.927977 -0.1971162 0.53466296 -0.30443382 -0.4489391 0.6478641
seq13/frame00119.png -27.96791 -9.527052 -0.29020828 0.53083616 -0.32459876 -0.46204334 0.6319703
seq13/frame00120.png -29.052034 -9.551593 -0.20692083 0.5370169 -0.33692482 -0.44867134 0.6296947
seq13/frame00121.png -29.82412 -8.242933 0.06400123 0.5617566 -0.35732874 -0.41769084 0.6183243
seq13/frame00122.png -30.418291 -8.6947 -0.22547138 0.4934874 -0.30714786 -0.4575216 0.6729431
seq13/frame00123.png -30.8124 -7.489256 -0.109510124 0.51105946 -0.32826743 -0.44289333 0.6595066
seq13/frame00124.png -32.95255 -7.0889006 -0.19967732 0.5170575 -0.33467454 -0.45237303 0.6448567
seq13/frame00125.png -32.879177 -6.0111623 0.09286751 0.5778138 -0.40066487 -0.4199369 0.5739252
seq13/frame00126.png -33.007458 -5.460124 0.23691572 0.60023445 -0.38141325 -0.39331982 0.5825453
seq13/frame00127.png -34.983425 -5.272504 0.23316817 0.5957194 -0.3766256 -0.4096558 0.57915395
seq13/frame00128.png -35.442753 -3.804521 0.1845502 0.589471 -0.3734281 -0.42632553 0.5756802
seq13/frame00129.png -36.449234 -3.8126328 0.28169173 0.5905472 -0.36686358 -0.42488053 0.5798109
seq13/frame00130.png -36.784946 -2.484963 0.34301543 0.5773932 -0.365328 -0.41998774 0.59726137
seq13/frame00131.png -36.974094 -1.2082552 0.24140784 0.57953584 -0.3686503 -0.42897326 0.586515
seq13/frame00132.png -36.979916 -0.77235425 0.13389063 0.5678499 -0.37697095 -0.43314898 0.5900605
seq13/frame00133.png -38.82138 -0.8700003 0.3026529 0.60392404 -0.3658861 -0.4173453 0.57189137
seq13/frame00134.png -38.28834 -1.4635262 0.15454754 0.59486836 -0.37331408 -0.43851048 0.56090516
seq13/frame00135.png -38.5333 -0.13510501 0.38098416 0.55949986 -0.3682937 -0.44706917 0.5928811
seq13/frame00136.png -38.65969 0.4014875 0.21173757 0.5615674 -0.37795675 -0.45395762 0.57927036
seq13/frame00137.png -35.599155 4.3696113 0.87518513 0.5863072 -0.39493757 -0.4278164 0.5633887
seq13/frame00138.png -37.03752 -0.5895361 0.6301806 0.55909556 -0.3770073 -0.46414107 0.574297
seq13/frame00139.png -34.22177 7.988571 0.94067353 0.6055523 -0.42415953 -0.41758803 0.528372
seq13/frame00140.png -39.96623 3.786793 0.9345698 0.577828 -0.40321913 -0.41635168 0.5746154
seq13/frame00141.png -41.410263 3.8714058 0.9837022 0.59137464 -0.38794395 -0.43519637 0.55705917
seq13/frame00142.png -41.489124 4.6436777 1.2214457 0.60616314 -0.4201666 -0.40289196 0.5421166
seq13/frame00143.png -41.139225 4.630883 1.0986774 0.59671706 -0.4164449 -0.42683157 0.53695554
seq13/frame00144.png -41.616955 5.2963295 1.1813298 0.5552389 -0.40641543 -0.4774406 0.54623634
seq13/frame00145.png -40.81187 7.4564643 1.4894785 0.56379235 -0.40569115 -0.47434196 0.54070276
seq13/frame00146.png -41.56466 8.048907 1.1973561 0.5758165 -0.39433694 -0.45949748 0.54919064
seq13/frame00147.png -41.274773 8.861691 1.4771599 0.5680408 -0.40074188 -0.4774943 0.5375363
seq13/frame00148.png -41.22945 9.355198 1.5825037 0.53525776 -0.36035252 -0.49706662 0.57991695
seq13/frame00149.png -41.590225 10.35364 1.7065381 0.5400391 -0.35905343 -0.49558502 0.57791954
seq13/frame00150.png -39.86737 10.521812 2.0147245 0.5478823 -0.34562892 -0.5019388 0.57330936
seq13/frame00151.png -38.32601 10.635555 1.2662398 0.514299 -0.40677702 -0.514412 0.5526889
seq13/frame00152.png -37.020226 12.587534 1.6804861 0.5258735 -0.41170937 -0.5098599 0.5423078
seq13/frame00153.png -38.063297 12.670101 1.7299405 0.5346493 -0.40821365 -0.5086511 0.5374343
seq13/frame00154.png -38.111298 13.645759 1.6466295 0.54164624 -0.4114509 -0.5146464 0.522058
seq13/frame00155.png -37.14701 14.908919 1.5014458 0.5906757 -0.44803244 -0.449769 0.49811396
seq13/frame00156.png -38.565346 13.727894 1.892015 0.59220576 -0.3972076 -0.4590129 0.5299144
seq13/frame00157.png -37.488754 13.307502 1.5510559 0.5708679 -0.39935082 -0.47596365 0.5370299
seq13/frame00158.png -37.829063 13.640762 1.596149 0.56715405 -0.38163722 -0.484965 0.5455445
seq13/frame00159.png -37.819454 14.7331085 1.775468 0.5949685 -0.37901935 -0.45772588 0.5411386
seq13/frame00160.png -37.432034 15.472421 1.960087 0.57962054 -0.35200983 -0.46441397 0.5699204
seq13/frame00161.png -36.41649 16.480944 2.0331476 0.61624503 -0.37259603 -0.43197954 0.54308176
seq13/frame00162.png -35.8767 17.094492 2.1014855 0.6159168 -0.3830541 -0.45323998 0.5181515
seq13/frame00163.png -35.544327 17.823036 2.157961 0.6124084 -0.3894762 -0.4477148 0.52221274
seq13/frame00164.png -35.6782 18.518036 1.9957035 0.6249591 -0.41805324 -0.4336689 0.49654758
seq13/frame00165.png -34.54934 19.255669 2.1190696 0.67473 -0.4495651 -0.37194723 0.45221248
seq13/frame00166.png -34.00424 19.837029 2.1663122 0.6713189 -0.45361704 -0.36299196 0.4602345
seq13/frame00167.png -33.49833 20.697742 2.3137536 0.69471014 -0.44974694 -0.33977655 0.44682863
seq13/frame00168.png -33.48109 20.419624 2.0327127 0.70572054 -0.46528918 -0.32387558 0.4248765
seq13/frame00169.png -32.868275 21.144287 2.195122 0.7393031 -0.46672925 -0.28779918 0.39071
seq13/frame00170.png -32.338417 21.325712 2.2090478 0.74341387 -0.46983507 -0.2583486 0.39988592
seq13/frame00171.png -32.54291 22.826948 2.3431134 0.70403266 -0.4955115 -0.2743199 0.4284665
seq13/frame00172.png -30.961828 23.117138 2.4851694 0.7453477 -0.49922225 -0.24869215 0.36511832
seq13/frame00173.png -31.266413 23.412941 2.2501636 0.7661324 -0.47269514 -0.22768106 0.37103832
seq13/frame00174.png -30.351215 23.089874 2.2550268 0.7855274 -0.45573458 -0.22856379 0.3507063
seq13/frame00175.png -28.921091 24.380438 2.3106143 0.7824356 -0.4763931 -0.20848499 0.34237707
seq13/frame00176.png -28.698347 23.78778 2.3436801 0.8009677 -0.4687435 -0.20065475 0.31360596
seq13/frame00177.png -27.406765 24.13585 2.2924728 0.8160256 -0.46883804 -0.18393564 0.2834622
seq13/frame00178.png -26.830194 25.233881 2.3204095 0.8294192 -0.4674728 -0.18382758 0.24455516
seq13/frame00179.png -27.050592 25.431103 2.6320744 0.82355803 -0.47267607 -0.18224062 0.25520438
seq13/frame00180.png -25.932848 26.02528 2.7139294 0.81896025 -0.4753652 -0.21017341 0.24344712
seq13/frame00181.png -25.05943 26.162086 2.6104858 0.81111085 -0.4671616 -0.22567278 0.27024767
seq13/frame00182.png -24.00363 27.027388 2.538748 0.821308 -0.47521397 -0.18588068 0.25518343
seq13/frame00183.png -23.614105 27.956764 2.540066 0.84089094 -0.47633824 -0.15124576 0.20741981
seq13/frame00184.png -24.120993 27.820435 2.730768 0.82922983 -0.49269265 -0.15856875 0.2109655
seq13/frame00185.png -23.707392 27.357084 2.549349 0.80917996 -0.52497685 -0.17278433 0.19941719
seq13/frame00186.png -23.040382 27.73627 2.5538838 0.83653617 -0.48819733 -0.16737892 0.18380173
seq13/frame00187.png -22.261896 28.560188 2.6244044 0.8228377 -0.5055258 -0.16922396 0.19709094
seq13/frame00188.png -21.188805 29.041895 2.574498 0.833089 -0.49955484 -0.15676744 0.1778163
seq13/frame00189.png -20.39419 29.756214 2.3444538 0.7979007 -0.5398494 -0.1801849 0.19814807
seq13/frame00190.png -18.85845 30.972006 2.55884 0.81745344 -0.5325899 -0.14808996 0.16124098
seq13/frame00191.png -18.433714 30.690237 2.8549843 0.8169824 -0.5345331 -0.15158512 0.15422702
seq13/frame00192.png -17.1288 30.369398 2.8066711 0.8147252 -0.5404331 -0.14562887 0.1514178
seq13/frame00193.png -18.0134 30.674288 2.6038294 0.7998632 -0.55168146 -0.17057636 0.16354243
seq13/frame00194.png -15.60337 30.794003 2.5337708 0.81501186 -0.5484575 -0.13733624 0.12677342
seq13/frame00195.png -17.125654 32.372295 2.7203553 0.81923366 -0.5479572 -0.12847808 0.11018481
seq13/frame00196.png -17.110794 32.561398 2.6268463 0.8195581 -0.5457575 -0.14589547 0.0958412
seq13/frame00197.png -15.421362 30.383907 2.5970204 0.78856367 -0.6031014 -0.104237705 0.059636984
seq13/frame00198.png -15.112133 29.421865 2.961976 0.77440697 -0.6084977 -0.13039891 0.11415019
seq13/frame00199.png -9.724785 31.560558 3.0175445 0.77467495 -0.6302796 -0.045165434 -0.02197931
seq13/frame00200.png -13.585028 30.727541 2.8762827 0.76854414 -0.63168705 -0.09364333 0.03819529
seq13/frame00201.png -12.35258 33.29822 3.1633775 0.7789389 -0.6240871 -0.06200917 0.0062687923
seq13/frame00202.png -12.121817 33.50879 3.0265653 0.7852507 -0.6174973 -0.041223034 -0.021682596
seq13/frame00203.png -11.317519 34.2395 2.7737815 0.79790306 -0.60018677 -0.055141013 -0.0042508207
seq13/frame00204.png -12.098343 35.344257 2.6478224 0.80154884 -0.5965707 -0.035919566 -0.018998351
seq13/frame00205.png -12.027759 34.524803 2.712309 0.82347196 -0.5650939 -0.05091532 0.0055693514
seq13/frame00206.png -11.651154 34.33222 2.7935266 0.80889773 -0.5871548 -0.009485005 -0.031245021
seq13/frame00207.png -10.535733 34.80855 2.7764707 0.82652736 -0.5616041 -0.025520062 -0.027575178
seq13/frame00208.png -10.48003 34.639935 2.8322656 0.8108658 -0.5836618 -0.041475024 -0.012974591
seq13/frame00209.png -11.110785 34.18564 2.665437 0.82879114 -0.55113846 -0.08677752 0.042730696
seq13/frame00210.png -11.089917 34.78287 2.8670678 0.8407326 -0.5391352 -0.047641583 0.015338438
seq13/frame00211.png -9.072765 33.741577 2.804617 0.83082646 -0.55554616 -0.001114359 -0.03455736
seq13/frame00212.png -9.157756 33.193893 2.8070498 0.8347962 -0.5493427 0.015156253 -0.034473572
seq13/frame00213.png -8.114684 33.012627 2.7392354 0.82148916 -0.56857485 0.0012323231 -0.043214623
seq13/frame00214.png -7.119865 32.145405 2.6811094 0.8175245 -0.575158 0.0004153973 -0.025430592
seq13/frame00215.png -6.2433033 32.455463 2.6004648 0.8152707 -0.5762917 0.021898786 -0.051436923
seq13/frame00216.png -4.919168 31.526226 2.5825078 0.8095396 -0.5837452 0.015308 -0.06130212
seq13/frame00217.png -3.1806617 30.002035 2.4176471 0.80386597 -0.5913522 0.013452862 -0.062702045
seq13/frame00218.png -2.1257188 29.380135 2.416548 0.8002554 -0.59831864 0.0018726236 -0.04137605
seq13/frame00219.png -2.074302 29.52966 2.6585002 0.80535793 -0.59170467 -0.029698819 -0.021995304
seq13/frame00220.png -0.5920886 29.017092 2.1977568 0.80725724 -0.58920634 0.021406496 -0.029188516
seq13/frame00221.png -1.3458792 28.653437 2.3677063 0.82128376 -0.5693994 -0.033685796 0.017386502
seq13/frame00222.png -0.50688666 27.980354 2.2245407 0.82893395 -0.55760324 -0.03155387 0.03145475
seq13/frame00223.png -1.6451876 29.44204 2.3004003 0.82847244 -0.55885047 -0.031775218 0.021374047
seq13/frame00224.png -0.082940474 28.912474 2.2556205 0.818121 -0.5746218 -0.0035023182 0.020267827
seq13/frame00225.png 1.0978713 28.47367 2.1457927 0.8149958 -0.57850415 0.026773097 -0.024411429
seq13/frame00226.png 2.0773385 27.64868 2.0178504 0.80865824 -0.58516157 0.033799954 -0.049356
seq13/frame00227.png 2.0625808 27.495996 2.0256894 0.8123554 -0.5814008 0.0047543854 -0.04564566
seq13/frame00228.png 1.3651924 27.857956 1.9223006 0.82110935 -0.5695857 0.0034813988 -0.03663832
seq13/frame00229.png 4.5266457 27.084545 1.8846103 0.83004713 -0.55507326 0.027846858 -0.046206307
seq13/frame00230.png 7.1899114 24.544481 1.6528819 0.825927 -0.55261403 0.031961594 -0.10728999
seq13/frame00231.png 5.259116 26.617655 1.8845323 0.82996875 -0.55749327 -0.015629517 -0.005792454
seq13/frame00232.png 6.317074 25.655132 1.9219 0.8335973 -0.54659337 0.061093144 -0.05195238
seq13/frame00233.png 6.842388 25.165224 1.6671492 0.8408378 -0.53242207 0.065111615 -0.07262824
seq13/frame00234.png 7.3542314 24.876068 1.6717877 0.8348429 -0.54378784 0.07306337 -0.044771213
seq13/frame00235.png 7.8023334 24.725058 1.5419658 0.84624183 -0.5228985 0.08163772 -0.06190484
seq13/frame00236.png 8.732139 23.97386 1.7065184 0.8479282 -0.5161633 0.09362395 -0.07681167
seq13/frame00237.png 8.621532 23.377253 1.540686 0.8418715 -0.52747506 0.095111445 -0.06279764
seq13/frame00238.png 8.705516 23.359514 1.4873348 0.8695255 -0.4852081 0.07941243 -0.04698549
seq13/frame00239.png 10.081455 22.289415 1.3957555 0.8772814 -0.47347417 0.049838345 -0.06086082
seq13/frame00240.png 11.325304 21.333801 1.415669 0.87731117 -0.47279945 0.03663161 -0.0733287
seq13/frame00241.png 12.217273 20.85004 1.3313947 0.8838265 -0.45945168 0.054916345 -0.068338774
seq13/frame00242.png 11.538678 21.468157 1.4282413 0.86614174 -0.49718535 0.030085333 -0.041677326
seq13/frame00243.png 12.183528 20.736612 1.5867844 0.81647366 -0.5646599 0.058556624 -0.10497952
seq13/frame00244.png 12.642621 21.12358 1.6669633 0.8347484 -0.5490829 0.007998954 -0.041274242
seq13/frame00245.png 11.906153 20.877028 1.3768294 0.8095849 -0.5860111 0.0043653245 -0.032936137
seq13/frame00246.png 10.304325 21.136265 1.4101505 0.81029546 -0.58579415 -0.016188985 -0.0067690453
seq13/frame00247.png 9.555955 19.436476 1.5496781 0.80342114 -0.5947538 -0.0078994995 -0.02596856
seq13/frame00248.png 11.187412 20.427505 1.5052333 0.8099535 -0.5858874 0.0028160878 -0.02492088
seq13/frame00249.png 13.014208 18.308044 1.6432676 0.790466 -0.58202994 0.10676692 -0.1583235
seq13/frame00250.png 13.095138 17.15624 1.7250388 0.7459136 -0.61060065 0.15241764 -0.21807708
seq13/frame00251.png 13.221694 18.15671 0.8603479 0.69003814 -0.5862807 0.267581 -0.32961577
seq13/frame00252.png 15.257066 15.872587 0.78312415 0.65454215 -0.5525085 0.3477682 -0.38115618
seq13/frame00253.png 16.919224 15.330997 1.0121329 0.62644565 -0.5099378 0.38093227 -0.44972822
seq13/frame00254.png 18.52798 14.020148 0.9313197 0.6366735 -0.48847783 0.39834026 -0.44445154
seq13/frame00255.png 19.584843 12.0205145 0.7966407 0.64181614 -0.4364096 0.3937918 -0.4924748
seq13/frame00256.png 17.731825 11.850689 0.73355335 0.66611475 -0.44879043 0.34962696 -0.48246405
seq13/frame00257.png 17.133062 13.635252 0.71933466 0.67808914 -0.49284777 0.3209874 -0.44078285
seq13/frame00258.png 16.162962 14.667472 0.7344949 0.6983666 -0.5098046 0.2988588 -0.40388978
seq13/frame00259.png 15.052943 15.0260315 0.8371461 0.7227582 -0.5328142 0.2525816 -0.36064446
seq13/frame00260.png 17.057848 13.171259 0.78841263 0.7533649 -0.4916964 0.25733206 -0.35302204
seq13/frame00261.png 19.25758 11.479557 0.7645448 0.77710754 -0.46346176 0.23952639 -0.3522513
seq13/frame00262.png 19.727356 10.442301 0.34751698 0.8092667 -0.48998052 0.17680474 -0.27150834
seq13/frame00263.png 19.55604 10.985193 0.42689094 0.7730298 -0.5512113 0.17839421 -0.25885582
seq13/frame00264.png 20.926775 9.632471 0.124593645 0.77405345 -0.5333115 0.19434795 -0.28016308
seq13/frame00265.png 19.759123 10.055113 0.41705778 0.7638745 -0.5529773 0.18442233 -0.27677494
seq13/frame00266.png 19.772663 9.918411 0.36187026 0.75647664 -0.56514305 0.18823712 -0.26978213
seq13/frame00267.png 18.376722 10.2561035 0.46031246 0.7306705 -0.56469125 0.23814599 -0.30091247
seq13/frame00268.png 20.135645 9.615449 0.33577076 0.73718536 -0.5656174 0.22851032 -0.2905799
seq13/frame00269.png 20.358967 9.515317 0.1714637 0.71093553 -0.57315075 0.27037102 -0.30530915
seq13/frame00270.png 21.855415 9.498405 0.35789958 0.7002355 -0.5559216 0.29908538 -0.33347604
seq13/frame00271.png 22.293186 9.267763 0.46053365 0.7175508 -0.5342646 0.29672387 -0.33410597
seq13/frame00272.png 24.43737 8.201642 0.09020707 0.7264821 -0.5116121 0.3033488 -0.3442027
seq13/frame00273.png 27.132696 7.5670247 0.09480724 0.73380613 -0.48996177 0.2932695 -0.36794236
seq13/frame00274.png 26.972557 6.416552 -0.09893596 0.76785517 -0.48048088 0.2738527 -0.32340902
seq13/frame00275.png 26.593788 6.1311603 -0.05417457 0.7651791 -0.47550794 0.28516373 -0.3272492
seq13/frame00276.png 27.532856 6.764987 -0.2088955 0.7587446 -0.49718964 0.29388604 -0.30130908
seq13/frame00277.png 28.517307 5.294077 -0.090126425 0.77974325 -0.47584203 0.27329412 -0.30155554
seq13/frame00278.png 29.256924 6.5106645 -0.16533169 0.73347896 -0.5413814 0.28388646 -0.29748672
seq13/frame00279.png 30.141783 6.7972574 -0.042451587 0.7166218 -0.5283784 0.30270416 -0.34009054
seq13/frame00280.png 30.806337 6.148264 -0.07751194 0.69385713 -0.54044765 0.3176174 -0.35442108
seq13/frame00281.png 31.241735 5.575794 -0.3008093 0.68242043 -0.5212045 0.3470435 -0.37747025
seq13/frame00282.png 32.32267 4.4071627 -0.484835 0.6698076 -0.5112182 0.36624694 -0.394949
seq13/frame00283.png 32.856407 4.0610304 -0.50791013 0.6743986 -0.480742 0.38660684 -0.40567347
seq13/frame00284.png 33.59669 3.720451 -0.37831613 0.65869856 -0.4943279 0.4042891 -0.397884
seq13/frame00285.png 32.58764 3.1578026 -0.32906792 0.6510396 -0.545697 0.37911737 -0.36660224
seq13/frame00286.png 32.953667 2.4106305 -0.54544985 0.64177346 -0.5150826 0.397404 -0.40619278
seq13/frame00287.png 34.024147 1.3707312 -0.45991233 0.6557816 -0.47210222 0.39487857 -0.43720904
seq13/frame00288.png 34.20092 1.4230883 -0.5155312 0.65060055 -0.49186885 0.37844756 -0.43776926
seq13/frame00289.png 33.9533 0.48053783 -0.49940988 0.62630445 -0.49402934 0.41029304 -0.44169897
seq13/frame00290.png 34.09279 0.17054924 -0.5616032 0.61940587 -0.51382405 0.38996238 -0.4475301
seq13/frame00291.png 33.948593 -0.30944675 -0.5567196 0.6235074 -0.5220245 0.38893116 -0.43299434
seq13/frame00292.png 34.439735 -1.0774146 -0.71254265 0.6019672 -0.5258923 0.40132177 -0.44746846
seq13/frame00293.png 34.02569 -1.2426863 -0.915844 0.6008161 -0.5226672 0.41343033 -0.4414704
seq13/frame00294.png 33.458824 -3.6512733 -0.77720964 0.58554715 -0.49440682 0.42440554 -0.48233238
seq13/frame00295.png 32.848995 -4.0607314 -0.85892856 0.5760211 -0.49546644 0.43059632 -0.4872651
seq13/frame00296.png 32.995396 -5.42671 -1.1031232 0.55473405 -0.49368 0.44222286 -0.50276977
seq13/frame00297.png 31.931953 -5.050448 -0.9576585 0.54446286 -0.49743912 0.45415446 -0.49972418
seq13/frame00298.png 32.414177 -6.6503706 -1.064395 -0.51450366 0.48173037 -0.45708498 0.54262686
seq13/frame00299.png 31.660784 -7.3687153 -1.3477864 -0.5303424 0.4618457 -0.47107506 0.53262955
seq13/frame00300.png 30.896254 -6.5697455 -1.2179854 0.5324554 -0.47008866 0.46600455 -0.5276681
seq13/frame00301.png 31.073898 -6.5751033 -1.1794081 0.5371241 -0.474623 0.44966486 -0.53302485
seq13/frame00302.png 30.161032 -7.9596705 -1.2311718 -0.50613064 0.4506432 -0.47918925 0.5578736
seq13/frame00303.png 27.736416 -7.6937504 -0.9312488 -0.50076944 0.439243 -0.4883991 0.56381094
seq13/frame00304.png 25.248148 -6.381913 -0.5153119 -0.49206412 0.42418984 -0.5068189 0.56644505
seq13/frame00305.png 26.140265 -6.979555 -0.88066053 -0.5015345 0.4457176 -0.4800046 0.5651347
seq13/frame00306.png 28.553173 -9.741561 -0.8434681 -0.48100042 0.43395215 -0.49664935 0.5775978
seq13/frame00307.png 29.178867 -9.573061 -1.3265747 -0.49483472 0.4456799 -0.48020136 0.5711991
seq13/frame00308.png 27.546272 -8.371668 -1.1844715 -0.5660442 0.42479238 -0.4084393 0.57642907
seq13/frame00309.png 29.013311 -8.470026 -1.7069829 -0.56337416 0.3766485 -0.3769695 0.6314012
seq13/frame00310.png 26.642763 -6.843986 -1.208903 -0.59720933 0.36132464 -0.35463837 0.62212676
seq13/frame00311.png 26.859798 -9.235868 -0.8772987 -0.5732185 0.30745238 -0.3464577 0.67598647
seq13/frame00312.png 25.331415 -11.246785 -0.7927811 -0.5386093 0.25495648 -0.34667513 0.7244619
seq13/frame00313.png 23.045488 -12.143526 -1.2388632 -0.46167523 0.22875533 -0.3780872 0.7691883
seq13/frame00314.png 21.137178 -14.403597 -0.93935305 -0.3256538 0.17184676 -0.41658476 0.83122534
seq13/frame00315.png 21.780497 -12.213351 -1.3904084 -0.32541215 0.20999952 -0.43015957 0.81537575
seq13/frame00316.png 22.70288 -13.395321 -1.0868483 -0.37898928 0.23627822 -0.43120766 0.7839836
seq13/frame00317.png 21.84498 -15.532237 -1.8843354 -0.32483226 0.20365483 -0.49166858 0.78179014
seq13/frame00318.png 22.749695 -15.1142435 -2.197514 -0.33897004 0.24380495 -0.52274185 0.7431875
seq13/frame00319.png 21.944378 -16.211727 -1.9532273 -0.28747633 0.23114489 -0.5420162 0.7550531
seq13/frame00320.png 22.888298 -16.711218 -2.0902326 -0.27028295 0.23696992 -0.5818048 0.72950375
seq13/frame00321.png 21.737532 -18.122953 -2.054131 -0.21727967 0.19736998 -0.61383337 0.7328081
seq13/frame00322.png 20.76026 -17.934782 -1.8652791 -0.1902866 0.17438637 -0.6241291 0.737326
seq13/frame00323.png 20.872011 -19.369379 -1.8365694 -0.18027075 0.17763472 -0.63668376 0.72848576
seq13/frame00324.png 20.221596 -19.618774 -1.9332814 -0.14099753 0.1445741 -0.65712506 0.7261085
seq13/frame00325.png 20.250969 -19.619024 -1.6103773 -0.15881968 0.15444262 -0.6429334 0.7331758
seq13/frame00326.png 19.889975 -20.422312 -1.943449 -0.1040812 0.10114023 -0.65721667 0.7394011
seq13/frame00327.png 21.343592 -20.588139 -1.8537967 -0.16807482 0.14442088 -0.6298259 0.7444201
seq13/frame00328.png 20.412188 -21.209108 -1.9243128 -0.13766763 0.106599376 -0.63448435 0.7530146
seq13/frame00329.png 21.312683 -21.33813 -1.873113 -0.15841553 0.1251273 -0.6340637 0.74648243
seq13/frame00330.png 20.17833 -22.034458 -1.7325783 -0.121236116 0.095904 -0.619396 0.7697788
seq13/frame00331.png 20.308407 -21.632126 -1.7799637 -0.16233812 0.12020748 -0.5966278 0.7765913
seq13/frame00332.png 19.08578 -22.974785 -1.6939905 -0.10724485 0.11101893 -0.6150662 0.7732349
seq13/frame00333.png 17.05704 -24.33214 -1.9480574 -0.087672256 0.080251224 -0.600907 0.7904238
seq13/frame00334.png 17.198122 -24.449886 -2.0051043 -0.06739621 0.0938717 -0.5987305 0.7926026
seq13/frame00335.png 16.77583 -23.623894 -1.7272091 -0.08464588 0.0817971 -0.60037994 0.79095656
seq13/frame00336.png 16.366947 -24.676022 -2.035435 -0.0661443 0.043583687 -0.619549 0.7810211
seq13/frame00337.png 15.539173 -25.356781 -1.5832603 -0.094074436 0.07599391 -0.58972937 0.7983957
seq13/frame00338.png 15.236927 -25.73341 -1.9936521 -0.09767415 0.070350885 -0.5886657 0.7993537
seq13/frame00339.png 14.433517 -26.189085 -2.186932 -0.10791603 0.07292789 -0.55117977 0.8242677
seq13/frame00340.png 14.897141 -26.448671 -2.0555487 -0.10702356 0.093585595 -0.55654526 0.8185621
seq13/frame00341.png 14.334509 -27.041008 -2.3365774 -0.06400342 0.053486988 -0.587724 0.80459416
seq13/frame00342.png 14.606776 -24.792286 -2.5227711 -0.009351037 0.052301634 -0.59719247 0.80037093
seq13/frame00343.png 13.572832 -25.751207 -2.6300976 0.024259325 -0.013025872 -0.56776005 0.82276785
seq13/frame00344.png 14.361263 -24.652372 -2.129421 -0.045591753 0.037851118 -0.56691855 0.82168376
seq13/frame00345.png 13.460138 -24.144985 -2.1626887 -0.015912356 0.040281124 -0.6113381 0.7901781
seq13/frame00346.png 12.96514 -23.078558 -2.7920806 -0.03592494 0.0341453 -0.64125943 0.7657862
seq13/frame00347.png 10.845416 -24.642508 -2.3953536 0.026410185 0.021324404 -0.64227545 0.76584494
seq13/frame00348.png 11.639867 -23.879744 -1.775224 0.026518403 0.008829457 -0.6597092 0.7508673
seq13/frame00349.png 12.115609 -23.794611 -1.9322456 0.020613922 0.01115021 -0.66651434 0.74513704
seq13/frame00350.png 11.099959 -22.687237 -1.6972932 0.033512753 0.018350627 -0.66854817 0.74272764
seq3/frame00001.png 14.603244 -32.62455 -2.7585196 -0.10264752 0.07113177 -0.6526938 0.74730986
seq3/frame00002.png 14.1709585 -32.745502 -2.7100835 -0.09813888 0.06753662 -0.64543945 0.754288
seq3/frame00003.png 14.350484 -32.463444 -2.7558222 -0.10370604 0.07676414 -0.63879 0.75834185
seq3/frame00004.png 14.28926 -32.358006 -2.9086528 -0.09576595 0.064779796 -0.60476756 0.7880197
seq3/frame00005.png 14.932881 -32.32464 -2.9417207 -0.089012936 0.07051129 -0.5439347 0.83142567
seq3/frame00006.png 14.45408 -32.519176 -2.7710068 -0.097113095 0.06909014 -0.48639345 0.86560404
seq3/frame00007.png 13.715729 -32.275738 -2.565205 -0.087036 0.06739773 -0.45312497 0.8846399
seq3/frame00008.png 14.393309 -32.01246 -2.5442896 -0.10391905 0.05308358 -0.4428466 0.88891757
seq3/frame00009.png 14.415709 -31.754034 -2.4913156 -0.111774184 0.074422784 -0.45642057 0.87959915
seq3/frame00010.png 14.820518 -32.703297 -2.6193435 -0.1797275 0.110610284 -0.5333523 0.8191383
seq3/frame00011.png 14.047112 -30.785587 -2.6569908 -0.19547026 0.166091 -0.5995587 0.758181
seq3/frame00012.png 17.775185 -26.713675 -2.4316602 -0.25721765 0.22254254 -0.62465036 0.7029468
seq3/frame00013.png 13.79339 -32.735863 -2.5704796 -0.1881636 0.16051891 -0.65601796 0.7129445
seq3/frame00014.png 15.812483 -31.646246 -2.8697648 -0.05174797 0.06264986 -0.69855607 0.71090585
seq3/frame00015.png 14.420942 -31.187927 -2.7292585 -0.034804933 0.016072877 -0.6875015 0.72508746
seq3/frame00016.png 15.402738 -30.011108 -2.6108046 -0.03755503 0.030859573 -0.6647566 0.7453926
seq3/frame00017.png 15.167873 -31.079332 -2.6517348 -0.04776513 0.0177711 -0.64209926 0.7649297
seq3/frame00018.png 15.842329 -31.114523 -2.6000206 -0.1186354 0.046246685 -0.6017419 0.7883455
seq3/frame00019.png 16.220776 -31.14374 -2.6238222 -0.18545844 0.11158112 -0.5618554 0.798345
seq3/frame00020.png 16.22783 -30.532507 -2.882317 -0.22413658 0.12482064 -0.47544175 0.8414802
seq3/frame00021.png 17.476597 -29.530405 -2.710188 -0.26377591 0.13763133 -0.44410843 0.8451271
seq3/frame00022.png 16.056623 -29.47575 -2.8743193 -0.23332042 0.119680546 -0.45876193 0.8489704
seq3/frame00023.png 16.794731 -27.516869 -2.9843996 -0.26792115 0.1443469 -0.44684303 0.8413581
seq3/frame00024.png 18.304462 -28.15121 -3.2336552 -0.25909725 0.13951783 -0.468148 0.8332829
seq3/frame00025.png 21.025095 -25.043585 -2.300496 -0.343237 0.20809491 -0.5238546 0.75126636
seq3/frame00026.png 20.100508 -25.668299 -2.001594 -0.27632597 0.23355703 -0.5793036 0.730336
seq3/frame00027.png 19.543474 -26.890673 -2.4515252 -0.26561743 0.21703309 -0.6093246 0.7147872
seq3/frame00028.png 20.155321 -25.201174 -2.1174002 -0.33328757 0.2497523 -0.5524813 0.72200733
seq3/frame00029.png 21.216524 -25.86602 -2.277183 -0.30693302 0.21201006 -0.5515698 0.7461538
seq3/frame00030.png 21.884798 -25.391335 -2.208426 -0.316417 0.23221818 -0.53883123 0.74543685
seq3/frame00031.png 21.729013 -24.73091 -2.0902255 -0.31914583 0.20689724 -0.5368283 0.75302786
seq3/frame00032.png 22.548923 -24.554548 -2.1947722 -0.31068143 0.24431038 -0.5297258 0.7503674
seq3/frame00033.png 23.00545 -24.238623 -2.330775 -0.32915103 0.25930712 -0.51903284 0.7451478
seq3/frame00034.png 23.810904 -23.667238 -2.0833015 -0.2878812 0.2643934 -0.6012618 0.69691366
seq3/frame00035.png 23.702974 -23.878277 -2.2135997 -0.30044734 0.23333162 -0.58233094 0.71839267
seq3/frame00036.png 23.968843 -23.626236 -2.4751034 -0.2805477 0.20373674 -0.53369164 0.7713621
seq3/frame00037.png 24.013971 -23.404951 -2.3149607 -0.28929633 0.16210286 -0.4742075 0.8154895
seq3/frame00038.png 24.570942 -23.557184 -2.7857432 -0.317019 0.13145263 -0.40428835 0.8477783
seq3/frame00039.png 24.532654 -23.088568 -2.1279812 -0.33166936 0.13053131 -0.35586557 0.86391544
seq3/frame00040.png 24.424726 -22.682535 -1.8989807 -0.35668984 0.1287408 -0.34327126 0.8593407
seq3/frame00041.png 24.471003 -23.39906 -1.8430473 -0.36134794 0.13221553 -0.34562156 0.85594934
seq3/frame00042.png 24.549881 -22.81341 -2.1222754 -0.37037832 0.13139279 -0.35624847 0.8477052
seq3/frame00043.png 23.074694 -22.699484 -2.3061073 -0.39693722 0.16443658 -0.40476063 0.8071394
seq3/frame00044.png 24.122 -23.516056 -2.1081638 -0.4227896 0.26188362 -0.4736391 0.7268218
seq3/frame00045.png 20.613428 -22.027227 -1.966304 -0.42165607 0.30821192 -0.54708034 0.65410465
seq3/frame00046.png 18.372295 -22.381824 -2.0496595 -0.35204822 0.30337623 -0.6010039 0.6499865
seq3/frame00047.png 21.585827 -23.42331 -2.288851 -0.30693638 0.28078836 -0.5990402 0.68425685
seq3/frame00048.png 24.150438 -22.509926 -2.2411342 -0.2593777 0.24035665 -0.62980443 0.69168353
seq3/frame00049.png 23.592558 -22.018036 -2.5589457 -0.16897811 0.16695052 -0.6778711 0.6957098
seq3/frame00050.png 22.298904 -22.675701 -2.3550668 -0.12218378 0.12743637 -0.6872796 0.70456564
seq3/frame00051.png 21.744198 -22.98195 -2.420619 -0.11082261 0.12740482 -0.66342753 0.7288988
seq3/frame00052.png 21.727587 -23.039942 -2.370024 -0.10784904 0.074202456 -0.66681045 0.73368925
seq3/frame00053.png 24.811716 -22.081892 -2.2480898 -0.2149248 0.118051134 -0.66092074 0.70945317
seq3/frame00054.png 25.390049 -20.721409 -2.1303034 -0.2730602 0.17995375 -0.61585075 0.71688044
seq3/frame00055.png 25.931047 -20.390999 -2.2507634 -0.28804743 0.18905643 -0.6346607 0.69184774
seq3/frame00056.png 24.82221 -20.706808 -2.3999453 -0.3081174 0.21946159 -0.5839626 0.7180694
seq3/frame00057.png 25.79292 -20.222584 -2.1392713 -0.39497 0.24601384 -0.5428096 0.69931155
seq3/frame00058.png 26.074781 -19.126293 -2.0396852 -0.41631493 0.2684655 -0.49589476 0.71326756
seq3/frame00059.png 26.177328 -18.456587 -1.9170452 -0.45725328 0.2753883 -0.44914994 0.7164078
seq3/frame00060.png 26.129557 -16.698996 -1.704497 -0.4916527 0.30515477 -0.4056959 0.7076315
seq3/frame00061.png 27.095993 -16.647396 -1.6384307 -0.4859612 0.2851417 -0.42769197 0.7067934
seq3/frame00062.png 27.2458 -16.754484 -2.108203 -0.44683433 0.29211333 -0.46608633 0.70546377
seq3/frame00063.png 26.991669 -16.04839 -1.878836 -0.4186696 0.29087946 -0.478148 0.7152325
seq3/frame00064.png 27.327929 -15.406933 -1.7132672 -0.42203224 0.294097 -0.48845395 0.7049662
seq3/frame00065.png 27.137144 -14.486649 -1.8539603 -0.43998677 0.30479717 -0.49898094 0.6816499
seq3/frame00066.png 27.943127 -14.722736 -1.8992779 -0.4615851 0.30997366 -0.49144763 0.6702156
seq3/frame00067.png 27.918365 -14.543606 -1.7439412 -0.44758835 0.33425218 -0.48370683 0.67372924
seq3/frame00068.png 28.255726 -13.161372 -1.443278 -0.5235397 0.32616383 -0.41718283 0.6675377
seq3/frame00069.png 28.695356 -12.70443 -1.4631338 -0.51459295 0.35377464 -0.4194512 0.6586627
seq3/frame00070.png 29.184671 -11.60835 -1.3589619 -0.5275151 0.34506616 -0.39498138 0.6683387
seq3/frame00071.png 29.472792 -10.979656 -1.1182139 -0.5884344 0.35639754 -0.35951796 0.6303214
seq3/frame00072.png 29.875443 -10.161082 -1.1413187 -0.60687697 0.3719349 -0.33831847 0.6154603
seq3/frame00073.png 29.807154 -9.536982 -1.0903699 0.62932104 -0.38470122 0.32208234 -0.5934157
seq3/frame00074.png 30.351192 -8.729689 -1.4571192 0.6078007 -0.40111524 0.32945618 -0.6008659
seq3/frame00075.png 31.065542 -8.451272 -1.4921856 0.60534126 -0.4008955 0.35264534 -0.59033924
seq3/frame00076.png 30.140789 -7.91716 -2.0479786 0.5985351 -0.41624665 0.36642057 -0.57812244
seq3/frame00077.png 29.611456 -8.557709 -1.7738111 0.58238924 -0.38554266 0.41752812 -0.5813097
seq3/frame00078.png 28.92131 -7.700801 -1.8129184 0.5956898 -0.40134525 0.42379048 -0.55189204
seq3/frame00079.png 30.955147 -5.840103 -1.1620984 0.5980689 -0.454924 0.43314713 -0.49792388
seq3/frame00080.png 32.714584 -5.9686437 -0.91065246 0.5953838 -0.49112588 0.42118177 -0.47639766
seq3/frame00081.png 31.09419 -5.4439454 -0.9338712 0.5707093 -0.4805955 0.44118235 -0.49831608
seq3/frame00082.png 30.608168 -6.4574165 -1.2345085 -0.51730734 0.4675152 -0.48183948 0.5309516
seq3/frame00083.png 28.06567 -4.495263 -0.7841327 -0.5197323 0.4072913 -0.5136099 0.5478712
seq3/frame00084.png 28.254782 -6.55752 -1.0797617 -0.5097964 0.3638162 -0.5057829 0.5932244
seq3/frame00085.png 28.970922 -6.193275 -1.3960216 -0.5413869 0.34256515 -0.46459156 0.61134726
seq3/frame00086.png 27.214415 -5.0900226 -1.425043 -0.55325 0.34175482 -0.44451076 0.6160761
seq3/frame00087.png 30.170748 -6.1293797 -1.4272943 -0.53602475 0.3389842 -0.4586632 0.6224389
seq3/frame00088.png 30.866522 -5.0441456 -1.3407843 0.6095969 -0.363571 0.36116776 -0.60457057
seq3/frame00089.png 31.331112 -5.060838 -1.1033349 0.65252656 -0.31847298 0.2977297 -0.6197895
seq3/frame00090.png 32.057636 -4.867836 -0.6629676 0.6777358 -0.3017862 0.2846612 -0.6071758
seq3/frame00091.png 31.865797 -4.5536737 -0.7411776 0.68396485 -0.29976803 0.28823426 -0.59951097
seq3/frame00092.png 30.445972 -4.329181 -1.4989729 0.7053116 -0.37897646 0.27030054 -0.53469914
seq3/frame00093.png 30.631647 -5.9275694 -1.2136728 0.6499607 -0.42678145 0.35352728 -0.520114
seq3/frame00094.png 32.653214 -3.6815963 -0.9617889 0.6473818 -0.48385376 0.37465116 -0.45437902
seq3/frame00095.png 32.409588 -4.453296 -0.86815137 0.62930214 -0.49847168 0.37840125 -0.46099362
seq3/frame00096.png 31.48522 -5.3515577 -0.7056388 0.60190165 -0.48178232 0.42511222 -0.47474587
seq3/frame00097.png 29.138079 -7.146882 -1.0552357 0.54429376 -0.44805354 0.46981576 -0.5313093
seq3/frame00098.png 30.454088 -6.239617 -1.2001882 0.54157215 -0.45759183 0.47468483 -0.5217745
seq5/frame00001.png 27.063328 -13.183715 -1.4633372 -0.32190084 0.32453427 -0.5939767 0.66208446
seq5/frame00002.png 27.570751 -13.112053 -1.3462169 -0.32920527 0.3286642 -0.59281105 0.6574056
seq5/frame00003.png 27.971804 -12.806343 -1.1256853 -0.3406621 0.32140455 -0.5974711 0.65082675
seq5/frame00004.png 28.204231 -12.101648 -0.79803663 -0.376505 0.36124235 -0.55893135 0.64448744
seq5/frame00005.png 26.348427 -12.088335 -1.0388415 -0.3247676 0.31750703 -0.58637583 0.6707998
seq5/frame00006.png 26.358435 -11.507385 -1.3263639 -0.3326697 0.34517583 -0.58533907 0.65378195
seq5/frame00007.png 27.829805 -14.15651 -1.0476987 -0.31730506 0.29242596 -0.58425564 0.68747944
seq5/frame00008.png 25.165792 -11.32622 -0.7619751 -0.37277907 0.3125659 -0.5749867 0.657813
seq5/frame00009.png 23.730211 -16.539804 -1.1574392 -0.2533802 0.2509563 -0.5858218 0.72772485
seq5/frame00010.png 26.66847 -15.546665 -1.4403192 -0.3262684 0.2748404 -0.57937646 0.69432294
seq5/frame00011.png 27.811243 -15.5396385 -1.5151037 -0.33713326 0.27565816 -0.58416903 0.6847469
seq5/frame00012.png 25.993502 -14.252452 -1.2954118 -0.323429 0.26677752 -0.57906216 0.6993899
seq5/frame00013.png 25.78349 -13.292402 -0.9591237 -0.3606916 0.27615792 -0.56589013 0.6881748
seq5/frame00014.png 26.282389 -12.985266 -1.0641353 -0.37320876 0.29171878 -0.54512954 0.6917958
seq5/frame00015.png 25.820095 -11.567905 -1.3616203 -0.41254646 0.30468225 -0.53129107 0.6745122
seq5/frame00016.png 26.255697 -12.173029 -1.3659874 -0.39575082 0.29349363 -0.5291464 0.69101167
seq5/frame00017.png 25.821928 -11.693819 -1.3501165 -0.4118291 0.3006896 -0.52998036 0.6774793
seq5/frame00018.png 26.80499 -10.353967 -1.7158339 -0.4759648 0.3650594 -0.50747687 0.61857665
seq5/frame00019.png 27.912783 -9.707486 -1.4335148 -0.54909027 0.39297542 -0.43966538 0.5922586
seq5/frame00020.png 28.711477 -11.255931 -1.6379472 -0.52869356 0.41003308 -0.44645074 0.59406215
seq5/frame00021.png 28.369131 -11.973529 -1.7239354 -0.5040274 0.42411563 -0.46270782 0.5932363
seq5/frame00022.png 28.830282 -10.197508 -1.5943238 -0.52282643 0.44053 -0.45991707 0.566614
seq5/frame00023.png 30.83063 -9.409969 -1.454333 -0.56187737 0.43764853 -0.42033407 0.56238306
seq5/frame00024.png 28.948322 -10.691371 -1.5251584 -0.5839644 0.3777716 -0.39834747 0.59804523
seq5/frame00025.png 26.810856 -9.169398 -1.6967471 0.62370545 -0.37242848 0.35649702 -0.5875097
seq5/frame00026.png 26.448364 -9.647274 -1.6154453 -0.6016574 0.36485067 -0.36061528 0.6123286
seq5/frame00027.png 25.611555 -11.194479 -1.7269378 -0.5846022 0.3521482 -0.3834778 0.6222369
seq5/frame00028.png 24.667156 -10.193874 -1.3892484 -0.59523994 0.36472127 -0.37786397 0.6082377
seq5/frame00029.png 22.969072 -11.22851 -1.4037615 -0.5724607 0.33775988 -0.39348385 0.6350015
seq5/frame00030.png 25.162651 -13.36186 -1.0375255 -0.5623567 0.35750103 -0.39836437 0.6302166
seq5/frame00031.png 24.440187 -12.958368 -0.3213729 -0.5625686 0.36926153 -0.38422668 0.6319978
seq5/frame00032.png 23.143732 -15.009332 -0.39730307 -0.54206795 0.34445837 -0.4135736 0.64539695
seq5/frame00033.png 22.98649 -14.913491 -0.68345827 -0.51726776 0.34914857 -0.42677402 0.65450835
seq5/frame00034.png 20.539265 -14.075569 -1.5559944 -0.4781168 0.35375315 -0.47141048 0.65122783
seq5/frame00035.png 20.518398 -14.447722 -1.7594259 -0.4610059 0.33387297 -0.49307144 0.65783083
seq5/frame00036.png 20.81268 -17.27336 -1.8204569 -0.38646767 0.26784858 -0.56269825 0.6800003
seq5/frame00037.png 19.76085 -15.734181 -1.9907465 -0.39742923 0.29611242 -0.5449942 0.6761261
seq5/frame00038.png 20.15214 -17.928087 -2.2826989 -0.34553415 0.2763036 -0.56984097 0.69245243
seq5/frame00039.png 20.935194 -18.520365 -2.2525995 -0.36965495 0.28668213 -0.5670257 0.6780497
seq5/frame00040.png 19.54943 -20.024109 -1.9459349 -0.32673508 0.29042628 -0.5767925 0.69007134
seq5/frame00041.png 20.026632 -18.861788 -1.5408928 -0.34215996 0.3171895 -0.5830824 0.6649804
seq5/frame00042.png 15.673488 -21.057186 -1.1983557 -0.22114126 0.26084685 -0.65057075 0.6779969
seq5/frame00043.png 17.5674 -18.346766 -1.7097771 -0.31704336 0.30408147 -0.6050383 0.6639893
seq5/frame00044.png 17.970903 -22.638973 -2.3686576 -0.29864636 0.26081696 -0.6015641 0.69367707
seq5/frame00045.png 18.826918 -22.274435 -1.8682303 -0.30932397 0.26838505 -0.59747297 0.6894644
seq5/frame00046.png 19.123922 -22.285734 -1.7058423 -0.32122013 0.27669752 -0.59683657 0.6812776
seq5/frame00047.png 18.13395 -22.55587 -1.5914295 -0.31808156 0.2714301 -0.60536647 0.6772282
seq5/frame00048.png 18.598415 -24.091787 -2.418869 -0.3131471 0.27600285 -0.60607284 0.6773396
seq5/frame00049.png 18.66777 -25.318035 -2.1587148 -0.21369831 0.19231379 -0.63330185 0.7184926
seq5/frame00050.png 18.469885 -26.073305 -2.1951194 -0.2327691 0.19121292 -0.61073494 0.73230094
seq5/frame00051.png 18.38096 -26.977251 -2.282927 -0.22989658 0.20045625 -0.6151879 0.72711295
seq5/frame00052.png 18.406221 -27.175135 -2.3251777 -0.23075128 0.19912729 -0.6341112 0.7106494
seq5/frame00053.png 18.20689 -27.51591 -2.365851 -0.20265011 0.17056723 -0.6333395 0.7272051
seq5/frame00054.png 18.443491 -27.938095 -2.3169763 -0.1468457 0.1450314 -0.638148 0.74168015
seq5/frame00055.png 17.532476 -28.649546 -2.1789236 -0.121081874 0.14153679 -0.6300003 0.7538999
seq5/frame00056.png 17.321589 -28.935366 -2.2448053 -0.09190314 0.090219386 -0.6403554 0.7572045
seq5/frame00057.png 16.980572 -29.295935 -2.408976 -0.062539116 0.084709294 -0.6413431 0.7600971
seq5/frame00058.png 17.335245 -28.909609 -2.3714483 -0.07954106 0.10256156 -0.6346862 0.7617168
seq5/frame00059.png 17.180178 -29.615355 -2.2142038 -0.119553335 0.12501311 -0.5719861 0.801834
seq5/frame00060.png 16.996319 -29.461351 -2.293043 -0.074016854 0.08690057 -0.61002165 0.78416115
seq5/frame00061.png 17.265593 -28.655556 -2.3403485 -0.106327005 0.07677185 -0.5839377 0.8011177
seq5/frame00062.png 17.217314 -28.1461 -2.424103 -0.12743637 0.08337665 -0.559163 0.8148363
seq5/frame00063.png 18.193039 -28.051395 -2.3474727 -0.1358429 0.0809788 -0.546451 0.8224589
seq5/frame00064.png 18.861364 -27.224682 -2.3091464 -0.14805059 0.11202347 -0.5422025 0.8195862
seq5/frame00065.png 19.255945 -26.555191 -2.2236094 -0.16193782 0.12107567 -0.54605603 0.81295574
seq5/frame00066.png 19.9466 -26.29976 -2.2209756 -0.15728843 0.11813593 -0.5198431 0.8313576
seq5/frame00067.png 19.803074 -25.952599 -2.1219783 -0.11274618 0.095129475 -0.5387703 0.8294619
seq5/frame00068.png 20.442238 -25.27112 -2.09558 -0.17363833 0.14177883 -0.54530627 0.8077914
seq5/frame00069.png 21.639318 -24.991713 -2.0704288 -0.17463924 0.14739941 -0.5682223 0.7905493
seq5/frame00070.png 21.807295 -24.73782 -2.1453187 -0.1785092 0.15225555 -0.5971532 0.7670254
seq5/frame00071.png 22.43734 -23.41368 -2.2545826 -0.18587466 0.149367 -0.6592443 0.7129999
seq5/frame00072.png 22.39624 -22.13651 -1.738481 -0.19939853 0.18730003 -0.659646 0.6999602
seq5/frame00073.png 22.147882 -22.32694 -1.8882074 -0.20648238 0.21487978 -0.6535799 0.69565547
seq5/frame00074.png 22.043646 -22.620874 -2.1582842 -0.2057402 0.25178546 -0.63657784 0.69953865
seq5/frame00075.png 23.001978 -21.892609 -2.4342985 -0.2359366 0.25554717 -0.63401663 0.69082266
seq5/frame00076.png 22.255352 -21.220037 -2.0597353 -0.2582073 0.25400886 -0.624354 0.69193524
seq5/frame00077.png 22.382505 -20.449144 -1.9205352 -0.27924922 0.25252622 -0.61782044 0.690069
seq5/frame00078.png 22.327473 -19.378275 -1.6742414 -0.29370454 0.2566799 -0.6014714 0.6971773
seq5/frame00079.png 22.528475 -18.236689 -1.7632153 -0.31417024 0.25009313 -0.6013373 0.690793
seq5/frame00080.png 22.060984 -17.52484 -1.4051263 -0.30748478 0.28901544 -0.59692556 0.68229073
seq5/frame00081.png 22.46624 -17.508411 -1.7081279 -0.3137459 0.2786449 -0.5936478 0.6866062
seq5/frame00082.png 21.82542 -17.625553 -1.8128417 -0.30205834 0.2587385 -0.59665793 0.6970238
