seq13/frame00001.png 29.498281 -16.447144 -1.7541877 -0.42732129 0.33479246 -0.5140228 0.6640315
seq13/frame00002.png 29.552788 -16.46834 -1.7439971 -0.42683896 0.3356829 -0.51337945 0.66459024
seq13/frame00003.png 29.480688 -16.360332 -1.8397509 -0.42936197 0.33571512 -0.5124967 0.6633728
seq13/frame00004.png 29.382473 -16.307867 -1.6351333 -0.43703368 0.31847325 -0.48442462 0.68774086
seq13/frame00005.png 28.810349 -16.615917 -1.7216607 -0.43318698 0.30580232 -0.5068214 0.6794773
seq13/frame00006.png 28.309462 -16.674494 -1.7563323 -0.4028742 0.30584013 -0.5016298 0.70184237
seq13/frame00007.png 27.527391 -17.007475 -1.5848233 -0.39058316 0.26477113 -0.50822836 0.720485
seq13/frame00008.png 26.791496 -17.200783 -1.6164029 -0.38608956 0.25817615 -0.49810225 0.7322187
seq13/frame00009.png 26.537472 -17.889757 -1.9897981 -0.4053684 0.2577878 -0.49970508 0.7207239
seq13/frame00010.png 26.987 -17.015348 -2.48031 -0.45055783 0.2477124 -0.4375816 0.7377418
seq13/frame00011.png 25.585693 -17.080992 -1.1201586 -0.4415058 0.15859142 -0.36740893 0.8030374
seq13/frame00012.png 23.271563 -19.739437 -1.5237402 -0.3918005 0.10640931 -0.3710962 0.83506393
seq13/frame00013.png 24.86756 -16.42257 -1.3916581 -0.4655374 0.12302837 -0.3194403 0.81617975
seq13/frame00014.png 22.969032 -20.109566 -1.4897741 -0.37233505 0.08962494 -0.3701424 0.84631383
seq13/frame00015.png 23.646925 -19.880829 -1.7670224 -0.4037327 0.13079686 -0.38605043 0.819085
seq13/frame00016.png 23.372976 -20.16052 -1.7451108 -0.38068074 0.16841184 -0.44126245 0.7949467
seq13/frame00017.png 22.800512 -20.635576 -1.7335796 -0.3113656 0.22316146 -0.5317757 0.7553729
seq13/frame00018.png 22.749352 -20.721296 -1.7354628 -0.2858993 0.25151262 -0.60010326 0.703675
seq13/frame00019.png 22.360014 -20.760195 -1.6585102 -0.26373044 0.25222868 -0.6202782 0.69426274
seq13/frame00020.png 22.367495 -21.938871 -1.6606419 -0.21010397 0.21346462 -0.6508458 0.69759697
seq13/frame00021.png 21.091555 -22.012531 -1.6956037 -0.1035982 0.14153601 -0.6839636 0.7080035
seq13/frame00022.png 20.243435 -22.202282 -1.7356162 -0.14517847 0.15851566 -0.6479042 0.7308282
seq13/frame00023.png 19.412912 -22.837114 -1.83234 -0.22159347 0.18888576 -0.60690486 0.7395145
seq13/frame00024.png 19.20206 -22.77225 -1.7510556 -0.34215176 0.25947183 -0.5266378 0.7338341
seq13/frame00025.png 18.927233 -23.304716 -2.0068588 -0.36927396 0.26526773 -0.5114397 0.72924584
seq13/frame00026.png 18.20209 -23.514814 -1.8894922 -0.33132052 0.27119032 -0.5328554 0.7299727
seq13/frame00027.png 17.671127 -24.286043 -1.7835313 -0.29771057 0.25833264 -0.57906455 0.71376055
seq13/frame00028.png 16.830765 -24.692623 -1.9167641 -0.22949785 0.22910286 -0.6257406 0.7094355
seq13/frame00029.png 15.691618 -25.36643 -1.0492467 -0.16876903 0.17288904 -0.6446127 0.72535676
seq13/frame00030.png 15.325553 -25.659988 -1.1440679 -0.17169559 0.17922273 -0.6550487 0.71367294
seq13/frame00031.png 15.7935915 -26.134108 -1.5187958 -0.16483785 0.18888766 -0.64318293 0.7234998
seq13/frame00032.png 15.482241 -26.777117 -1.986971 -0.17544033 0.16483106 -0.6608945 0.71075714
seq13/frame00033.png 16.105 -27.221071 -1.7270598 -0.16696863 0.2025475 -0.6416819 0.72069836
seq13/frame00034.png 14.052633 -27.909151 -1.9118944 -0.16092363 0.13509956 -0.6667781 0.7151858
seq13/frame00035.png 12.873096 -27.211721 -1.8796144 -0.21503626 0.19608502 -0.6279253 0.7217903
seq13/frame00036.png 13.680787 -29.556831 -2.3019586 -0.18251634 0.17882198 -0.6646348 0.70187575
seq13/frame00037.png 12.609642 -29.85628 -2.126329 -0.18410446 0.2012345 -0.6291958 0.7277523
seq13/frame00038.png 9.650434 -24.252445 -1.8302951 -0.24251631 0.2140078 -0.64792866 0.6895303
seq13/frame00039.png 11.431984 -30.867283 -2.4219851 -0.17804913 0.22069982 -0.6492209 0.70579845
seq13/frame00040.png 11.593685 -31.949606 -2.62126 -0.16305847 0.20719501 -0.6559503 0.70710725
seq13/frame00041.png 11.103728 -32.0477 -2.456037 -0.15397833 0.19153924 -0.64322966 0.7251294
seq13/frame00042.png 10.66398 -32.436577 -2.4768333 -0.11880006 0.16613647 -0.66569406 0.7177612
seq13/frame00043.png 10.018543 -33.30571 -2.3412364 -0.1228167 0.16916381 -0.67127913 0.7111258
seq13/frame00044.png 9.645243 -33.687824 -2.5350757 -0.10609629 0.14184946 -0.67341816 0.7177693
seq13/frame00045.png 9.51345 -34.539043 -2.5538945 -0.11761399 0.15095687 -0.6656803 0.72140217
seq13/frame00046.png 9.154083 -35.068638 -2.6801608 -0.099786155 0.15086658 -0.65992343 0.7292312
seq13/frame00047.png 8.697351 -35.32505 -2.7023747 -0.066496424 0.12718356 -0.6856901 0.71366364
seq13/frame00048.png 8.249946 -35.505836 -2.7131274 -0.07800789 0.1421673 -0.6799306 0.7150348
seq13/frame00049.png 6.4206314 -24.784946 -2.603627 -0.17962898 0.20269585 -0.66853976 0.69249123
seq13/frame00050.png 1.9554676 -23.970789 -2.4315288 -0.2175109 0.26497257 -0.6178415 0.7074202
seq13/frame00051.png 6.929176 -30.615253 -3.3410413 -0.1405583 0.19938496 -0.6286666 0.73841214
seq13/frame00052.png 5.4621854 -30.71367 -3.0183454 -0.13788565 0.1967918 -0.6377205 0.7317702
seq13/frame00053.png -0.54378617 -31.403269 -2.7232952 -0.07428433 0.13003069 -0.6910051 0.7070957
seq13/frame00054.png 4.1339927 -36.372967 -2.4741678 -0.06226303 0.122935995 -0.6909509 0.70962393
seq13/frame00055.png 3.2455451 -36.046455 -2.5909023 0.005839806 0.07246485 -0.6880661 0.72198975
seq13/frame00056.png 2.7282135 -35.94382 -2.4450722 0.071996525 0.00861614 -0.68396527 0.72579616
seq13/frame00057.png 1.8955474 -36.020367 -2.503702 0.14021412 -0.036172662 -0.66347915 0.7339136
seq13/frame00058.png 1.4935066 -35.46946 -2.6898499 0.19717246 -0.093496636 -0.63781196 0.73867
seq13/frame00059.png 0.74167854 -35.426003 -2.7918668 0.23336406 -0.08633505 -0.5912776 0.76705414
seq13/frame00060.png 0.37084278 -34.674507 -2.7078495 0.21332327 -0.09132454 -0.5561079 0.7980812
seq13/frame00061.png -0.31866664 -33.31909 -2.755669 0.22653905 -0.088960834 -0.5218097 0.8175386
seq13/frame00062.png -0.42392468 -33.339825 -2.5712526 0.24026643 -0.12794656 -0.5471147 0.79154867
seq13/frame00063.png -0.9833541 -32.449623 -2.288404 0.24621959 -0.13837285 -0.54677933 0.7882718
seq13/frame00064.png -1.3669709 -33.134476 -2.5891216 0.22833179 -0.12550543 -0.6084102 0.7496998
seq13/frame00065.png -1.8894573 -32.885284 -2.3150282 0.19128431 -0.11349063 -0.6431272 0.73272055
seq13/frame00066.png -2.6211174 -32.446877 -2.2400002 0.14261314 -0.06367925 -0.66667694 0.7287766
seq13/frame00067.png -3.176028 -32.06315 -2.4446898 0.08667958 -0.034743298 -0.6495999 0.75447667
seq13/frame00068.png -3.8099666 -31.575924 -2.392385 0.07571621 0.008469934 -0.6388431 0.7655721
seq13/frame00069.png -4.1335497 -31.144943 -2.3076465 0.063355066 0.012262112 -0.64716995 0.75957704
seq13/frame00070.png -4.3872275 -30.52423 -2.19398 0.06742305 0.024689736 -0.65140826 0.75541925
seq13/frame00071.png -5.2912765 -30.188776 -2.169878 0.084422715 -0.00159259 -0.66399646 0.7429177
seq13/frame00072.png -5.77647 -29.630426 -1.9563001 0.10699627 -0.013891807 -0.640751 0.7600834
seq13/frame00073.png -6.2753887 -28.98451 -2.1098819 0.18537773 -0.08829208 -0.6174402 0.7593494
seq13/frame00074.png -6.4843607 -28.63902 -2.2390513 0.23410372 -0.119026095 -0.5776803 0.7727937
seq13/frame00075.png -7.236769 -28.086163 -2.2747061 0.29208308 -0.18154114 -0.55457175 0.7578146
seq13/frame00076.png -7.2984686 -27.550247 -2.0338733 0.33979186 -0.21065398 -0.5236876 0.7521745
seq13/frame00077.png -6.2666335 -26.639236 -2.2031612 0.33293346 -0.24790525 -0.5026265 0.758301
seq13/frame00078.png -3.1716726 -24.606903 -1.6022441 0.29563448 -0.2205301 -0.47994572 0.7960179
seq13/frame00079.png -5.599927 -22.206608 -0.86031663 0.34943822 -0.25003427 -0.41829106 0.8002718
seq13/frame00080.png -9.9923935 -22.402607 -1.762888 0.38262767 -0.31890243 -0.4774663 0.72386044
seq13/frame00081.png -9.786502 -25.210688 -1.7043757 0.3215886 -0.24390396 -0.54038686 0.7383996
seq13/frame00082.png -10.27825 -24.421627 -1.757527 0.29090956 -0.23127288 -0.5611609 0.7395318
seq13/frame00083.png -10.652043 -23.947615 -1.6305953 0.27010027 -0.19601487 -0.58506143 0.73915756
seq13/frame00084.png -11.307772 -23.372576 -1.5248995 0.1466031 -0.09041731 -0.62235904 0.7635468
seq13/frame00085.png -10.190316 -23.861738 -0.92797107 0.11820655 -0.089981005 -0.5697306 0.80840796
seq13/frame00086.png -7.964318 -28.62552 -2.008127 0.0030763438 0.029150525 -0.65322113 0.7564349
seq13/frame00087.png -8.7476845 -28.574091 -2.3070955 -0.009643676 0.05267102 -0.6604353 0.7489819
seq13/frame00088.png -10.429671 -26.675583 -2.1326447 0.037815627 0.016477356 -0.6506592 0.7582711
seq13/frame00089.png -10.051882 -27.497328 -2.0046315 0.044587247 -0.0008812345 -0.6634606 0.74694604
seq13/frame00090.png -14.637612 -21.571705 -1.4003768 0.20847473 -0.13369383 -0.624305 0.7407661
seq13/frame00091.png -14.762949 -21.626366 -1.918816 0.3569845 -0.2475037 -0.5734498 0.694515
seq13/frame00092.png -15.528681 -20.545296 -1.7102247 0.41540426 -0.2877377 -0.55687636 0.65917873
seq13/frame00093.png -16.10261 -20.28691 -1.6257119 0.40582693 -0.29878277 -0.5579031 0.6591876
seq13/frame00094.png -16.456297 -19.430344 -1.4142338 0.43907103 -0.31369182 -0.5292235 0.6547934
seq13/frame00095.png -16.894316 -19.023857 -1.46026 0.45156533 -0.28064942 -0.48587984 0.693732
seq13/frame00096.png -17.293215 -19.261213 -0.9932722 0.48284706 -0.24982478 -0.41350034 0.73033607
seq13/frame00097.png -16.409384 -17.477093 -0.699319 0.52006894 -0.26139766 -0.38282374 0.71748614
seq13/frame00098.png -17.52218 -18.662811 -0.57592714 0.5092642 -0.27946994 -0.39558744 0.7114757
seq13/frame00099.png -17.856026 -17.78643 -0.43421587 0.52237135 -0.30897957 -0.38381612 0.69588685
seq13/frame00100.png -19.027428 -17.429491 -0.62469137 0.49548155 -0.30121544 -0.41278788 0.7023285
seq13/frame00101.png -17.273905 -17.311382 -1.3258513 0.31477183 -0.20235649 -0.5315941 0.7598132
seq13/frame00102.png -20.71118 -16.099241 -1.0403651 0.16009192 -0.10762331 -0.61030257 0.768107
seq13/frame00103.png -22.810656 -14.950808 -0.42887354 0.20906328 -0.10648755 -0.609834 0.75705963
seq13/frame00104.png -22.884369 -14.859819 -0.54695 0.1998784 -0.10965025 -0.6145227 0.7552373
seq13/frame00105.png -22.653175 -14.2389965 -0.28343078 0.22471389 -0.112576276 -0.60637665 0.7544502
seq13/frame00106.png -21.502136 -14.392823 -0.6847492 0.29788208 -0.16145971 -0.59943455 0.7250881
seq13/frame00107.png -22.212133 -14.263235 -0.40244734 0.4247227 -0.28522223 -0.5682905 0.64445865
seq13/frame00108.png -22.313393 -15.022022 -0.3208544 0.41463438 -0.22378491 -0.5951576 0.65100694
seq13/frame00109.png -22.757257 -11.935678 -0.32688642 0.5226831 -0.38048774 -0.52102405 0.5571311
seq13/frame00110.png -23.50756 -12.240833 -0.49316797 0.52806526 -0.36232722 -0.4852377 0.5954282
seq13/frame00111.png -24.334188 -11.812441 -0.61210006 0.49016154 -0.34350598 -0.5056032 0.62129456
seq13/frame00112.png -24.947561 -11.357056 -0.43641946 0.4761349 -0.34797725 -0.51390964 0.622985
seq13/frame00113.png -25.506426 -10.992651 -0.18639958 0.4807474 -0.32329553 -0.508278 0.637085
seq13/frame00114.png -26.213547 -10.857797 -0.33648297 0.46271086 -0.30520335 -0.53234005 0.6398462
seq13/frame00115.png -27.14441 -10.55563 -0.39124498 0.4756005 -0.34015137 -0.5265346 0.61741847
seq13/frame00116.png -27.757887 -10.356016 -0.3936159 0.4944589 -0.31797996 -0.48550516 0.6470727
seq13/frame00117.png -28.242529 -9.159708 -0.59607667 0.5320468 -0.34546074 -0.46524352 0.61720824
seq13/frame00118.png -28.771503 -9.35515 -0.21905448 0.5380011 -0.3259681 -0.43873888 0.6415561
seq13/frame00119.png -29.184208 -8.773312 0.10215704 0.5378779 -0.34449854 -0.43217978 0.63681096
seq13/frame00120.png -30.297194 -8.461311 -0.39800647 0.5385988 -0.35426453 -0.43325937 0.6297457
seq13/frame00121.png -29.7575 -8.333136 0.014897184 0.5412662 -0.3621001 -0.406427 0.6408662
seq13/frame00122.png -30.418291 -8.6947 -0.22547138 0.4934874 -0.30714786 -0.4575216 0.6729431
seq13/frame00123.png -30.8124 -7.489256 -0.109510124 0.51105946 -0.32826743 -0.44289333 0.6595066
seq13/frame00124.png -32.66621 -6.769691 0.16673574 0.5005418 -0.35200223 -0.43066674 0.66336477
seq13/frame00125.png -32.953842 -5.8605576 -0.25363553 0.5689184 -0.404735 -0.4001143 0.59375554
seq13/frame00126.png -33.170845 -5.4472213 -0.16956028 0.5868881 -0.3947097 -0.38119456 0.595404
seq13/frame00127.png -34.34692 -5.0584407 -0.34298643 0.57569444 -0.38533974 -0.4059322 0.5958475
seq13/frame00128.png -34.802998 -4.473042 0.39000398 0.5433175 -0.3746993 -0.42040613 0.62282217
seq13/frame00129.png -37.574326 -3.8652868 -0.12043585 0.5673648 -0.36589083 -0.44685256 0.58713347
seq13/frame00130.png -37.11338 -3.4660666 0.113849275 0.54407376 -0.34656075 -0.44739494 0.61952
seq13/frame00131.png -36.974094 -1.2082552 0.24140784 0.57953584 -0.3686503 -0.42897326 0.586515
seq13/frame00132.png -36.541706 -1.9769298 -0.040123247 0.5291142 -0.3440668 -0.44402552 0.63604045
seq13/frame00133.png -36.69854 -1.7748661 0.14925437 0.5512777 -0.36742368 -0.40120825 0.632671
seq13/frame00134.png -38.08677 -1.053756 -0.12618476 0.5804895 -0.3684409 -0.4395288 0.57823163
seq13/frame00135.png -38.027428 -0.78744024 0.3909302 0.5399186 -0.35997128 -0.44252333 0.61895734
seq13/frame00136.png -38.4687 -0.29558736 0.43615153 0.55425096 -0.35949624 -0.45909134 0.5940157
seq13/frame00137.png -35.749992 4.1487026 0.5016279 0.629068 -0.46163377 -0.30394903 0.5465474
seq13/frame00138.png -38.95536 0.5993824 0.47213084 0.5718152 -0.3810896 -0.45460436 0.5669885
seq13/frame00139.png -37.00734 7.2679596 0.49959448 0.57699025 -0.45245236 -0.45121717 0.5086396
seq13/frame00140.png -40.41962 4.689701 0.9491121 0.59909326 -0.44517082 -0.38349026 0.543852
seq13/frame00141.png -41.410263 3.8714058 0.9837022 0.59137464 -0.38794395 -0.43519637 0.55705917
seq13/frame00142.png -41.361664 3.637091 1.3314993 0.5850674 -0.3921084 -0.44099534 0.5561223
seq13/frame00143.png -40.89502 3.9809723 1.1524788 0.5884217 -0.3795386 -0.45735264 0.5479026
seq13/frame00144.png -41.36114 4.843127 1.1130128 0.56018454 -0.3809564 -0.47514838 0.561498
seq13/frame00145.png -41.56834 5.402573 0.96574473 0.5425591 -0.37198123 -0.49248242 0.57003105
seq13/frame00146.png -42.120056 6.168529 1.5078398 0.52621007 -0.355656 -0.47555465 0.60861677
seq13/frame00147.png -42.152287 7.1491995 0.97161514 0.5290734 -0.37240663 -0.49656308 0.5785249
seq13/frame00148.png -41.75539 7.744567 1.2950163 0.49769306 -0.31919235 -0.53013414 0.6076212
seq13/frame00149.png -41.23628 8.429357 1.9396727 0.5302547 -0.30400926 -0.5084773 0.60652214
seq13/frame00150.png -40.88194 9.443488 1.5018529 0.5159872 -0.31258968 -0.5361233 0.5903652
seq13/frame00151.png -40.294613 9.989702 1.6496007 0.5034225 -0.34444904 -0.5411086 0.57882655
seq13/frame00152.png -37.117634 11.793869 1.4912899 0.48595136 -0.35141757 -0.5406125 0.5900138
seq13/frame00153.png -38.937447 11.065153 1.4271709 0.507695 -0.3722604 -0.5286195 0.56954455
seq13/frame00154.png -39.166122 11.973299 1.4196662 0.5206079 -0.3910958 -0.5225963 0.5502044
seq13/frame00155.png -38.909462 12.580243 1.1859733 0.5675125 -0.42055014 -0.46764764 0.5313963
seq13/frame00156.png -38.271927 13.347926 1.4549686 0.5708152 -0.39750394 -0.46080294 0.55119014
seq13/frame00157.png -37.56152 13.795167 1.2667906 0.58258474 -0.40296784 -0.45901373 0.5360091
seq13/frame00158.png -37.101078 14.57361 1.3017741 0.5834885 -0.38043833 -0.4659503 0.54591715
seq13/frame00159.png -36.27139 15.237834 1.2331058 0.5925455 -0.385015 -0.43988466 0.5542868
seq13/frame00160.png -35.677753 15.795176 1.6343502 0.597972 -0.34838977 -0.44885105 0.5656899
seq13/frame00161.png -35.98993 16.476469 1.9383976 0.6193197 -0.36483675 -0.42738402 0.5486219
seq13/frame00162.png -35.650112 17.090513 1.8486528 0.6226602 -0.38125825 -0.4294647 0.53144234
seq13/frame00163.png -35.253464 17.73471 1.941914 0.6291666 -0.38234285 -0.4302039 0.5225765
seq13/frame00164.png -34.896526 18.230555 1.9726832 0.64654744 -0.40610975 -0.40701658 0.50128293
seq13/frame00165.png -34.49543 18.94039 2.0267296 0.69122535 -0.43154582 -0.36484018 0.45037827
seq13/frame00166.png -33.834763 18.797846 2.0380175 0.6819575 -0.42537907 -0.3703805 0.46584606
seq13/frame00167.png -33.74204 20.029093 2.2537022 0.70825195 -0.4315044 -0.3399123 0.44349235
seq13/frame00168.png -33.247173 20.730383 2.1419072 0.72348815 -0.46087137 -0.29612288 0.42010245
seq13/frame00169.png -33.104946 21.148533 2.1671858 0.75181276 -0.4369823 -0.28436983 0.4037151
seq13/frame00170.png -32.71347 21.856873 2.2355654 0.7409082 -0.4637484 -0.24329679 0.4206265
seq13/frame00171.png -32.32491 22.689281 2.4259717 0.7066536 -0.48988 -0.2589243 0.44007102
seq13/frame00172.png -31.750563 23.57264 2.52588 0.7424946 -0.49454203 -0.22493707 0.39161
seq13/frame00173.png -31.68626 24.03129 2.349857 0.7629949 -0.46975303 -0.20706704 0.3926924
seq13/frame00174.png -30.825684 24.755022 2.3077278 0.7866031 -0.4645552 -0.1949452 0.35693374
seq13/frame00175.png -30.462517 25.1868 2.5865443 0.78317744 -0.46564376 -0.20679614 0.3565911
seq13/frame00176.png -29.920094 25.49715 2.7014835 0.80678046 -0.47095352 -0.1816305 0.30705154
seq13/frame00177.png -28.484755 26.34915 2.7526867 0.8246822 -0.4667934 -0.13499378 0.28922364
seq13/frame00178.png -28.116283 26.438614 2.7128892 0.8265614 -0.47804692 -0.1657916 0.24664052
seq13/frame00179.png -27.299234 26.38886 2.584105 0.82632405 -0.4825467 -0.1548629 0.24570896
seq13/frame00180.png -26.356459 26.657892 2.6437976 0.82595944 -0.4748176 -0.17890806 0.24577199
seq13/frame00181.png -25.732605 26.762615 2.5258477 0.81191283 -0.46681696 -0.21536595 0.27648205
seq13/frame00182.png -25.20124 27.170826 2.5289958 0.82181317 -0.46320683 -0.1855124 0.27502376
seq13/frame00183.png -24.559708 27.45085 2.463884 0.8405379 -0.46475926 -0.14607537 0.23711665
seq13/frame00184.png -24.186752 27.851746 2.5819879 0.83401644 -0.4920461 -0.1345446 0.21015778
seq13/frame00185.png -23.46629 28.0521 2.5498297 0.8176518 -0.5195079 -0.14705718 0.1999191
seq13/frame00186.png -22.943316 28.495941 2.558834 0.838805 -0.49639797 -0.13613757 0.17741661
seq13/frame00187.png -22.314846 28.772976 2.456029 0.8320346 -0.5003415 -0.14990658 0.18663965
seq13/frame00188.png -21.613499 29.274488 2.5272486 0.84274334 -0.4847967 -0.15187246 0.17801432
seq13/frame00189.png -21.124332 29.54637 2.3529987 0.8199995 -0.5072793 -0.17289002 0.20121214
seq13/frame00190.png -20.494133 29.784954 2.4680889 0.83412766 -0.48733288 -0.1673955 0.1968415
seq13/frame00191.png -19.879604 30.336819 2.6206577 0.81484 -0.5144628 -0.17160794 0.20484723
seq13/frame00192.png -19.123175 30.99407 2.744298 0.8187455 -0.517067 -0.15934533 0.19225928
seq13/frame00193.png -18.803997 31.287271 2.5623424 0.8131712 -0.5332459 -0.1572769 0.17265743
seq13/frame00194.png -18.256456 31.903847 2.507592 0.8186247 -0.53655934 -0.14162526 0.14818141
seq13/frame00195.png -17.695108 32.229218 2.5699615 0.8253459 -0.54236704 -0.121707805 0.09889735
seq13/frame00196.png -17.11262 32.585476 2.653124 0.82300186 -0.5409651 -0.13275085 0.11172812
seq13/frame00197.png -15.421362 30.383907 2.5970204 0.78856367 -0.6031014 -0.104237705 0.059636984
seq13/frame00198.png -15.112133 29.421865 2.961976 0.77440697 -0.6084977 -0.13039891 0.11415019
seq13/frame00199.png -8.594271 30.310043 2.5827518 0.76365495 -0.6402564 0.06941746 0.044546023
seq13/frame00200.png -14.443704 34.345444 3.0615788 0.76134884 -0.6223667 -0.16101028 0.08366791
seq13/frame00201.png -13.975435 34.08257 2.8023484 0.76460415 -0.62418336 -0.13933536 0.07754272
seq13/frame00202.png -13.22995 34.495895 2.8022056 0.7615136 -0.6349734 -0.11951519 0.051137295
seq13/frame00203.png -12.511267 34.630543 2.7654316 0.7848714 -0.61057466 -0.09400929 0.048875846
seq13/frame00204.png -11.965248 34.561966 2.724295 0.80832905 -0.58748835 -0.03485351 0.019268945
seq13/frame00205.png -11.210659 34.625305 2.4893713 0.82296944 -0.5669429 -0.019149102 0.031195916
seq13/frame00206.png -10.546723 34.60679 2.6032677 0.81582147 -0.5779222 0.005285924 -0.014704167
seq13/frame00207.png -9.993952 34.413387 2.5089447 0.8255694 -0.5637746 -0.022439403 -0.013583158
seq13/frame00208.png -9.507294 34.04549 2.524471 0.8106429 -0.58474237 -0.031676956 0.008801863
seq13/frame00209.png -9.166272 33.801804 2.450397 0.827208 -0.5569396 -0.049571503 0.054186147
seq13/frame00210.png -8.735416 33.55775 2.1425943 0.8384981 -0.5444419 -0.017805168 0.012976346
seq13/frame00211.png -8.3839 32.4936 2.350617 0.83495945 -0.5500584 -0.01300376 -0.010049526
seq13/frame00212.png -7.9752727 32.226856 2.4851668 0.84305257 -0.53738356 0.007593648 -0.020408701
seq13/frame00213.png -7.190248 31.891706 2.5231442 0.8238281 -0.56590587 0.025099302 -0.020921616
seq13/frame00214.png -6.716742 31.544355 2.4236026 0.8202342 -0.571146 0.026712444 -0.021341037
seq13/frame00215.png -6.0710235 30.698505 2.3025756 0.8233228 -0.5625895 0.06271495 -0.043271568
seq13/frame00216.png -5.5576715 30.815847 2.3116581 0.81587267 -0.57770866 -0.0057415045 -0.023029476
seq13/frame00217.png -5.0879903 30.558609 2.3404856 0.8077591 -0.5890667 -0.014918868 -0.013842167
seq13/frame00218.png -4.5434356 30.185728 2.3310328 0.80005467 -0.5985786 -0.036895216 0.008549989
seq13/frame00219.png -3.9391816 29.650063 2.381553 0.79869974 -0.5995828 -0.04959073 0.0070853652
seq13/frame00220.png -3.1580572 29.495312 2.2236173 0.8058441 -0.5917757 -0.020645188 -0.005360819
seq13/frame00221.png -2.347761 29.54138 2.2001045 0.8140579 -0.5782772 -0.041587867 0.03200418
seq13/frame00222.png -1.8065336 29.400333 2.2938652 0.8222702 -0.56657904 -0.035239212 0.041686837
seq13/frame00223.png -1.1462575 29.096062 2.1815486 0.81492704 -0.5756555 -0.05151815 0.04333315
seq13/frame00224.png -0.30503935 28.894787 2.1283503 0.81274813 -0.5824348 -0.009522552 0.008042731
seq13/frame00225.png 0.46603787 28.723347 2.1077523 0.81371 -0.58033687 0.016551495 -0.026533667
seq13/frame00226.png 1.3200835 28.524225 2.046873 0.8059142 -0.58774227 0.03009109 -0.06449761
seq13/frame00227.png 1.7907903 28.095976 2.0286624 0.80416334 -0.59220636 -0.012462823 -0.04876943
seq13/frame00228.png 2.546715 28.138815 2.011679 0.8170165 -0.5743495 0.010269303 -0.050201893
seq13/frame00229.png 3.3191497 27.471138 1.9811248 0.8267407 -0.56188715 -0.009130058 -0.026603036
seq13/frame00230.png 4.1426725 27.006813 2.004365 0.8322708 -0.553407 -0.029304165 -0.014647607
seq13/frame00231.png 4.6792526 26.73993 1.7108711 0.8286304 -0.558608 -0.026137704 0.026447665
seq13/frame00232.png 5.427868 26.582996 1.7648739 0.8303737 -0.5550938 0.043970007 -0.01818448
seq13/frame00233.png 5.8997993 26.079172 1.6068549 0.83677876 -0.5448111 0.036370512 -0.03987117
seq13/frame00234.png 6.8999004 25.843948 1.6941774 0.8328803 -0.54994726 0.059367128 -0.021389116
seq13/frame00235.png 7.2311816 25.353968 1.5313481 0.8466918 -0.52800435 0.060631305 -0.0276376
seq13/frame00236.png 8.101075 24.952873 1.6022766 0.84459853 -0.52848464 0.07399702 -0.04338405
seq13/frame00237.png 8.6338 24.864235 1.5334288 0.8386611 -0.53545576 0.092194036 -0.03562116
seq13/frame00238.png 9.135039 24.04113 1.4890482 0.86132514 -0.503877 0.052316204 -0.040460333
seq13/frame00239.png 9.2842655 23.571379 1.6892397 0.8814935 -0.47123116 0.019644933 -0.023587422
seq13/frame00240.png 11.558029 21.153318 1.3295057 0.88394845 -0.46386987 0.039705828 -0.043315317
seq13/frame00241.png 11.644947 21.335207 2.002826 0.89449996 -0.44345638 0.03584893 -0.04445019
seq13/frame00242.png 11.538678 21.468157 1.4282413 0.86614174 -0.49718535 0.030085333 -0.041677326
seq13/frame00243.png 11.500115 21.345264 1.3200275 0.815686 -0.5743847 0.024272867 -0.06570437
seq13/frame00244.png 12.299562 21.093431 1.6386911 0.8187546 -0.5726992 0.004122662 -0.03920905
seq13/frame00245.png 12.711182 20.52632 1.3401912 0.7988149 -0.60085714 0.013129617 -0.0268396
seq13/frame00246.png 8.213214 23.929081 1.3660995 0.7885404 -0.6083345 -0.064636245 0.062134176
seq13/frame00247.png 9.353306 24.072468 1.5791528 0.77759045 -0.6250393 -0.04139445 0.05254408
seq13/frame00248.png 10.30759 23.421272 1.5697571 0.7892239 -0.61385316 -0.0054863007 0.010699095
seq13/frame00249.png 14.322838 18.48302 1.5902125 0.7875307 -0.596979 0.09251629 -0.12185164
seq13/frame00250.png 14.681178 17.970486 1.9601805 0.75615084 -0.58936995 0.17753379 -0.22207823
seq13/frame00251.png 13.025438 19.495153 1.1580777 0.7031449 -0.5644072 0.2755639 -0.33328184
seq13/frame00252.png 15.890379 16.62835 0.6650511 0.6581286 -0.55463004 0.33832934 -0.38073295
seq13/frame00253.png 15.946138 15.158998 0.926629 0.6405576 -0.50039375 0.3836309 -0.43844724
seq13/frame00254.png 15.966725 14.367879 0.95391536 0.63253623 -0.46250716 0.41512433 -0.46208227
seq13/frame00255.png 20.38938 12.005286 0.76873285 0.6631977 -0.4272715 0.39678237 -0.46909615
seq13/frame00256.png 20.575174 11.664595 0.5980543 0.6768232 -0.43526888 0.37360227 -0.46137556
seq13/frame00257.png 17.449535 13.705941 0.4744147 0.7061851 -0.4788598 0.3225353 -0.4096512
seq13/frame00258.png 15.055615 14.837112 0.5978145 0.6726835 -0.49155608 0.3501886 -0.42803589
seq13/frame00259.png 14.076825 14.729454 0.91067004 0.6653039 -0.5424125 0.2657549 -0.4388317
seq13/frame00260.png 17.829649 12.99696 0.74055535 0.7635869 -0.4842336 0.24593803 -0.3491688
seq13/frame00261.png 19.417557 10.984812 0.60189265 0.80246323 -0.4718177 0.20229922 -0.30403298
seq13/frame00262.png 19.520498 10.844319 0.4866351 0.82246035 -0.48685336 0.14439829 -0.2564342
seq13/frame00263.png 19.697851 10.663761 0.37012503 0.7790282 -0.5513369 0.17302953 -0.24341904
seq13/frame00264.png 20.485727 9.874256 0.18503645 0.779021 -0.5390462 0.17939784 -0.26483577
seq13/frame00265.png 20.429852 9.851869 0.49161053 0.7650077 -0.5520612 0.1896246 -0.2720991
seq13/frame00266.png 20.622389 9.813554 0.6039902 0.7573313 -0.56236607 0.1852118 -0.27588394
seq13/frame00267.png 18.376722 10.2561035 0.46031246 0.7306705 -0.56469125 0.23814599 -0.30091247
seq13/frame00268.png 21.682867 10.197925 0.55970186 0.73679346 -0.5749169 0.22318706 -0.27703887
seq13/frame00269.png 22.283201 10.291028 0.47115126 0.7220248 -0.58798707 0.24509436 -0.27022898
seq13/frame00270.png 18.315 9.704882 0.6673493 0.68042946 -0.5587609 0.34441245 -0.32563072
seq13/frame00271.png 18.36657 8.769434 0.6024135 0.6891016 -0.5247975 0.3633119 -0.343197
seq13/frame00272.png 25.375368 8.040872 0.10502904 0.741124 -0.5120205 0.30042434 -0.3133217
seq13/frame00273.png 26.134455 7.8425355 -0.02809488 0.74708515 -0.49311912 0.28378367 -0.34396183
seq13/frame00274.png 26.833267 8.121264 0.13601866 0.768708 -0.49408728 0.27214015 -0.301544
seq13/frame00275.png 27.10551 7.920338 0.15716276 0.7690142 -0.495846 0.27608612 -0.29417574
seq13/frame00276.png 28.20443 7.6314683 -0.27117908 0.75839674 -0.49557376 0.3074672 -0.29116642
seq13/frame00277.png 28.85631 7.482269 -0.31799403 0.765515 -0.5067409 0.27307534 -0.2873496
seq13/frame00278.png 29.183132 6.407719 -0.011180462 0.72706825 -0.53296506 0.28897327 -0.32233968
seq13/frame00279.png 30.010616 6.3889623 -0.25533274 0.7158072 -0.5211771 0.31268984 -0.34408465
seq13/frame00280.png 30.68196 5.667104 0.008816999 0.6898186 -0.5347419 0.32369205 -0.36509684
seq13/frame00281.png 31.16422 4.946018 -0.1361108 0.6940934 -0.51117295 0.34773862 -0.36891878
seq13/frame00282.png 31.785425 4.686588 -0.2989668 0.67843765 -0.51149714 0.3651347 -0.38010684
seq13/frame00283.png 32.3768 4.1611605 -0.37129027 0.6818821 -0.477527 0.3816552 -0.40175608
seq13/frame00284.png 33.287575 3.7985873 -0.21134034 0.67058975 -0.50166476 0.37708643 -0.39567783
seq13/frame00285.png 33.221806 2.8204713 -0.11295964 0.65609956 -0.53985214 0.36643276 -0.37902665
seq13/frame00286.png 33.85069 2.5656617 -0.1904085 0.6569976 -0.5076167 0.38821915 -0.40007266
seq13/frame00287.png 34.39186 1.8208435 -0.32804248 0.6736653 -0.47241366 0.38119555 -0.42144156
seq13/frame00288.png 34.403862 1.1181217 -0.6074398 0.6448202 -0.50545204 0.36329284 -0.44374382
seq13/frame00289.png 34.912224 0.39569765 -0.25846404 0.6179718 -0.5074636 0.3979973 -0.4497464
seq13/frame00290.png 34.69206 -0.37219515 -0.51264566 0.61784387 -0.51722616 0.3828484 -0.45187536
seq13/frame00291.png 34.396202 -0.99377626 -0.46094593 0.6133964 -0.5199005 0.40595135 -0.43445578
seq13/frame00292.png 34.353596 -1.6728957 -0.70709 0.59781635 -0.5298547 0.40639296 -0.44362798
seq13/frame00293.png 34.193413 -2.2852678 -0.7669216 0.5857792 -0.52349424 0.42723995 -0.4473081
seq13/frame00294.png 33.890484 -2.9682095 -0.78265715 0.59717613 -0.52025735 0.40438637 -0.45761982
seq13/frame00295.png 33.42048 -3.7349052 -0.73748267 0.57940984 -0.5187398 0.41817752 -0.46943802
seq13/frame00296.png 33.12563 -4.272418 -0.8497998 0.5599867 -0.5126094 0.42808768 -0.49024963
seq13/frame00297.png 32.65687 -4.9770226 -0.73876494 0.54875726 -0.51250416 0.43517828 -0.4966582
seq13/frame00298.png 31.772963 -5.3853498 -0.8483148 0.5496316 -0.5165957 0.43264037 -0.493868
seq13/frame00299.png 31.63567 -6.120179 -1.0371255 0.5664546 -0.50447184 0.43223473 -0.48779395
seq13/frame00300.png 31.025015 -6.346959 -0.9728817 0.55507386 -0.5040611 0.44692922 -0.48807743
seq13/frame00301.png 30.455881 -6.6591077 -0.92284024 0.55942607 -0.51468 0.4230748 -0.49270853
seq13/frame00302.png 30.725431 -8.089176 -1.1807294 0.5235362 -0.47529128 0.4794175 -0.5197212
seq13/frame00303.png 29.75512 -8.52346 -0.84852004 -0.5229637 0.4701017 -0.4742599 0.52963984
seq13/frame00304.png 23.688251 -2.348885 0.72446793 -0.4866775 0.4747288 -0.4804314 0.5540446
seq13/frame00305.png 24.746202 -6.773598 -0.12698391 0.48997605 -0.389381 0.5655986 -0.537091
seq13/frame00306.png 27.016256 -7.9605503 -0.66444963 0.56334966 -0.48508194 0.4485243 -0.49633056
seq13/frame00307.png 26.538204 -8.125232 -1.0213286 0.5687321 -0.49840468 0.4203534 -0.501471
seq13/frame00308.png 26.520014 -8.91904 -1.0583944 0.5709148 -0.4322185 0.4097663 -0.5649961
seq13/frame00309.png 25.654285 -8.640137 -1.4770579 -0.5799946 0.37367517 -0.35101053 0.63321984
seq13/frame00310.png 26.024899 -9.478811 -1.5603826 -0.56441844 0.31735137 -0.3521321 0.6758243
seq13/frame00311.png 25.995129 -10.502588 -1.300558 -0.56498945 0.25567517 -0.2992421 0.72512877
seq13/frame00312.png 25.989077 -11.212055 -0.92752576 -0.5449075 0.23615444 -0.28485838 0.75243914
seq13/frame00313.png 26.36279 -12.602008 -0.95721203 -0.48798648 0.23475324 -0.3239275 0.77578455
seq13/frame00314.png 24.60887 -15.2723 -0.61775374 -0.46003097 0.13948154 -0.34211373 0.80744994
seq13/frame00315.png 25.075819 -13.870126 -1.4525465 -0.46069255 0.16770448 -0.3895117 0.7797167
seq13/frame00316.png 24.86734 -14.714644 -1.8000695 -0.45098856 0.1617332 -0.42381108 0.76864076
seq13/frame00317.png 23.881973 -14.315357 -1.6687021 -0.3680152 0.1844237 -0.4729306 0.77899075
seq13/frame00318.png 23.226068 -14.790987 -1.9603605 -0.35607263 0.20304573 -0.53625935 0.73783886
seq13/frame00319.png 22.757427 -15.991743 -1.9486232 -0.28726286 0.195795 -0.57655966 0.73950946
seq13/frame00320.png 23.70468 -16.06438 -2.0769894 -0.29335386 0.2257406 -0.5977586 0.71102625
seq13/frame00321.png 23.603338 -16.855377 -1.8919865 -0.25957304 0.20782411 -0.6080694 0.7209683
seq13/frame00322.png 23.677877 -17.41859 -1.8208593 -0.24335675 0.20729019 -0.6219212 0.71470207
seq13/frame00323.png 22.901638 -18.208391 -1.6067872 -0.21400651 0.18225583 -0.63423395 0.7202434
seq13/frame00324.png 22.743887 -18.844116 -1.6397271 -0.17540178 0.18706353 -0.6467998 0.7181696
seq13/frame00325.png 22.160786 -19.561417 -1.5391438 -0.15725665 0.16315266 -0.64715934 0.7279149
seq13/frame00326.png 22.288107 -20.11798 -1.6609807 -0.15476051 0.13749155 -0.6516168 0.7298029
seq13/frame00327.png 21.533651 -20.70803 -1.8620268 -0.1429348 0.14223166 -0.63557327 0.74538565
seq13/frame00328.png 21.172388 -21.14434 -1.796899 -0.12544711 0.12008727 -0.63928455 0.74900126
seq13/frame00329.png 20.69534 -21.540716 -1.7837565 -0.110733695 0.12636115 -0.63203484 0.75647855
seq13/frame00330.png 20.24042 -22.337437 -1.7426019 -0.06920302 0.102687694 -0.6201212 0.7746951
seq13/frame00331.png 19.675993 -22.61494 -1.8964192 -0.12576771 0.11772976 -0.599001 0.7819709
seq13/frame00332.png 19.054459 -23.224136 -1.8539973 -0.0860446 0.11135138 -0.6140932 0.7765896
seq13/frame00333.png 18.488762 -23.592775 -1.9333122 -0.104091786 0.10049181 -0.5976614 0.78852075
seq13/frame00334.png 18.027784 -24.267052 -2.1809194 -0.07241916 0.08703838 -0.6017228 0.7905474
seq13/frame00335.png 17.188951 -24.500566 -2.2210393 -0.06481267 0.067868955 -0.60854155 0.78791445
seq13/frame00336.png 16.953936 -24.975344 -2.2528112 -0.07150181 0.06483253 -0.61985224 0.7786418
seq13/frame00337.png 16.14109 -25.36168 -1.7996093 -0.09432003 0.06084849 -0.6048713 0.788324
seq13/frame00338.png 15.518492 -25.642271 -2.0480795 -0.09579265 0.061113358 -0.58447117 0.80347615
seq13/frame00339.png 14.976974 -25.803902 -2.2357152 -0.112411566 0.04651973 -0.561723 0.81850123
seq13/frame00340.png 14.57912 -26.41782 -2.2004452 -0.10764816 0.07628267 -0.56535643 0.8143716
seq13/frame00341.png 13.9484625 -26.598623 -2.2563221 -0.058950454 0.03840799 -0.5914588 0.8032396
seq13/frame00342.png 12.994329 -24.249313 -2.4557183 -0.0073671318 0.02114149 -0.5906227 0.80655414
seq13/frame00343.png 13.480112 -27.104528 -2.6047935 0.027392803 0.008600245 -0.60005194 0.7994186
seq13/frame00344.png 12.50743 -26.597727 -1.9759463 -0.0055088056 0.023734692 -0.5897496 0.80733114
seq13/frame00345.png 11.929777 -26.056429 -2.2381372 0.024065088 0.0023890047 -0.6063253 0.7947063
seq13/frame00346.png 11.423713 -25.907095 -2.4179332 0.025883378 0.0060097775 -0.6233021 0.78146183
seq13/frame00347.png 11.177839 -25.616375 -2.26267 0.027059736 0.027726863 -0.63216317 0.7738637
seq13/frame00348.png 11.14745 -25.560713 -2.036139 0.037345555 0.006406306 -0.65730596 0.75272787
seq13/frame00349.png 11.051846 -25.246412 -2.0578907 0.040686253 0.016711922 -0.6575218 0.7521373
seq13/frame00350.png 11.034944 -25.199932 -2.0532076 0.043615825 0.025719453 -0.6661117 0.74426097
seq3/frame00001.png 15.037287 -33.569878 -2.974212 -0.10665314 0.072331265 -0.6536562 0.74580973
seq3/frame00002.png 14.268012 -33.516514 -2.8374634 -0.09550308 0.05902064 -0.6464578 0.75469095
seq3/frame00003.png 14.837131 -33.399784 -2.9711225 -0.106578305 0.06695655 -0.6440089 0.7545447
seq3/frame00004.png 14.75993 -33.440228 -2.8019829 -0.10608979 0.06317936 -0.60601723 0.7857533
seq3/frame00005.png 15.064252 -34.043846 -2.7802715 -0.103163525 0.065397754 -0.55111754 0.82549566
seq3/frame00006.png 15.20284 -33.919647 -2.5643947 -0.10574254 0.06387547 -0.49883348 0.8579332
seq3/frame00007.png 14.900164 -33.50794 -2.5905902 -0.09710953 0.0587026 -0.46499684 0.8780083
seq3/frame00008.png 14.800389 -33.489017 -2.6334922 -0.09858127 0.051505808 -0.44600478 0.8880262
seq3/frame00009.png 14.835723 -33.60629 -2.48442 -0.110921286 0.056315918 -0.4819746 0.8672496
seq3/frame00010.png 15.013557 -33.614243 -2.9362414 -0.16451788 0.10902261 -0.54962146 0.81179184
seq3/frame00011.png 14.435364 -33.57955 -2.7417364 -0.1995882 0.16491142 -0.6027206 0.7547897
seq3/frame00012.png 18.766245 -24.86735 -2.1014469 -0.18583904 0.24629152 -0.65604305 0.6888569
seq3/frame00013.png 14.544909 -33.437138 -2.6216311 -0.16964193 0.15653725 -0.6525683 0.7216992
seq3/frame00014.png 15.170163 -33.171314 -3.013303 -0.034966983 0.0670131 -0.68638945 0.72332823
seq3/frame00015.png 15.420398 -33.377563 -2.8646507 0.0052982965 0.009305352 -0.6835135 0.7297799
seq3/frame00016.png 14.657759 -32.731792 -2.7726495 -0.009577875 0.011578166 -0.65309006 0.7569958
seq3/frame00017.png 15.105846 -32.185062 -2.5725093 -0.041064393 0.014889197 -0.62422365 0.7799808
seq3/frame00018.png 15.616997 -31.799107 -2.4018557 -0.11261663 0.035101894 -0.5987995 0.79214853
seq3/frame00019.png 15.953277 -31.343431 -2.5983508 -0.17250755 0.113585256 -0.57246524 0.79351854
seq3/frame00020.png 16.487152 -30.987202 -2.658313 -0.23288162 0.11809483 -0.49081936 0.8312382
seq3/frame00021.png 17.069828 -30.262266 -2.6829479 -0.2625377 0.14463739 -0.43805638 0.8475111
seq3/frame00022.png 17.496695 -29.870167 -2.5076702 -0.27414814 0.12878077 -0.45487067 0.83747625
seq3/frame00023.png 18.049606 -29.434057 -2.723367 -0.2834707 0.16795075 -0.4380226 0.83632547
seq3/frame00024.png 18.334427 -29.02565 -2.8405192 -0.2567772 0.16424432 -0.48517543 0.81958705
seq3/frame00025.png 19.232944 -27.305786 -2.1014717 -0.31922862 0.20916055 -0.52822423 0.7585853
seq3/frame00026.png 19.843628 -27.105602 -2.0721612 -0.2906829 0.23110026 -0.58862615 0.7182829
seq3/frame00027.png 19.528282 -27.237617 -2.521241 -0.28409553 0.2007185 -0.61435306 0.70830137
seq3/frame00028.png 20.095404 -26.559113 -2.121065 -0.3172033 0.2298375 -0.5639985 0.72703874
seq3/frame00029.png 20.786318 -26.112722 -2.2206516 -0.29648826 0.21238671 -0.55348015 0.74867916
seq3/frame00030.png 21.363329 -25.669172 -2.2042594 -0.29712355 0.23242775 -0.5490857 0.74571526
seq3/frame00031.png 22.045483 -25.375868 -2.0924885 -0.31004074 0.21721713 -0.544164 0.7487218
seq3/frame00032.png 22.682018 -24.741692 -2.129588 -0.31752124 0.249526 -0.5304376 0.74540424
seq3/frame00033.png 23.319965 -24.405445 -2.246127 -0.34744012 0.24803306 -0.5230566 0.73773104
seq3/frame00034.png 23.631905 -23.833736 -2.1729186 -0.28898412 0.25100413 -0.59655786 0.7054887
seq3/frame00035.png 23.703426 -23.481972 -2.2142806 -0.3096347 0.23326479 -0.57387614 0.72139144
seq3/frame00036.png 24.021122 -23.444883 -2.461559 -0.2950874 0.19486631 -0.54519767 0.7600602
seq3/frame00037.png 24.070398 -23.33207 -2.3571043 -0.30528256 0.15893033 -0.48816773 0.8019903
seq3/frame00038.png 24.641397 -23.007849 -2.6225438 -0.3405592 0.14324315 -0.41748545 0.8301495
seq3/frame00039.png 24.58628 -23.069359 -2.7009187 -0.34392357 0.12269067 -0.3599033 0.8585766
seq3/frame00040.png 24.731783 -23.012714 -2.2556791 -0.35807455 0.114325434 -0.34254786 0.8611204
seq3/frame00041.png 25.17489 -23.015526 -2.134265 -0.37067842 0.12173015 -0.3478735 0.852386
seq3/frame00042.png 24.782509 -22.926971 -2.349317 -0.37817413 0.13316014 -0.36731592 0.83924055
seq3/frame00043.png 24.056921 -23.043484 -2.0404768 -0.40518278 0.19409525 -0.4087194 0.79442114
seq3/frame00044.png 24.063232 -23.386116 -2.3654628 -0.42182994 0.26249215 -0.4934392 0.7139497
seq3/frame00045.png 23.902857 -23.02476 -2.1505418 -0.45079374 0.3329219 -0.52703464 0.6389744
seq3/frame00046.png 24.383127 -23.11588 -2.1824777 -0.46098396 0.35622272 -0.54746455 0.60055494
seq3/frame00047.png 23.437618 -23.850239 -2.4973848 -0.3481682 0.28142998 -0.60538894 0.65805274
seq3/frame00048.png 24.000034 -23.15675 -2.26662 -0.25360885 0.21459396 -0.6392282 0.69367206
seq3/frame00049.png 24.045187 -23.389557 -2.5766063 -0.14721635 0.14927392 -0.6738024 0.70850414
seq3/frame00050.png 23.216505 -23.382332 -2.372466 -0.10912481 0.11156429 -0.67907554 0.71714056
seq3/frame00051.png 22.435322 -22.92005 -2.5068002 -0.09381134 0.08645771 -0.6645204 0.73640907
seq3/frame00052.png 22.628683 -23.227411 -2.3758976 -0.10649627 0.06734047 -0.6591905 0.7412473
seq3/frame00053.png 24.742432 -22.807968 -2.3221374 -0.2063272 0.1307222 -0.6416894 0.7270706
seq3/frame00054.png 24.893631 -21.919565 -2.0393925 -0.263832 0.17304718 -0.61064714 0.72630286
seq3/frame00055.png 24.977325 -21.38147 -2.1825302 -0.26607957 0.1752028 -0.6270964 0.71082586
seq3/frame00056.png 24.851744 -20.825228 -2.2268045 -0.31285706 0.21655366 -0.5873528 0.7142182
seq3/frame00057.png 25.240707 -19.975334 -2.0371141 -0.39820737 0.24493113 -0.5328093 0.7054609
seq3/frame00058.png 25.691332 -19.30334 -2.5985 -0.4344342 0.28831148 -0.50218606 0.68981946
seq3/frame00059.png 26.11465 -18.84833 -2.6168504 -0.46336356 0.28910285 -0.46797848 0.69476014
seq3/frame00060.png 26.833378 -18.749367 -3.064721 -0.47077358 0.2997565 -0.45015225 0.69711214
seq3/frame00061.png 27.00138 -16.534933 -2.231214 -0.48432973 0.2974903 -0.43828145 0.696409
seq3/frame00062.png 27.003208 -16.470388 -2.3599813 -0.43703052 0.28911117 -0.47760907 0.7052517
seq3/frame00063.png 27.134459 -16.050238 -1.8923804 -0.40889594 0.27501878 -0.48355857 0.72336626
seq3/frame00064.png 27.575987 -15.680373 -1.8742421 -0.39934954 0.28881705 -0.5043979 0.7090015
seq3/frame00065.png 27.722044 -14.9510145 -2.1138766 -0.426037 0.2943116 -0.5042763 0.6910933
seq3/frame00066.png 28.163445 -14.448573 -2.1268625 -0.47175464 0.31446984 -0.4901771 0.66198957
seq3/frame00067.png 28.188435 -13.812488 -1.9813819 -0.4544621 0.3485011 -0.4693932 0.6720231
seq3/frame00068.png 28.529203 -13.22396 -2.2153983 -0.50160027 0.3378099 -0.42209107 0.6754049
seq3/frame00069.png 28.620667 -12.360906 -1.9481403 -0.505075 0.36471403 -0.41735545 0.6616148
seq3/frame00070.png 28.928242 -11.78942 -2.0842652 -0.51691216 0.3502044 -0.40574875 0.6674899
seq3/frame00071.png 28.560383 -10.993328 -1.842867 -0.5598398 0.35540283 -0.3756275 0.6472481
seq3/frame00072.png 28.34059 -10.540859 -1.6630151 -0.57841545 0.3552662 -0.3495989 0.64574426
seq3/frame00073.png 28.723927 -10.560166 -1.5964552 -0.5950698 0.35490438 -0.3469206 0.6320736
seq3/frame00074.png 29.19057 -9.786353 -1.6076992 -0.5822607 0.38449365 -0.3577924 0.62054926
seq3/frame00075.png 28.543272 -8.815167 -1.8081883 -0.5700319 0.4052572 -0.35849655 0.6183277
seq3/frame00076.png 29.002096 -8.117285 -1.9530501 0.59661037 -0.4014564 0.38260195 -0.5800897
seq3/frame00077.png 28.998056 -7.485211 -1.6522063 0.61394066 -0.38553315 0.40700647 -0.5556476
seq3/frame00078.png 28.796947 -6.898902 -1.4339597 0.6244207 -0.4100609 0.40694004 -0.5255242
seq3/frame00079.png 31.732685 -5.9781847 -1.152064 0.64102834 -0.48849183 0.403722 -0.43277553
seq3/frame00080.png 36.403748 -3.6680045 -0.41761085 0.60869336 -0.52829564 0.3961823 -0.43984902
seq3/frame00081.png 32.565098 -3.7313797 -0.41377082 0.6103805 -0.5352806 0.37803102 -0.4450677
seq3/frame00082.png 28.587223 -5.046503 -0.9498636 0.5436698 -0.48117387 0.46921602 -0.50286907
seq3/frame00083.png 28.661304 -4.8975806 -0.96974903 -0.48347953 0.39822662 -0.5358274 0.5657768
seq3/frame00084.png 28.641264 -4.800389 -1.1534007 -0.494507 0.38572848 -0.49993944 0.5970524
seq3/frame00085.png 29.483883 -5.424781 -1.4064369 -0.492709 0.32802212 -0.48208192 0.6459534
seq3/frame00086.png 29.570524 -6.0208707 -1.6065829 -0.47820595 0.3095428 -0.48964286 0.6599119
seq3/frame00087.png 29.38257 -5.540302 -1.8743391 -0.53638273 0.32930234 -0.4609901 0.6257207
seq3/frame00088.png 29.69649 -4.7434497 -1.9338461 0.6328364 -0.34401664 0.36428058 -0.5902003
seq3/frame00089.png 28.831419 -3.8222406 -1.7911925 0.70288914 -0.29162726 0.27713028 -0.58659744
seq3/frame00090.png 32.057636 -4.867836 -0.6629676 0.6777358 -0.3017862 0.2846612 -0.6071758
seq3/frame00091.png 31.865797 -4.5536737 -0.7411776 0.68396485 -0.29976803 0.28823426 -0.59951097
seq3/frame00092.png 30.052046 -3.8463354 -1.517267 0.7540869 -0.33770546 0.30619562 -0.47266984
seq3/frame00093.png 30.856592 -6.475502 -0.8660497 0.6619886 -0.4402801 0.3677615 -0.48251367
seq3/frame00094.png 34.58285 -2.6623335 -0.7691311 0.6381409 -0.52742314 0.3511745 -0.43726054
seq3/frame00095.png 34.877064 -2.9056404 -0.72980034 0.6255081 -0.5367904 0.37020418 -0.4284641
seq3/frame00096.png 33.197155 -5.0158715 -0.31968385 0.6219352 -0.5386007 0.3552948 -0.44371495
seq3/frame00097.png 28.399036 -5.1609325 -0.9153598 0.60613817 -0.4999696 0.42918974 -0.44543734
seq3/frame00098.png 28.552277 -5.1379027 -1.0101656 0.570436 -0.48318693 0.45385173 -0.4849024
seq5/frame00001.png 33.283863 -14.165118 -1.0534586 -0.3565295 0.3540454 -0.59446204 0.6279009
seq5/frame00002.png 33.261242 -14.679402 -0.8726635 -0.34793946 0.33941674 -0.5984904 0.63669944
seq5/frame00003.png 33.01873 -15.66506 -1.0285926 -0.3328285 0.31729573 -0.6113274 0.6440586
seq5/frame00004.png 33.418686 -12.745598 -0.43974838 -0.35915437 0.35825577 -0.5823535 0.63530856
seq5/frame00005.png 31.30976 -15.265299 -0.8321626 -0.29583248 0.27098507 -0.6316707 0.6633777
seq5/frame00006.png 32.58647 -12.106993 -0.8977527 -0.35590935 0.34035173 -0.6149588 0.6157653
seq5/frame00007.png 31.827242 -12.807309 -1.0821056 -0.36174053 0.32396984 -0.59132355 0.6436372
seq5/frame00008.png 21.58973 -8.033502 0.039415345 -0.25169507 0.2159671 -0.6318028 0.7005376
seq5/frame00009.png 28.682154 -14.785128 -1.0505027 -0.3168111 0.2697109 -0.61564523 0.6692527
seq5/frame00010.png 28.653248 -14.334882 -1.3735749 -0.35867155 0.28019708 -0.588526 0.6681031
seq5/frame00011.png 29.44509 -12.899879 -1.7733891 -0.41136947 0.3335734 -0.56603134 0.6315429
seq5/frame00012.png 28.756676 -11.931045 -1.5593853 -0.40925086 0.31561664 -0.5691331 0.6394762
seq5/frame00013.png 28.447577 -10.865216 -1.1063151 -0.43628332 0.33117276 -0.5445606 0.6350942
seq5/frame00014.png 27.752031 -10.671646 -1.0736799 -0.4383735 0.33131093 -0.52393764 0.6507684
seq5/frame00015.png 27.250507 -10.323067 -1.2448187 -0.4471392 0.33047923 -0.5205357 0.64795125
seq5/frame00016.png 27.010126 -9.829963 -1.2132542 -0.44733062 0.34485996 -0.5043039 0.65316594
seq5/frame00017.png 26.63331 -9.6793375 -1.3148423 -0.46067593 0.3469574 -0.50136346 0.6449831
seq5/frame00018.png 26.13023 -9.554093 -1.7810569 -0.5043568 0.38283083 -0.48778075 0.6008384
seq5/frame00019.png 25.54553 -9.288852 -1.3785034 0.5704137 -0.41367456 0.43746248 -0.5583138
seq5/frame00020.png 28.12217 -9.499225 -0.7931311 -0.5074767 0.4664258 -0.35989025 0.62885165
seq5/frame00021.png 29.083685 -9.69942 -0.9768316 -0.5365924 0.4715813 -0.40742606 0.56890464
seq5/frame00022.png 30.972286 -11.0807495 -1.562153 0.58195597 -0.49153847 0.4176692 -0.49514493
seq5/frame00023.png 27.317478 -11.460946 -1.1592667 0.5909413 -0.47300792 0.39280045 -0.5222366
seq5/frame00024.png 27.57458 -9.190102 -1.0798327 0.5955422 -0.3956861 0.37540594 -0.5895504
seq5/frame00025.png 24.11116 -10.534248 -1.6570082 0.6541005 -0.37304708 0.344472 -0.5607748
seq5/frame00026.png 23.814585 -10.761394 -1.310571 0.66317815 -0.35685313 0.35325697 -0.55512094
seq5/frame00027.png 22.472275 -10.802667 -1.7473044 0.64132154 -0.36692786 0.34076786 -0.58127236
seq5/frame00028.png 21.9283 -11.158014 -1.4416564 0.6297305 -0.35561317 0.33877578 -0.6018524
seq5/frame00029.png 21.751421 -11.595217 -1.4199584 0.61448723 -0.35488605 0.3472749 -0.61295825
seq5/frame00030.png 21.378529 -12.405785 -1.1384312 -0.5881482 0.37578496 -0.363903 0.6167647
seq5/frame00031.png 20.914564 -13.015534 -1.0586457 -0.57774323 0.3842656 -0.35836357 0.62455094
seq5/frame00032.png 20.819447 -13.637103 -1.4821655 -0.57047385 0.38006437 -0.3856026 0.6174055
seq5/frame00033.png 20.51113 -14.165377 -1.2072374 -0.5509827 0.3700681 -0.3868448 0.6402366
seq5/frame00034.png 20.555067 -15.126405 -1.4775939 -0.5201471 0.36717612 -0.45230067 0.62453
seq5/frame00035.png 17.626919 -14.596666 -1.9976362 -0.5197845 0.26624545 -0.45345265 0.6734025
seq5/frame00036.png 17.938322 -14.218437 -2.0708554 -0.5180282 0.29001075 -0.47033882 0.65312195
seq5/frame00037.png 16.372444 -14.6946335 -2.4436896 -0.46102637 0.27338898 -0.45808053 0.70926654
seq5/frame00038.png 19.930368 -19.24165 -2.2173297 -0.3939895 0.31017855 -0.55867636 0.66071624
seq5/frame00039.png 23.130013 -17.018572 -2.0757399 -0.40092146 0.30903202 -0.58373415 0.6348927
seq5/frame00040.png 19.758184 -20.18373 -1.8183267 -0.40203905 0.3162893 -0.5657604 0.64660764
seq5/frame00041.png 19.292152 -20.32423 -1.6021905 -0.3709217 0.3302906 -0.5715088 0.65317553
seq5/frame00042.png 16.354733 -24.427908 -1.5618055 -0.2177771 0.28957066 -0.6221674 0.69403625
seq5/frame00043.png 17.884941 -23.265135 -2.103478 -0.34762472 0.27757543 -0.61370707 0.65208215
seq5/frame00044.png 18.956213 -22.983116 -2.3529024 -0.35935423 0.2920782 -0.57929915 0.67097455
seq5/frame00045.png 19.101286 -23.191471 -2.06493 -0.3390122 0.30132276 -0.585504 0.6719542
seq5/frame00046.png 19.157902 -23.7 -1.9395545 -0.34986332 0.3012516 -0.5893002 0.66294664
seq5/frame00047.png 18.819439 -24.196012 -1.889793 -0.3309942 0.3145158 -0.59223276 0.66393477
seq5/frame00048.png 18.911905 -24.504156 -2.2118466 -0.30935338 0.27701384 -0.5905418 0.6919764
seq5/frame00049.png 18.882849 -25.456396 -2.212402 -0.22414228 0.21342538 -0.6198678 0.7209997
seq5/frame00050.png 18.706451 -25.911709 -2.1441772 -0.23000865 0.20394787 -0.6036831 0.7354579
seq5/frame00051.png 18.52745 -26.682032 -2.260439 -0.22301002 0.200862 -0.61437804 0.7298166
seq5/frame00052.png 18.182478 -27.255157 -2.292788 -0.21304847 0.20362669 -0.62272906 0.7248951
seq5/frame00053.png 18.135695 -27.884928 -2.466772 -0.18221995 0.17440954 -0.63047045 0.73403096
seq5/frame00054.png 17.627615 -28.502972 -2.4432192 -0.12591706 0.1384734 -0.6328867 0.7512673
seq5/frame00055.png 17.374655 -28.816277 -2.224805 -0.108482674 0.124413446 -0.61845195 0.76826876
seq5/frame00056.png 16.919287 -29.151558 -2.2315469 -0.07179772 0.08211659 -0.6293275 0.7693579
seq5/frame00057.png 16.65183 -29.351337 -2.2732534 -0.05109918 0.08832126 -0.62784976 0.77171594
seq5/frame00058.png 16.624094 -29.480694 -2.3588614 -0.06504097 0.08696152 -0.6287244 0.7699712
seq5/frame00059.png 17.252539 -29.731209 -2.258554 -0.12213288 0.12885575 -0.5841722 0.7920189
seq5/frame00060.png 17.457834 -29.338709 -2.1759548 -0.05857004 0.076166265 -0.6078032 0.78821576
seq5/frame00061.png 17.683363 -28.947496 -2.1745584 -0.10029471 0.053395357 -0.5894555 0.79980177
seq5/frame00062.png 18.063808 -28.621887 -2.5804234 -0.11863252 0.0671437 -0.57879204 0.80401635
seq5/frame00063.png 18.609838 -28.11662 -2.5104256 -0.12430848 0.06499669 -0.5613137 0.8157352
seq5/frame00064.png 19.07224 -27.392765 -2.429428 -0.15256166 0.102009624 -0.5524899 0.8130959
seq5/frame00065.png 19.26904 -26.802864 -2.1718917 -0.16378789 0.11649277 -0.54231656 0.8158323
seq5/frame00066.png 19.924818 -26.512386 -2.389457 -0.15923128 0.10556273 -0.53381646 0.82371646
seq5/frame00067.png 19.670391 -25.982922 -2.1419811 -0.11218668 0.081480406 -0.54475564 0.82704884
seq5/frame00068.png 20.885798 -25.56833 -2.1493497 -0.17089961 0.12749414 -0.5591087 0.801097
seq5/frame00069.png 21.655777 -25.101624 -2.2440724 -0.17671435 0.13924667 -0.5754737 0.7862515
seq5/frame00070.png 22.426607 -24.571634 -2.2873106 -0.19380899 0.14127062 -0.6044392 0.7596163
seq5/frame00071.png 22.703838 -24.182146 -2.320968 -0.1862491 0.15442479 -0.6498744 0.7205108
seq5/frame00072.png 23.240501 -23.356766 -1.7741627 -0.21663404 0.16671118 -0.6691478 0.69107145
seq5/frame00073.png 23.260963 -23.022467 -1.8643996 -0.22979084 0.20435973 -0.6581253 0.6873217
seq5/frame00074.png 23.460205 -22.272692 -2.1696792 -0.23870069 0.24134104 -0.6385225 0.690855
seq5/frame00075.png 23.658106 -21.704 -2.4063234 -0.2652138 0.24989228 -0.63872945 0.67767197
seq5/frame00076.png 23.66431 -20.997673 -2.047205 -0.29183435 0.26948485 -0.6215743 0.67512655
seq5/frame00077.png 23.849663 -20.322977 -2.0398521 -0.31060132 0.2710813 -0.616451 0.6708738
seq5/frame00078.png 23.529476 -19.543333 -1.6377143 -0.3343247 0.27366495 -0.6016585 0.6717024
seq5/frame00079.png 23.47147 -19.205177 -1.7975364 -0.34963292 0.2697081 -0.6057117 0.6620682
seq5/frame00080.png 23.05005 -18.568838 -1.2783995 -0.34723926 0.29242587 -0.6205905 0.63936883
seq5/frame00081.png 22.908186 -18.261997 -1.7486697 -0.3556402 0.29519793 -0.6089452 0.6446391
seq5/frame00082.png 22.933548 -17.815525 -1.7487388 -0.37638068 0.31327567 -0.5916676 0.6403648
