seq13/frame00001.png 29.589407 -16.422325 -1.534799 -0.42902228 0.33499065 -0.5083643 0.66734624
seq13/frame00002.png 29.537472 -16.370287 -1.4643106 -0.42930746 0.33490294 -0.5064047 0.66875154
seq13/frame00003.png 29.510628 -16.34352 -1.51004 -0.43159413 0.33384517 -0.5058889 0.6680958
seq13/frame00004.png 29.552084 -16.14855 -1.5494118 -0.4409489 0.32065424 -0.48180786 0.6860427
seq13/frame00005.png 28.886839 -16.564417 -1.533288 -0.43594015 0.30668595 -0.50188875 0.68119353
seq13/frame00006.png 28.27165 -16.876013 -1.5761205 -0.40277943 0.2988843 -0.5021964 0.7044793
seq13/frame00007.png 27.57748 -16.976807 -1.4474348 -0.39150435 0.26426536 -0.50591004 0.7215649
seq13/frame00008.png 26.95387 -17.06846 -1.42495 -0.3928603 0.2595757 -0.49480057 0.7303976
seq13/frame00009.png 26.5087 -17.495367 -1.5862278 -0.4141094 0.25814986 -0.48598015 0.72506505
seq13/frame00010.png 26.133757 -18.039787 -2.5659308 -0.43102297 0.22289284 -0.44811028 0.7509337
seq13/frame00011.png 26.286678 -16.942575 -1.8400072 -0.45115086 0.17207736 -0.3854327 0.7863383
seq13/frame00012.png 25.321072 -17.774681 -1.8950061 -0.45058402 0.14345649 -0.35918555 0.804653
seq13/frame00013.png 23.993076 -19.385777 -0.96091247 -0.38930055 0.101044476 -0.3493581 0.84627634
seq13/frame00014.png 23.71098 -19.731316 -1.7826259 -0.38428083 0.10590763 -0.37641436 0.8363168
seq13/frame00015.png 23.62942 -19.596474 -1.7420293 -0.40797722 0.13218981 -0.38365716 0.81785506
seq13/frame00016.png 22.948563 -19.913857 -1.6352121 -0.38089672 0.16394682 -0.43461862 0.79947096
seq13/frame00017.png 22.652287 -20.585453 -1.2713776 -0.31285816 0.21786232 -0.5190935 0.7649508
seq13/frame00018.png 22.485949 -21.056206 -1.6265154 -0.2763504 0.24325123 -0.6016476 0.7088268
seq13/frame00019.png 22.010778 -21.06851 -1.6548716 -0.25174934 0.24187139 -0.6227307 0.70044845
seq13/frame00020.png 22.66857 -22.00005 -1.6075894 -0.2135188 0.22116706 -0.64886206 0.6961668
seq13/frame00021.png 21.029623 -22.209784 -1.694282 -0.09725123 0.14005248 -0.68509907 0.7082787
seq13/frame00022.png 20.186325 -22.18608 -1.4807777 -0.14727104 0.1555023 -0.64192843 0.73621166
seq13/frame00023.png 19.33903 -22.831392 -1.8737193 -0.21922426 0.18903214 -0.60889775 0.7384765
seq13/frame00024.png 19.64011 -22.582726 -1.0224278 -0.3508883 0.26409745 -0.5061368 0.7422807
seq13/frame00025.png 18.725374 -23.441166 -2.0680344 -0.36128524 0.26352715 -0.51673245 0.729917
seq13/frame00026.png 18.378443 -22.993593 -1.6963291 -0.34403983 0.28189522 -0.5198374 0.72932166
seq13/frame00027.png 17.838964 -23.787014 -1.3732319 -0.3103433 0.2670882 -0.55792433 0.72188365
seq13/frame00028.png 16.736166 -24.743593 -1.9067543 -0.23057142 0.22586499 -0.626047 0.70980275
seq13/frame00029.png 15.752957 -25.543869 -1.5838464 -0.16772093 0.17590672 -0.6609147 0.7099529
seq13/frame00030.png 16.13396 -25.35562 -2.035512 -0.17938365 0.2144879 -0.67005366 0.68773544
seq13/frame00031.png 15.798615 -26.022678 -1.6932039 -0.16765408 0.19116437 -0.6482489 0.7179115
seq13/frame00032.png 15.417923 -26.757767 -2.122114 -0.16266388 0.178091 -0.66382873 0.7080256
seq13/frame00033.png 14.245693 -27.480547 -2.1851306 -0.116790555 0.16621064 -0.6603352 0.7230856
seq13/frame00034.png 14.1908045 -27.786953 -2.073021 -0.15071516 0.15362135 -0.6650975 0.7152326
seq13/frame00035.png 13.6388855 -28.593502 -2.1837482 -0.21127436 0.19686495 -0.63823235 0.71347123
seq13/frame00036.png 12.708642 -27.852655 -2.2938614 -0.19287443 0.17389126 -0.6673759 0.69800943
seq13/frame00037.png 12.861612 -29.75249 -2.253225 -0.19547346 0.20239632 -0.62938565 0.7242334
seq13/frame00038.png 12.467435 -30.5986 -2.3558068 -0.18629527 0.21429221 -0.649281 0.7055726
seq13/frame00039.png 11.902973 -30.941916 -2.3297286 -0.1844323 0.22562537 -0.6469323 0.70481265
seq13/frame00040.png 3.8248754 -22.526299 -0.8868116 -0.12457408 0.18099788 -0.589489 0.77733517
seq13/frame00041.png 5.378516 -24.700268 -2.5439475 -0.15385464 0.2123169 -0.6232139 0.7367916
seq13/frame00042.png 5.209182 -27.64234 -1.1194288 -0.07657717 0.17830363 -0.63106036 0.75089854
seq13/frame00043.png 5.1352024 -27.371607 -1.1936573 -0.09499555 0.19893733 -0.63729316 0.73850614
seq13/frame00044.png 9.746881 -33.502193 -2.3543048 -0.106459476 0.14712183 -0.6698204 0.71998507
seq13/frame00045.png 4.1208315 -31.211882 -1.4132042 -0.07518016 0.15602255 -0.64612037 0.7432639
seq13/frame00046.png 3.3551111 -32.922626 -3.3179336 -0.08406758 0.11098301 -0.6744932 0.7251804
seq13/frame00047.png 8.662445 -35.324013 -2.6592546 -0.06559554 0.124166444 -0.6859895 0.7140541
seq13/frame00048.png 2.6044974 -32.827755 -1.3152812 -0.017467821 0.13842797 -0.65376294 0.74362725
seq13/frame00049.png 4.0147004 -28.658806 -3.2924416 -0.10040967 0.20074327 -0.6615479 0.7153928
seq13/frame00050.png 6.102468 -26.399431 -2.8700984 -0.20413265 0.27669972 -0.62219375 0.70327604
seq13/frame00051.png 6.1950707 -34.85167 -3.0023656 -0.14481999 0.16532825 -0.64863414 0.7287079
seq13/frame00052.png 5.3019943 -30.13886 -3.5694795 -0.13752057 0.19158083 -0.64184463 0.7295288
seq13/frame00053.png -0.93046075 -32.957157 -3.724114 0.067053825 -0.11480051 0.7056378 -0.6959647
seq13/frame00054.png -1.7551316 -31.418686 -1.9735893 -0.03898992 0.09568305 -0.68311244 0.7228477
seq13/frame00055.png 3.1760163 -36.30624 -2.5343273 0.0076766605 0.07314863 -0.6872596 0.7226861
seq13/frame00056.png 2.7250195 -35.968803 -2.402706 0.07194386 0.01094893 -0.68488723 0.7250321
seq13/frame00057.png 1.8529967 -36.006878 -2.516941 0.14077073 -0.03559534 -0.6644308 0.73326534
seq13/frame00058.png 1.4472293 -35.565826 -2.6888504 0.19908278 -0.09206689 -0.6374515 0.73855615
seq13/frame00059.png 0.78360736 -35.441177 -2.7544124 0.22835794 -0.085529275 -0.59188104 0.76820904
seq13/frame00060.png 0.42450482 -34.936913 -2.497406 0.2085575 -0.09050072 -0.5581483 0.79802334
seq13/frame00061.png -0.17950141 -33.982147 -2.5345042 0.22400881 -0.08658816 -0.5229339 0.8178771
seq13/frame00062.png -0.5070731 -33.893154 -2.29374 0.23834662 -0.124058604 -0.5460329 0.79354763
seq13/frame00063.png -1.0079464 -32.811604 -2.3403847 0.247061 -0.13469079 -0.5518583 0.78500235
seq13/frame00064.png -1.0193818 -32.40779 -2.2207384 0.22242893 -0.13369523 -0.59980756 0.7569174
seq13/frame00065.png -1.9391875 -32.9077 -2.4295785 0.19160491 -0.115442984 -0.6448648 0.7308401
seq13/frame00066.png -2.6321876 -32.397495 -2.354314 0.14598718 -0.0629665 -0.6666347 0.72822356
seq13/frame00067.png -3.1671042 -32.026417 -2.3593926 0.08778012 -0.0319733 -0.6465361 0.7570659
seq13/frame00068.png -3.7873402 -31.55602 -2.3916461 0.075102344 0.009349235 -0.6387854 0.76567316
seq13/frame00069.png -4.1304708 -31.261423 -2.337911 0.060798116 0.010622618 -0.64861786 0.7585529
seq13/frame00070.png -4.4586267 -30.640999 -2.3079216 0.068866365 0.021229992 -0.65282655 0.7540411
seq13/frame00071.png -7.5962014 -30.884645 -1.8804635 0.10279787 -0.046997387 -0.66140527 0.7415427
seq13/frame00072.png -7.5424733 -30.35696 -2.2738497 0.11893258 -0.05245807 -0.6501308 0.7485716
seq13/frame00073.png -6.2953568 -29.007189 -2.0003788 0.18734568 -0.086377084 -0.6159644 0.7602543
seq13/frame00074.png -6.609027 -28.525297 -2.0715225 0.23755653 -0.121714056 -0.5742785 0.77409613
seq13/frame00075.png -6.8169856 -28.277597 -2.077544 0.28330386 -0.17529476 -0.55218565 0.7642796
seq13/frame00076.png -7.75684 -27.92523 -1.819062 0.34116596 -0.21436659 -0.5240623 0.75031507
seq13/frame00077.png -7.4769998 -27.478516 -1.7790163 0.3559836 -0.25279665 -0.5028678 0.7460446
seq13/frame00078.png -8.43737 -27.839397 -2.0778193 0.3242126 -0.23807324 -0.52869457 0.7474314
seq13/frame00079.png -8.622076 -25.790478 -1.5983454 0.33635414 -0.23554556 -0.5137 0.75332457
seq13/frame00080.png -7.559248 -25.89167 -1.5912403 0.3239009 -0.22590336 -0.53007 0.75050443
seq13/frame00081.png -9.75415 -25.07414 -1.8030275 0.31765506 -0.2481462 -0.5418316 0.73756635
seq13/frame00082.png -10.172998 -24.38236 -1.6413741 0.29628563 -0.22613807 -0.55952156 0.74032044
seq13/frame00083.png -10.512743 -23.926872 -1.6412048 0.26717806 -0.19276693 -0.5851562 0.74089557
seq13/frame00084.png -11.403435 -23.40452 -1.7015703 0.14711553 -0.09335999 -0.6250065 0.76088744
seq13/frame00085.png -12.016448 -23.344639 -1.678108 0.07857453 -0.034407485 -0.6164283 0.7826886
seq13/frame00086.png -12.680139 -23.24635 -1.9665209 0.045112576 -0.008618847 -0.64178807 0.7654275
seq13/frame00087.png -8.707915 -20.790552 -1.9412118 0.07435863 -0.0072773863 -0.58893955 0.80481344
seq13/frame00088.png -9.815401 -24.399784 -1.5659544 0.01099538 0.05412709 -0.63882506 0.7673013
seq13/frame00089.png -10.948187 -23.386019 -2.5324912 0.04245786 0.008189186 -0.66269636 0.74754304
seq13/frame00090.png -14.584387 -21.521421 -1.3242182 0.21047121 -0.13245524 -0.6220269 0.7424764
seq13/frame00091.png -14.909909 -21.589407 -1.9335595 0.35669288 -0.2472103 -0.5740426 0.6943183
seq13/frame00092.png -15.407474 -20.679518 -1.3503993 0.41269004 -0.28188083 -0.5477087 0.6708996
seq13/frame00093.png -15.703774 -20.206713 -1.0665408 0.40833944 -0.29072592 -0.54487187 0.6722266
seq13/frame00094.png -16.499138 -19.723057 -1.160742 0.4354186 -0.30861294 -0.5247106 0.6631927
seq13/frame00095.png -16.849644 -19.217485 -1.4203831 0.44765866 -0.28065345 -0.48564872 0.6963255
seq13/frame00096.png -10.464576 -17.922928 0.0087775495 0.4571692 -0.20578478 -0.3672378 0.78347594
seq13/frame00097.png -17.947083 -17.887417 -0.63531035 0.50949687 -0.27742696 -0.3934603 0.7131939
seq13/frame00098.png -18.547192 -17.560429 -0.5479473 0.52069086 -0.29389212 -0.38765767 0.7016845
seq13/frame00099.png -18.07078 -17.771805 -0.5535849 0.5222522 -0.30886567 -0.39141068 0.69202894
seq13/frame00100.png -19.147837 -17.438515 -0.6020558 0.49654195 -0.30196586 -0.41520104 0.69981235
seq13/frame00101.png -17.373772 -18.84682 -1.3733367 0.32018027 -0.21880142 -0.5358023 0.74995613
seq13/frame00102.png -20.24328 -16.100803 -1.0128944 0.14745271 -0.09359762 -0.61176294 0.7715362
seq13/frame00103.png -20.714771 -15.60627 -0.72898525 0.16710104 -0.06299195 -0.6219345 0.7625282
seq13/frame00104.png -21.114704 -15.077125 -0.71518284 0.17408954 -0.07334757 -0.62177604 0.76008964
seq13/frame00105.png -21.717962 -14.687682 -0.5993231 0.20643689 -0.092423856 -0.6184485 0.7525446
seq13/frame00106.png -21.543571 -14.417627 -0.678069 0.29669273 -0.16169417 -0.5999405 0.72528785
seq13/frame00107.png -22.245075 -13.819505 -0.537983 0.43208277 -0.29095155 -0.5683549 0.637022
seq13/frame00108.png -25.439117 -11.232969 -0.3453934 0.47972876 -0.34271052 -0.55015135 0.5916535
seq13/frame00109.png -25.486774 -9.745067 -0.06854984 0.51597774 -0.3623404 -0.5278567 0.5690727
seq13/frame00110.png -23.795736 -12.298292 -0.464262 0.52923983 -0.36271954 -0.48451236 0.59520066
seq13/frame00111.png -24.38218 -11.709708 -0.5939299 0.49295303 -0.34694487 -0.50345063 0.61919963
seq13/frame00112.png -24.992294 -11.521494 -0.56533164 0.474414 -0.34552607 -0.5186541 0.6219654
seq13/frame00113.png -25.779589 -11.115055 -0.79500633 0.4794651 -0.32861462 -0.52355516 0.6230148
seq13/frame00114.png -26.390347 -10.7080965 -0.45512545 0.46734926 -0.3081913 -0.5335456 0.6339908
seq13/frame00115.png -27.00607 -10.897814 -0.1871462 0.47226113 -0.33115312 -0.5259838 0.6251898
seq13/frame00116.png -27.756605 -10.088379 -0.4478513 0.4979761 -0.32119173 -0.4843313 0.64354753
seq13/frame00117.png -28.359411 -9.573015 -0.41621324 0.52838945 -0.33994552 -0.46845895 0.6213103
seq13/frame00118.png -29.024187 -9.2710905 -0.5100761 0.53968924 -0.33012143 -0.44316405 0.6352395
seq13/frame00119.png -29.493408 -9.026165 0.32983252 0.537629 -0.34096414 -0.43490592 0.63703847
seq13/frame00120.png -29.97994 -8.855558 0.48721433 0.5381083 -0.3424663 -0.42518598 0.6421977
seq13/frame00121.png -30.031553 -7.0175943 -0.34968218 0.54884654 -0.37885448 -0.3963295 0.6310941
seq13/frame00122.png -29.197271 -8.580153 -0.029453233 0.39099792 -0.31706735 -0.47951657 0.71880543
seq13/frame00123.png -31.77453 -6.766694 -0.07299013 0.49391663 -0.35316065 -0.42497972 0.6713041
seq13/frame00124.png -32.663563 -6.686946 0.17600031 0.4987532 -0.35598892 -0.43080315 0.6626056
seq13/frame00125.png -33.600132 -5.581574 -0.5253893 0.57274 -0.40868315 -0.40390098 0.5844142
seq13/frame00126.png -33.802048 -5.4602537 -0.37021157 0.58596116 -0.3996083 -0.38441774 0.5908665
seq13/frame00127.png -34.448193 -5.2232966 -0.13037784 0.57640195 -0.38321579 -0.40498072 0.59749216
seq13/frame00128.png -33.81939 -4.097933 -0.386701 0.5472092 -0.3792491 -0.42320505 0.6143962
seq13/frame00129.png -37.930225 -3.4073653 -0.48106843 0.5674651 -0.37103015 -0.44686854 0.5837189
seq13/frame00130.png -38.028343 -3.7257297 -0.11487167 0.55116683 -0.34829083 -0.46498594 0.59881854
seq13/frame00131.png -37.85221 -2.5922487 -0.65233076 0.5637947 -0.3440652 -0.4753889 0.58119196
seq13/frame00132.png -36.684025 -2.1104732 0.040855475 0.5324747 -0.3441421 -0.44730258 0.6308296
seq13/frame00133.png -37.104332 -1.7765249 0.0617843 0.55198824 -0.37259018 -0.40764457 0.6245754
seq13/frame00134.png -38.123486 -0.9510808 -0.6716663 0.5862641 -0.369632 -0.44983158 0.56308633
seq13/frame00135.png -37.881424 -0.78367114 0.42814264 0.54092515 -0.35667515 -0.438888 0.62262386
seq13/frame00136.png -38.398167 -0.18752052 0.08232249 0.55275327 -0.3647276 -0.46399423 0.5884213
seq13/frame00137.png -33.86878 1.5841216 -1.8659343 0.6317832 -0.1280814 -0.60144943 0.47167078
seq13/frame00138.png -39.246384 0.89001936 0.16976252 0.56880736 -0.39494166 -0.4613387 0.5545621
seq13/frame00139.png -32.90818 6.003762 -0.91699815 0.6191634 -0.22245628 -0.5850607 0.47427303
seq13/frame00140.png -40.865437 2.3800375 -0.22056994 0.56293076 -0.40540835 -0.464948 0.55030936
seq13/frame00141.png -40.24338 2.538678 0.65921414 0.55629665 -0.36232084 -0.46683925 0.5843046
seq13/frame00142.png -41.32313 3.6576955 1.3296267 0.5865692 -0.39218706 -0.44161206 0.5540257
seq13/frame00143.png -40.961845 4.079967 1.2488129 0.5891648 -0.38105562 -0.45313013 0.550023
seq13/frame00144.png -41.139572 4.7570114 1.1423565 0.56062293 -0.3750513 -0.4796487 0.5610257
seq13/frame00145.png -41.609356 5.5098987 1.0991106 0.5469839 -0.37364346 -0.48914436 0.5672672
seq13/frame00146.png -42.23586 6.325897 1.3861167 0.5257958 -0.35756707 -0.4774703 0.6063977
seq13/frame00147.png -42.03612 7.307861 1.1387491 0.5314873 -0.37222308 -0.49419063 0.5784582
seq13/frame00148.png -41.74789 7.954335 1.3466216 0.5021437 -0.3243435 -0.5244199 0.6063645
seq13/frame00149.png -41.40759 8.51734 2.164996 0.53493154 -0.30401027 -0.5067231 0.6037229
seq13/frame00150.png -40.51213 9.307465 1.5306588 0.5170033 -0.3077776 -0.53735685 0.5909089
seq13/frame00151.png -39.895462 9.9898615 1.6517624 0.500005 -0.3416276 -0.5406328 0.58388764
seq13/frame00152.png -39.846596 10.756098 1.5978434 0.49954498 -0.3434937 -0.54500675 0.5790677
seq13/frame00153.png -39.201202 11.2707205 1.7357389 0.5274318 -0.3679656 -0.5220808 0.5604602
seq13/frame00154.png -39.03291 12.070186 1.571852 0.53019834 -0.38500184 -0.523683 0.5445543
seq13/frame00155.png -38.601242 12.680583 1.6561685 0.58175284 -0.40616998 -0.45965225 0.53426886
seq13/frame00156.png -38.237186 13.300269 1.5196632 0.5732461 -0.3927602 -0.46152094 0.5516333
seq13/frame00157.png -36.54851 13.858985 0.8757463 0.5791498 -0.39897248 -0.46233055 0.54000324
seq13/frame00158.png -36.665157 14.477634 1.1856024 0.58513796 -0.3717501 -0.472431 0.5441097
seq13/frame00159.png -35.778053 15.009746 1.4752591 0.6009019 -0.36391634 -0.4433562 0.55646414
seq13/frame00160.png -35.92872 15.669226 1.3506836 0.58889896 -0.35607204 -0.45569962 0.56449544
seq13/frame00161.png -35.82965 16.423428 1.8557945 0.6167016 -0.3620992 -0.42844957 0.55216694
seq13/frame00162.png -35.316986 16.924461 1.7805749 0.6220695 -0.37605435 -0.43337065 0.5326537
seq13/frame00163.png -35.136566 17.673723 1.8850768 0.62631977 -0.38290006 -0.43334922 0.52272433
seq13/frame00164.png -34.833305 18.164242 1.9297272 0.6436295 -0.40595627 -0.410472 0.5022362
seq13/frame00165.png -34.49727 18.942774 1.999106 0.68992126 -0.43225133 -0.3668803 0.45011285
seq13/frame00166.png -33.804558 18.916313 2.039204 0.6850803 -0.42849556 -0.36462936 0.46281806
seq13/frame00167.png -33.665016 19.951385 2.2812986 0.706173 -0.4304963 -0.3438452 0.4447898
seq13/frame00168.png -33.299324 20.689062 2.170365 0.7247831 -0.45765078 -0.29714155 0.42062184
seq13/frame00169.png -32.9246 21.158026 2.3768702 0.7575596 -0.43295974 -0.2784329 0.40145925
seq13/frame00170.png -32.81337 21.97637 2.163996 0.7390326 -0.46671817 -0.24275707 0.42067477
seq13/frame00171.png -32.29432 22.743929 2.4569256 0.7086307 -0.48961157 -0.2549506 0.43959963
seq13/frame00172.png -31.932178 23.618696 2.380474 0.7370647 -0.4987717 -0.2294469 0.39410657
seq13/frame00173.png -31.627668 24.087112 2.321746 0.7631149 -0.47134644 -0.20923123 0.3893509
seq13/frame00174.png -30.809196 25.064913 2.3518827 0.7880571 -0.4676284 -0.18479845 0.35540336
seq13/frame00175.png -30.299854 25.444683 2.3694427 0.78087187 -0.47542122 -0.20166862 0.35141015
seq13/frame00176.png -29.601383 25.805403 2.525367 0.80741596 -0.47928208 -0.16984887 0.29911876
seq13/frame00177.png -28.797094 25.995481 2.5809767 0.81939536 -0.4667475 -0.14917456 0.29737538
seq13/frame00178.png -28.037256 26.411892 2.4104006 0.8243571 -0.48446822 -0.16933593 0.2385393
seq13/frame00179.png -27.313334 26.3848 2.6018512 0.82596827 -0.4819713 -0.1580047 0.24637035
seq13/frame00180.png -26.430147 26.72467 2.4928038 0.81938416 -0.48427284 -0.1812193 0.24745789
seq13/frame00181.png -25.821123 27.028982 2.404101 0.8082756 -0.47548604 -0.21359563 0.2739639
seq13/frame00182.png -25.445076 27.05559 2.5611682 0.81893647 -0.46028647 -0.19583741 0.28146932
seq13/frame00183.png -24.665503 27.385841 2.4484763 0.8392003 -0.46447617 -0.15068966 0.23911639
seq13/frame00184.png -24.086807 27.847233 2.5626621 0.83535546 -0.49072775 -0.13282727 0.20918225
seq13/frame00185.png -23.497322 28.123024 2.5731905 0.81756604 -0.52009463 -0.1489599 0.19753453
seq13/frame00186.png -22.938799 28.584738 2.5373657 0.83754337 -0.49914587 -0.13594307 0.17617479
seq13/frame00187.png -22.256212 28.790176 2.476538 0.8331622 -0.49920794 -0.14902456 0.1854773
seq13/frame00188.png -22.39339 27.290537 1.6699913 0.8117703 -0.48114735 -0.22983482 0.23826937
seq13/frame00189.png -21.130526 29.64 2.1617963 0.8148226 -0.5177859 -0.18042666 0.1881361
seq13/frame00190.png -20.471832 29.860893 2.3229325 0.82891893 -0.49983206 -0.17273115 0.18198699
seq13/frame00191.png -19.86908 30.269236 2.6409364 0.81662005 -0.51210934 -0.1755378 0.20012505
seq13/frame00192.png -19.259783 30.976004 2.641348 0.81450367 -0.51960534 -0.1675719 0.1960676
seq13/frame00193.png -18.803675 31.206066 2.6352816 0.81902266 -0.5242546 -0.15506555 0.17427967
seq13/frame00194.png -18.213297 31.608486 2.636631 0.82454413 -0.52644545 -0.14449023 0.14852677
seq13/frame00195.png -17.731401 32.24458 2.5408766 0.8242307 -0.5434564 -0.12513727 0.098395675
seq13/frame00196.png -17.043066 32.53663 2.6544309 0.82298326 -0.54111683 -0.12977307 0.11411985
seq13/frame00197.png -16.420229 32.922287 2.7263741 0.7814898 -0.5960234 -0.15196002 0.10416467
seq13/frame00198.png -13.667717 27.339304 2.2875528 0.71713716 -0.670559 0.093208395 0.16512789
seq13/frame00199.png -11.612477 28.52005 1.8744524 0.7421155 -0.6429975 -0.023610659 0.18778867
seq13/frame00200.png -14.651541 34.046146 2.7982492 0.74813694 -0.63374346 -0.1725704 0.09393823
seq13/frame00201.png -13.95246 34.351925 2.8243258 0.76424587 -0.6269414 -0.1302654 0.076137714
seq13/frame00202.png -13.250516 34.500538 2.850678 0.7628583 -0.63387537 -0.11595403 0.053663976
seq13/frame00203.png -12.536966 34.537457 2.7583196 0.785489 -0.60950726 -0.09398334 0.05200337
seq13/frame00204.png -11.976024 34.706017 2.7344193 0.8070943 -0.5890541 -0.032795466 0.022012224
seq13/frame00205.png -11.186792 34.689583 2.5766454 0.8238768 -0.5654051 -0.018773993 0.030794155
seq13/frame00206.png -10.606714 34.57975 2.6136956 0.8141694 -0.58049697 0.0056158183 -0.0118268775
seq13/frame00207.png -9.884431 34.568787 2.3475883 0.8205711 -0.57101357 -0.021481888 -0.017757274
seq13/frame00208.png -9.544435 34.0185 2.5547028 0.8111779 -0.5839494 -0.031239118 0.0113501
seq13/frame00209.png -9.190231 33.570465 2.390936 0.8298921 -0.5530733 -0.054926537 0.049333755
seq13/frame00210.png -8.782597 32.89516 2.3355653 0.8474483 -0.5300613 -0.018776603 0.016334143
seq13/frame00211.png -8.312855 32.54515 2.4416087 0.8354182 -0.5493335 -0.01194177 -0.0155373765
seq13/frame00212.png -7.933519 32.220837 2.488399 0.8426417 -0.53809285 0.00785571 -0.020875478
seq13/frame00213.png -7.28583 31.727148 2.4609628 0.8239436 -0.5659863 0.01767321 -0.020594958
seq13/frame00214.png -6.7864623 31.54582 2.421586 0.8199818 -0.5712824 0.026507754 -0.018843027
seq13/frame00215.png -6.1500487 31.091919 2.345292 0.8209972 -0.5661693 0.06026915 -0.042868156
seq13/frame00216.png -5.557748 30.773277 2.3557994 0.8178541 -0.5749294 -0.0073832693 -0.023053817
seq13/frame00217.png -5.02254 30.522821 2.3480296 0.8070596 -0.59024394 -0.010746101 -0.013239494
seq13/frame00218.png -4.475759 30.253012 2.377281 0.8003262 -0.59876955 -0.028825438 0.011558934
seq13/frame00219.png -3.8285913 29.72813 2.2362256 0.7947209 -0.60550994 -0.039669976 0.010796542
seq13/frame00220.png -3.2283652 29.430004 2.0288315 0.80189145 -0.59719884 -0.017446265 0.0032769106
seq13/frame00221.png -2.4388897 29.573544 2.1721213 0.8136284 -0.5786644 -0.0441595 0.034202386
seq13/frame00222.png -1.7495607 29.33884 2.2126966 0.8207321 -0.56875426 -0.031597324 0.043404527
seq13/frame00223.png -1.1043144 29.11278 2.1740868 0.81554466 -0.574812 -0.047793906 0.04543611
seq13/frame00224.png -0.24942079 28.907358 2.12243 0.8118879 -0.5837316 -0.007697026 0.0069169193
seq13/frame00225.png 0.52507716 28.704912 2.117691 0.8133018 -0.58069706 0.019285152 -0.027301036
seq13/frame00226.png 3.3704283 23.127874 1.9994657 0.8158023 -0.57796574 0.0018661924 -0.019095097
seq13/frame00227.png 1.825274 28.061796 2.045698 0.80521214 -0.5909613 -0.009755006 -0.04751689
seq13/frame00228.png 2.4762983 27.979464 1.960125 0.81718963 -0.5739933 0.009740582 -0.04950742
seq13/frame00229.png 3.171796 27.515045 1.6565671 0.82202697 -0.56906337 -0.0071720183 -0.016788924
seq13/frame00230.png 8.272794 23.605062 1.435388 0.83550614 -0.5491037 0.0077523915 -0.018918963
seq13/frame00231.png 4.5404162 26.71715 1.5596013 0.8256911 -0.5628419 -0.027510796 0.028618045
seq13/frame00232.png 5.379196 26.620232 1.8154839 0.83177376 -0.5532094 0.04080883 -0.018795654
seq13/frame00233.png 5.8428955 26.010334 1.5744358 0.8357173 -0.5466613 0.035172928 -0.037227396
seq13/frame00234.png 6.876826 25.835936 1.7354364 0.83425087 -0.5478529 0.05796075 -0.021138497
seq13/frame00235.png 7.3879137 25.338896 1.5072623 0.8459483 -0.52869344 0.063323684 -0.03041525
seq13/frame00236.png 8.01393 25.041655 1.5556475 0.8428392 -0.531628 0.072408155 -0.04004485
seq13/frame00237.png 8.775769 24.657782 1.8262472 0.84317625 -0.5280575 0.09197326 -0.04217991
seq13/frame00238.png 8.759823 24.004053 1.6661208 0.86556125 -0.49719825 0.048886158 -0.03432207
seq13/frame00239.png 9.153692 23.22013 1.2824565 0.88094556 -0.47241122 0.021372857 -0.02136335
seq13/frame00240.png 8.305959 24.713255 1.1823716 0.8698209 -0.4929755 0.008316457 -0.016089227
seq13/frame00241.png 10.65729 22.36646 1.9295951 0.89069945 -0.4525556 0.025297001 -0.0339225
seq13/frame00242.png 10.839186 23.018013 0.39253357 0.8312925 -0.55480164 0.03363546 -0.0006462336
seq13/frame00243.png 11.424011 21.551914 1.3302783 0.81571054 -0.57465297 0.022121573 -0.06228561
seq13/frame00244.png 12.085389 20.980492 1.2388189 0.8157451 -0.5775507 0.0044797794 -0.03166149
seq13/frame00245.png 12.653429 20.52268 1.3190069 0.7998796 -0.59944725 0.010212938 -0.02811599
seq13/frame00246.png 7.8555913 23.252413 1.0461342 0.78064686 -0.6176854 -0.056593187 0.07685077
seq13/frame00247.png 7.037175 21.891026 0.5561157 0.75213414 -0.6431983 -0.08634218 0.11498158
seq13/frame00248.png 10.300212 23.171179 1.5059729 0.78981197 -0.6131873 -0.0008529314 0.007683217
seq13/frame00249.png 14.4220495 18.65341 1.3543856 0.7810642 -0.6051053 0.09860554 -0.11806566
seq13/frame00250.png 14.613557 13.034365 1.8103511 0.70556504 -0.54120237 0.27341983 -0.36677313
seq13/frame00251.png 11.890739 15.964348 1.3662705 0.77162814 -0.5734541 0.1739265 -0.21344289
seq13/frame00252.png 15.77959 14.4316 1.0092045 0.642736 -0.5131834 0.37534934 -0.42730138
seq13/frame00253.png 15.389122 10.668615 1.0126884 0.6302831 -0.46460596 0.39139616 -0.48353636
seq13/frame00254.png 19.502398 12.986863 0.56223357 0.6536904 -0.48606035 0.39141306 -0.4279381
seq13/frame00255.png 20.169611 12.183413 0.65724415 0.66514194 -0.4331444 0.3930118 -0.46437317
seq13/frame00256.png 20.269363 11.759339 0.6606397 0.67870265 -0.4364888 0.36344963 -0.4654692
seq13/frame00257.png 17.346003 13.795881 0.4753078 0.709623 -0.4781278 0.32210037 -0.4050337
seq13/frame00258.png 17.706589 13.26486 0.5006896 0.7120968 -0.49895307 0.30854958 -0.38541707
seq13/frame00259.png 18.036022 12.926974 0.5435701 0.723529 -0.51090086 0.29557475 -0.35803834
seq13/frame00260.png 18.376656 12.340378 0.5239811 0.75177777 -0.47724393 0.27528122 -0.36235783
seq13/frame00261.png 19.134722 11.44944 0.5541819 0.8043564 -0.4804704 0.18894199 -0.29425454
seq13/frame00262.png 19.559534 10.861288 0.45480093 0.8218608 -0.48871598 0.14387736 -0.25523135
seq13/frame00263.png 19.7915 10.435196 0.82574904 0.78878707 -0.5328834 0.17513205 -0.25151455
seq13/frame00264.png 19.958105 10.040109 0.42561105 0.79070115 -0.5345711 0.15793443 -0.25361335
seq13/frame00265.png 20.661148 9.563505 0.5313426 0.7633155 -0.5460723 0.19862108 -0.28189018
seq13/frame00266.png 19.20522 11.549645 0.7988232 0.70538586 -0.5798211 0.26602498 -0.30902433
seq13/frame00267.png 21.83486 8.677512 0.40536568 0.71672785 -0.555774 0.26659396 -0.32631734
seq13/frame00268.png 22.541834 8.582451 0.44295934 0.7153251 -0.5557723 0.26865083 -0.32755154
seq13/frame00269.png 23.137363 8.721987 0.5082189 0.7029987 -0.56470233 0.29104924 -0.31964564
seq13/frame00270.png 23.833471 8.587666 0.46122268 0.70246357 -0.5650879 0.29463026 -0.3168056
seq13/frame00271.png 24.716366 8.125377 0.6687625 0.73150355 -0.5254347 0.30619392 -0.30832493
seq13/frame00272.png 25.4205 7.960306 -0.03615897 0.7402553 -0.5105511 0.30250797 -0.3156278
seq13/frame00273.png 26.116024 7.788137 -0.05928526 0.746847 -0.49298736 0.28660202 -0.34212932
seq13/frame00274.png 26.653963 7.954592 -0.18063657 0.76707464 -0.496344 0.27480274 -0.29918423
seq13/frame00275.png 27.319107 7.7625318 -0.2590677 0.76341933 -0.49871963 0.28969973 -0.2904021
seq13/frame00276.png 28.219894 7.5137877 -0.3481959 0.75704557 -0.49589324 0.30864647 -0.2926651
seq13/frame00277.png 28.877337 7.166362 -0.25157657 0.76487064 -0.501878 0.2762497 -0.29466036
seq13/frame00278.png 29.003784 7.00812 -0.30185914 0.7249827 -0.5454688 0.285635 -0.30836636
seq13/frame00279.png 30.048052 6.350339 -0.25725335 0.7147173 -0.5217869 0.31234893 -0.34543195
seq13/frame00280.png 30.722519 5.6140976 0.035560243 0.68969667 -0.53414744 0.3244129 -0.36581913
seq13/frame00281.png 31.229704 5.243039 -0.1808847 0.6967627 -0.514105 0.34613872 -0.36118287
seq13/frame00282.png 31.835527 4.687694 -0.29178146 0.67889315 -0.51138514 0.36469874 -0.38019177
seq13/frame00283.png 32.287766 4.2386036 -0.4056441 0.6844574 -0.4795598 0.37848595 -0.39779928
seq13/frame00284.png 33.284428 3.8109436 -0.19618881 0.67062527 -0.5010419 0.37798643 -0.3955285
seq13/frame00285.png 33.278694 2.8554714 -0.07183327 0.65659964 -0.53840125 0.36578882 -0.3810275
seq13/frame00286.png 33.788956 2.4632 -0.2107777 0.6552963 -0.5088769 0.38760224 -0.40188417
seq13/frame00287.png 34.42602 1.8967907 -0.15536766 0.674728 -0.47265154 0.378841 -0.42145663
seq13/frame00288.png 34.55439 1.0581998 -0.6160912 0.6458542 -0.5038071 0.3648058 -0.4427478
seq13/frame00289.png 34.697468 0.38570127 -0.13634549 0.6184407 -0.50728285 0.39612967 -0.4505035
seq13/frame00290.png 34.70031 -0.35079086 -0.6322004 0.61792713 -0.51756793 0.38507766 -0.4494447
seq13/frame00291.png 34.773693 -1.0109338 -0.77162755 0.61016357 -0.5224469 0.41357675 -0.42872623
seq13/frame00292.png 34.361664 -1.703482 -0.7201061 0.5951645 -0.52978677 0.40889108 -0.44455191
seq13/frame00293.png 34.208126 -2.3435779 -0.6456829 0.5839176 -0.5233439 0.42436415 -0.4529577
seq13/frame00294.png 33.941017 -2.9432385 -0.8628967 0.595462 -0.52248734 0.40561733 -0.45601353
seq13/frame00295.png 33.426266 -3.7131505 -0.7438124 0.58027744 -0.5198917 0.417122 -0.46808505
seq13/frame00296.png 33.114338 -4.2560544 -0.8423018 0.5596096 -0.5142377 0.42548832 -0.49161634
seq13/frame00297.png 29.81548 -3.4222503 0.031434447 0.58388054 -0.52747405 0.38248268 -0.48401242
seq13/frame00298.png 31.893974 -5.524555 -0.8356098 0.54488325 -0.51661223 0.43390214 -0.4980883
seq13/frame00299.png 31.503103 -5.906201 -0.8969725 0.5704008 -0.50403726 0.4262747 -0.48890203
seq13/frame00300.png 31.10962 -6.5791273 -0.88962144 0.5497002 -0.5014618 0.45157036 -0.49251395
seq13/frame00301.png 30.618088 -6.8812466 -0.8843055 0.556063 -0.5137607 0.42486385 -0.49643934
seq13/frame00302.png 30.024254 -7.1831417 -0.79916424 0.54208195 -0.4827042 0.45797715 -0.5131129
seq13/frame00303.png 29.706486 -8.39994 -0.86876076 -0.5260032 0.47286665 -0.47204217 0.5263896
seq13/frame00304.png 28.2846 -7.877224 -0.3995978 0.5541003 -0.48860112 0.4420368 -0.5089878
seq13/frame00305.png 22.209797 -3.4727068 -0.23166655 0.47918636 -0.50834215 0.52113646 -0.49038985
seq13/frame00306.png 24.388992 -6.7249613 0.22265261 0.59360605 -0.4653627 0.3689532 -0.5431119
seq13/frame00307.png 26.717136 -8.348117 -1.0108998 0.56937504 -0.48965877 0.4303265 -0.50099355
seq13/frame00308.png 26.03776 -8.436577 -1.179107 0.5810411 -0.43873903 0.40337396 -0.5541742
seq13/frame00309.png 25.733528 -8.70819 -1.3036788 -0.5878782 0.3654369 -0.3488126 0.6317419
seq13/frame00310.png 25.802872 -9.391214 -1.1415516 -0.5688235 0.30989233 -0.33715743 0.6833035
seq13/frame00311.png 25.817808 -10.367083 -1.3414416 -0.5665636 0.2563836 -0.29682314 0.724687
seq13/frame00312.png 26.20474 -9.392851 -1.2285193 -0.5782498 0.24653801 -0.2634876 0.731688
seq13/frame00313.png 25.780493 -11.523943 -1.2102971 -0.51800513 0.23214133 -0.30434084 0.7648963
seq13/frame00314.png 25.729538 -12.415461 -1.6328868 -0.49401957 0.1989892 -0.33295226 0.7781272
seq13/frame00315.png 24.973936 -12.733503 -1.3689055 -0.4570975 0.18152748 -0.36110014 0.79225194
seq13/frame00316.png 15.480919 -12.00047 -0.28740788 -0.44669873 0.16067348 -0.37227735 0.79752636
seq13/frame00317.png 23.986876 -13.743804 -1.355611 -0.38654748 0.18678144 -0.45534632 0.7799746
seq13/frame00318.png 23.403694 -14.685909 -1.4501789 -0.3687979 0.20264876 -0.52107096 0.7424627
seq13/frame00319.png 23.792452 -15.290437 -1.797469 -0.31832668 0.22800264 -0.5586489 0.7311473
seq13/frame00320.png 24.023026 -15.750866 -1.3314438 -0.3163462 0.22403236 -0.5781237 0.7179756
seq13/frame00321.png 23.500154 -16.820446 -1.5971999 -0.2670507 0.1996541 -0.6004489 0.72685766
seq13/frame00322.png 23.371597 -17.477034 -1.6854631 -0.23858845 0.19819936 -0.619661 0.72103333
seq13/frame00323.png 23.153461 -18.249546 -1.5476127 -0.22248217 0.18882814 -0.62904185 0.72044843
seq13/frame00324.png 22.82323 -18.890675 -1.5639219 -0.1822374 0.18475673 -0.6452674 0.71866333
seq13/frame00325.png 22.813662 -19.497723 -1.59675 -0.17377138 0.17905335 -0.64346975 0.72368115
seq13/frame00326.png 22.09074 -20.011166 -1.5892249 -0.15638618 0.1306668 -0.6496722 0.73241174
seq13/frame00327.png 21.470697 -20.712246 -1.8363205 -0.14308348 0.1399949 -0.63685524 0.74456733
seq13/frame00328.png 21.089222 -21.110907 -1.7807748 -0.12504843 0.11807589 -0.63872576 0.74988943
seq13/frame00329.png 20.81967 -21.579983 -1.6592051 -0.118343115 0.12595345 -0.6282372 0.7585981
seq13/frame00330.png 20.191221 -22.336601 -1.9445254 -0.06635473 0.10459621 -0.62529886 0.77049977
seq13/frame00331.png 19.536623 -22.662199 -1.9540358 -0.12051281 0.11803875 -0.60135216 0.7809272
seq13/frame00332.png 18.98735 -23.228395 -2.192317 -0.08052234 0.11306635 -0.62112975 0.77133036
seq13/frame00333.png 18.474102 -23.659365 -1.9312745 -0.10357509 0.1004434 -0.59972024 0.7870799
seq13/frame00334.png 17.952051 -24.167894 -2.2661057 -0.07015244 0.08599417 -0.60565466 0.7880896
seq13/frame00335.png 17.112274 -24.482937 -2.3648148 -0.05829921 0.0702947 -0.610432 0.7869676
seq13/frame00336.png 16.872389 -24.978159 -2.3078606 -0.068172306 0.06699465 -0.6216513 0.777473
seq13/frame00337.png 16.256912 -25.365929 -1.9585398 -0.09478565 0.06659216 -0.6059693 0.7871398
seq13/frame00338.png 15.489159 -25.645761 -2.2250047 -0.09468877 0.06288444 -0.58764267 0.80103797
seq13/frame00339.png 15.019007 -26.044556 -2.3543963 -0.11083393 0.04934635 -0.56570655 0.815675
seq13/frame00340.png 14.615196 -26.495533 -2.34317 -0.10614261 0.07922458 -0.5690628 0.81158316
seq13/frame00341.png 14.053236 -26.63667 -2.2112281 -0.05947394 0.040320225 -0.5931637 0.80190116
seq13/frame00342.png 12.717164 -21.816587 -2.1482716 -0.0033880656 -0.0016429457 -0.5759372 0.81741875
seq13/frame00343.png 13.663393 -26.841318 -2.0567853 0.014348506 0.009387478 -0.58534265 0.81053257
seq13/frame00344.png 12.343622 -26.4483 -2.3857682 0.005792042 0.02690743 -0.5987788 0.8003901
seq13/frame00345.png 11.871464 -26.054153 -2.4340324 0.023218472 -0.00091610634 -0.6138315 0.7890924
seq13/frame00346.png 11.541324 -25.710684 -2.244756 0.02805921 0.009191976 -0.6166293 0.7866324
seq13/frame00347.png 11.291057 -25.648052 -2.209073 0.024111528 0.028423347 -0.63007724 0.7757154
seq13/frame00348.png 11.036676 -25.476723 -2.0840847 0.041074906 0.00458702 -0.6592097 0.7509307
seq13/frame00349.png 11.012711 -25.361238 -2.0533314 0.035636783 0.011128192 -0.65962815 0.75063306
seq13/frame00350.png 10.976332 -25.300472 -2.1162794 0.043519277 0.021352882 -0.6722007 0.73888063
seq3/frame00001.png 14.919997 -33.457237 -2.614612 -0.10660748 0.06764303 -0.6476801 0.75150925
seq3/frame00002.png 14.990597 -33.65475 -2.7978888 -0.10480874 0.06879417 -0.6470116 0.75219226
seq3/frame00003.png 14.921352 -33.390404 -2.633319 -0.10905289 0.06698422 -0.63769233 0.7595111
seq3/frame00004.png 14.955686 -33.612206 -2.622407 -0.10533478 0.06714073 -0.60458463 0.7865725
seq3/frame00005.png 15.309558 -33.924557 -2.6493192 -0.10622446 0.0680357 -0.5460989 0.8281697
seq3/frame00006.png 15.154925 -33.857185 -2.7842145 -0.10451242 0.0647858 -0.502132 0.85606927
seq3/frame00007.png 15.490806 -33.782818 -2.5091054 -0.10755237 0.06416615 -0.4672534 0.8751642
seq3/frame00008.png 15.237787 -34.11243 -3.0129673 -0.0957636 0.060352955 -0.45824072 0.8815668
seq3/frame00009.png 15.079113 -33.659275 -2.6885376 -0.11817163 0.058611907 -0.4853991 0.86423975
seq3/frame00010.png 14.9918 -33.533592 -2.997497 -0.16450682 0.10861471 -0.55037767 0.81131464
seq3/frame00011.png 14.521072 -33.23545 -2.687168 -0.20378768 0.16463694 -0.59879357 0.7567895
seq3/frame00012.png 14.776662 -34.104294 -3.1497228 -0.23343332 0.20370096 -0.64356667 0.6998663
seq3/frame00013.png 14.702803 -33.392223 -2.6626964 -0.17189778 0.1570048 -0.65302867 0.7206518
seq3/frame00014.png 14.987551 -33.29458 -2.9352558 -0.0320764 0.061207876 -0.68428636 0.72586966
seq3/frame00015.png 14.960934 -32.947987 -2.3812475 0.007622027 -0.0032519787 -0.6756811 0.73700523
seq3/frame00016.png 14.815572 -32.6725 -2.701419 -0.010429234 0.015507689 -0.65264416 0.75750643
seq3/frame00017.png 15.056952 -32.378857 -2.5262544 -0.040337022 0.011211275 -0.6250603 0.7794189
seq3/frame00018.png 15.557496 -31.848936 -2.2894974 -0.11317102 0.031122167 -0.5976508 0.79312575
seq3/frame00019.png 15.985839 -31.408573 -2.5783749 -0.1727569 0.11292258 -0.5737869 0.7926918
seq3/frame00020.png 16.315401 -30.703169 -2.5300515 -0.23917565 0.11331683 -0.48545396 0.83325833
seq3/frame00021.png 16.909273 -30.303984 -2.6241076 -0.25971285 0.14053532 -0.43615627 0.8500972
seq3/frame00022.png 17.495823 -29.84395 -2.4645154 -0.27452973 0.12790586 -0.45387053 0.8381276
seq3/frame00023.png 18.090897 -29.435028 -2.566644 -0.29021403 0.16209362 -0.43850034 0.8349858
seq3/frame00024.png 18.454962 -28.73767 -2.5093224 -0.26511243 0.1648373 -0.47494492 0.82285297
seq3/frame00025.png 18.818571 -28.106794 -2.13159 -0.29442537 0.20047222 -0.5365466 0.76500314
seq3/frame00026.png 19.001064 -27.5494 -2.237298 -0.26856667 0.21929419 -0.5987781 0.72198725
seq3/frame00027.png 19.63448 -27.115772 -2.4363558 -0.28581148 0.20495366 -0.6112896 0.7090055
seq3/frame00028.png 20.12442 -26.624552 -2.1553454 -0.31566322 0.23110309 -0.56477004 0.72673017
seq3/frame00029.png 20.787884 -26.211857 -2.164833 -0.29539594 0.21059826 -0.5517119 0.7509862
seq3/frame00030.png 21.381203 -25.686146 -2.2122161 -0.2966621 0.23225664 -0.5495714 0.7455243
seq3/frame00031.png 22.11869 -25.348667 -2.052704 -0.3090203 0.21821915 -0.54176724 0.75062686
seq3/frame00032.png 22.646204 -24.768412 -2.1279466 -0.3165689 0.24917844 -0.53000534 0.74633014
seq3/frame00033.png 23.335371 -24.3817 -2.070496 -0.3469083 0.24874192 -0.5170162 0.7418629
seq3/frame00034.png 23.668646 -23.870096 -2.3207366 -0.2873889 0.252263 -0.59783363 0.7045825
seq3/frame00035.png 23.65825 -23.476309 -2.0417202 -0.3108341 0.23126514 -0.5704817 0.7242512
seq3/frame00036.png 24.133274 -23.367155 -2.292935 -0.29571307 0.19752893 -0.5400033 0.76279026
seq3/frame00037.png 24.283827 -23.36915 -2.5149398 -0.3047289 0.16251636 -0.49111286 0.7996796
seq3/frame00038.png 24.597593 -23.15282 -2.3035424 -0.3392361 0.14156424 -0.41393867 0.83280873
seq3/frame00039.png 24.579638 -23.574587 -2.4535263 -0.33674785 0.11837555 -0.3645562 0.8600684
seq3/frame00040.png 24.621752 -23.206097 -2.365556 -0.35252008 0.113466606 -0.34387758 0.8629379
seq3/frame00041.png 25.1723 -23.01922 -2.2300608 -0.37171137 0.122295305 -0.34707466 0.8522542
seq3/frame00042.png 25.0811 -22.79525 -1.8673577 -0.38740388 0.1370316 -0.3648981 0.8354125
seq3/frame00043.png 24.125769 -22.915043 -2.1233332 -0.40701774 0.19665758 -0.40924287 0.7926463
seq3/frame00044.png 24.190514 -23.336668 -2.413452 -0.42493713 0.26371828 -0.49293223 0.7119981
seq3/frame00045.png 23.936419 -23.281956 -2.264784 -0.45061126 0.32692364 -0.53352344 0.6368175
seq3/frame00046.png 23.987091 -23.512613 -2.49014 -0.44415832 0.3527835 -0.5572975 0.6063528
seq3/frame00047.png 23.761023 -23.651012 -2.4685092 -0.35725805 0.28585628 -0.6028975 0.6535426
seq3/frame00048.png 24.158066 -23.072433 -2.2768617 -0.2544064 0.21928766 -0.6385581 0.6924781
seq3/frame00049.png 23.984581 -23.10436 -2.158172 -0.15817945 0.14243625 -0.66685516 0.7143146
seq3/frame00050.png 24.083796 -23.106976 -2.050129 -0.13459924 0.120153196 -0.67265725 0.71766174
seq3/frame00051.png 24.032072 -23.223976 -2.159062 -0.123515 0.10729831 -0.6596868 0.7335106
seq3/frame00052.png 23.785181 -23.257912 -2.0782948 -0.1260183 0.08719514 -0.65463626 0.7402252
seq3/frame00053.png 23.84567 -22.819433 -2.2181978 -0.19162413 0.11921687 -0.64089036 0.73377585
seq3/frame00054.png 24.353218 -22.143385 -2.151934 -0.2518082 0.16347325 -0.61542463 0.72885174
seq3/frame00055.png 24.104206 -21.598286 -2.0612514 -0.25257757 0.15884702 -0.62673396 0.7199325
seq3/frame00056.png 24.87476 -20.829828 -1.9851015 -0.31389862 0.21466602 -0.5823644 0.7185482
seq3/frame00057.png 25.256723 -19.999949 -2.0505087 -0.3992186 0.24596904 -0.5329819 0.7043499
seq3/frame00058.png 25.790892 -19.330257 -2.665193 -0.43265638 0.29004446 -0.50396353 0.68896306
seq3/frame00059.png 25.949253 -19.18589 -2.9792151 -0.4560232 0.28528678 -0.47992757 0.6929392
seq3/frame00060.png 26.592316 -18.8536 -3.8117964 -0.47212276 0.297657 -0.47040483 0.6834599
seq3/frame00061.png 26.662445 -17.93769 -3.4030762 -0.46081236 0.28248876 -0.48423207 0.68794554
seq3/frame00062.png 26.949211 -16.875845 -2.6995761 -0.4256604 0.28545985 -0.49016896 0.7050341
seq3/frame00063.png 27.34359 -16.19219 -2.662184 -0.39807236 0.28657126 -0.50179994 0.7126221
seq3/frame00064.png 27.355871 -15.856569 -1.9175546 -0.39478913 0.2834774 -0.5070075 0.7118399
seq3/frame00065.png 27.82287 -14.949893 -2.308593 -0.4249209 0.29887137 -0.50963134 0.6859911
seq3/frame00066.png 28.191778 -14.19868 -2.2089367 -0.47485548 0.3200552 -0.4897538 0.65749395
seq3/frame00067.png 28.329376 -13.869144 -2.1096163 -0.45427546 0.35179242 -0.47504082 0.66662914
seq3/frame00068.png 28.55877 -12.96739 -2.562171 -0.50575995 0.34373412 -0.42825258 0.6653805
seq3/frame00069.png 28.84134 -12.337856 -2.3996744 -0.5019821 0.3731704 -0.42995337 0.6511875
seq3/frame00070.png 28.980673 -11.734165 -2.1973312 -0.5165601 0.3518784 -0.40792662 0.66570276
seq3/frame00071.png 29.02549 -11.055063 -2.189865 -0.5605933 0.3601279 -0.38819957 0.63672835
seq3/frame00072.png 28.862188 -9.966696 -1.9283437 -0.58497876 0.37018484 -0.355386 0.6280719
seq3/frame00073.png 28.666935 -9.741971 -1.6634802 -0.6013414 0.36753199 -0.33274361 0.62655675
seq3/frame00074.png 28.659245 -9.708539 -1.5839345 -0.5823103 0.38246655 -0.35067007 0.6259501
seq3/frame00075.png 28.747574 -8.761943 -1.5273325 -0.58385384 0.39295495 -0.35477227 0.6154619
seq3/frame00076.png 28.74481 -8.180262 -1.3965528 0.601076 -0.39026403 0.36775932 -0.59249556
seq3/frame00077.png 28.754234 -7.577463 -1.4213467 0.6140345 -0.37792504 0.40148565 -0.56470674
seq3/frame00078.png 28.798897 -6.957877 -1.3359642 0.6235507 -0.40896124 0.40776342 -0.5270796
seq3/frame00079.png 28.765211 -6.390109 -1.3499444 0.62464607 -0.4808178 0.4211284 -0.44837135
seq3/frame00080.png 37.551258 -4.75789 -0.6327362 0.602307 -0.519474 0.41250017 -0.444158
seq3/frame00081.png 35.983585 -3.2626553 -0.65781564 0.6028614 -0.52930385 0.4091581 -0.4347202
seq3/frame00082.png 28.609892 -5.235169 -0.89074504 0.5381979 -0.47987095 0.46819916 -0.51072764
seq3/frame00083.png 28.813478 -5.1389647 -1.0853815 -0.47159368 0.39902583 -0.5445872 0.56745285
seq3/frame00084.png 24.118387 -11.177529 -2.9944623 -0.44474837 0.3167225 -0.3652255 0.7540299
seq3/frame00085.png 30.116604 -12.367624 -1.5496182 -0.4851689 0.29289132 -0.50355375 0.65199214
seq3/frame00086.png 32.645294 -13.180738 -1.1902496 -0.4945505 0.28938827 -0.5072512 0.6436481
seq3/frame00087.png 29.539547 -5.600568 -1.8559496 -0.53069836 0.33211935 -0.45990387 0.62961274
seq3/frame00088.png 29.511583 -4.615567 -1.9172437 0.63383603 -0.34720364 0.3607714 -0.5895343
seq3/frame00089.png 27.706005 -3.035596 0.65394825 0.7336334 -0.2530584 0.2409382 -0.5827819
seq3/frame00090.png 33.32096 -4.573488 -0.048974514 0.7279292 -0.1850997 0.20532945 -0.6276077
seq3/frame00091.png 28.90266 -4.016143 0.28734338 0.72588736 -0.25645795 0.2583723 -0.583541
seq3/frame00092.png 31.84611 -5.0356226 -0.9732234 0.7285378 -0.35859743 0.34833804 -0.46835044
seq3/frame00093.png 28.811172 -5.2565093 -1.1160214 0.67514473 -0.4577009 0.3235064 -0.4797217
seq3/frame00094.png 36.195732 -2.9784815 -0.59180355 0.6384852 -0.5216703 0.36907655 -0.42891648
seq3/frame00095.png 35.618393 -2.9516084 -0.90286624 0.62402433 -0.53872496 0.3771624 -0.4218519
seq3/frame00096.png 30.968733 -6.4769926 -0.64660794 0.60744673 -0.5202478 0.38650078 -0.45927575
seq3/frame00097.png 28.848236 -5.3019447 -0.9658729 0.5968908 -0.5024046 0.42829397 -0.45608008
seq3/frame00098.png 28.652344 -5.2021446 -1.0071875 0.56922626 -0.47972065 0.45577165 -0.4877888
seq5/frame00001.png 31.651304 -16.980667 0.000510362 -0.32233602 0.27732524 -0.6136942 0.66512555
seq5/frame00002.png 33.140804 -12.854611 -0.19534324 -0.3933461 0.3494683 -0.57816195 0.62353706
seq5/frame00003.png 33.255753 -14.287303 -1.2251688 -0.35928732 0.33257344 -0.60857815 0.62436026
seq5/frame00004.png 33.123756 -13.271466 -0.12757915 -0.36672524 0.3358181 -0.59255725 0.6336153
seq5/frame00005.png 33.44761 -13.788312 -0.873162 -0.33921617 0.31047612 -0.62110496 0.63465536
seq5/frame00006.png 30.243944 -10.043912 -0.73903346 -0.34703293 0.3461808 -0.613269 0.61933
seq5/frame00007.png 26.635693 -8.209895 -0.20140491 -0.3264889 0.35098147 -0.56558335 0.6710704
seq5/frame00008.png 29.939348 -14.440091 -0.5086304 -0.27733767 0.25335577 -0.6149296 0.6933741
seq5/frame00009.png 30.78507 -12.201993 -1.1583326 -0.37368268 0.3445955 -0.57694966 0.639568
seq5/frame00010.png 30.458315 -11.285701 -1.5775151 -0.41977683 0.36136687 -0.5494343 0.62533
seq5/frame00011.png 29.713425 -11.338856 -1.4672269 -0.44075844 0.36300108 -0.536278 0.6214561
seq5/frame00012.png 28.786032 -12.184255 -1.269302 -0.40600556 0.3094657 -0.5669777 0.64648736
seq5/frame00013.png 28.425148 -10.713475 -1.4260517 -0.43553212 0.34012073 -0.5479757 0.6280097
seq5/frame00014.png 27.909273 -10.147629 -1.2359433 -0.44532016 0.3513334 -0.5170509 0.6409835
seq5/frame00015.png 27.431465 -10.248204 -1.3690275 -0.45013934 0.33609486 -0.5243745 0.63995427
seq5/frame00016.png 27.033293 -9.758309 -1.2956939 -0.44909954 0.3492293 -0.5047447 0.6494833
seq5/frame00017.png 26.598528 -9.83465 -1.3041381 -0.45585474 0.3450949 -0.5035943 0.64770734
seq5/frame00018.png 26.205648 -9.49621 -1.563306 -0.5090838 0.38122243 -0.48267964 0.6020944
seq5/frame00019.png 25.604645 -9.59954 -1.2213229 -0.561734 0.40609768 -0.43790752 0.5726084
seq5/frame00020.png 24.774113 -9.421516 -1.0594141 0.6122042 -0.46048197 0.38994187 -0.5110964
seq5/frame00021.png 28.483938 -15.432812 -1.0539902 -0.51091653 0.39090303 -0.51028705 0.5707711
seq5/frame00022.png 27.344578 -13.788548 -1.4269652 0.53150004 -0.44068283 0.49684128 -0.5258434
seq5/frame00023.png 28.725965 -9.364321 -0.5583359 0.5754154 -0.46960774 0.37705562 -0.55314064
seq5/frame00024.png 27.28596 -10.564672 -0.096455 0.66108865 -0.3880411 0.3745247 -0.52161956
seq5/frame00025.png 25.622663 -8.115027 -0.39128086 0.62238586 -0.43311003 0.39539802 -0.51844794
seq5/frame00026.png 22.591766 -10.704621 -1.0695355 0.65283 -0.3456753 0.31368005 -0.5965619
seq5/frame00027.png 22.709148 -11.736548 -0.6243086 -0.61639076 0.33299407 -0.33074793 0.6323364
seq5/frame00028.png 21.933065 -11.185331 -1.1112912 0.63249743 -0.3502277 0.3311592 -0.6062176
seq5/frame00029.png 21.862928 -11.947307 -1.4992185 -0.6074481 0.35025194 -0.36093378 0.61477333
seq5/frame00030.png 21.497732 -12.280078 -1.0613637 -0.58869714 0.37999344 -0.35934606 0.61631703
seq5/frame00031.png 21.948244 -8.25802 0.30666283 0.68588036 -0.41274673 0.35445273 -0.48346826
seq5/frame00032.png 23.455685 -9.035129 0.49714687 0.64347845 -0.42625672 0.42841285 -0.4698427
seq5/frame00033.png 18.225864 -3.9522264 0.5464471 0.55932474 -0.413648 0.5041291 -0.5114072
seq5/frame00034.png 19.650278 -15.830362 -0.36666423 -0.41555458 0.42409894 -0.4903057 0.63799727
seq5/frame00035.png 20.362455 -15.44041 -1.5896825 -0.5126236 0.36228752 -0.4601371 0.6279376
seq5/frame00036.png 20.2755 -16.212776 -1.5531845 -0.48259366 0.35135454 -0.49900344 0.6282723
seq5/frame00037.png 16.045212 -15.105138 -0.82100725 -0.42087147 0.2678415 -0.49566907 0.71100956
seq5/frame00038.png 16.4662 -14.365086 -1.0489266 -0.45179373 0.34092197 -0.4780221 0.6716063
seq5/frame00039.png 19.499676 -19.675303 -1.7854412 -0.40568173 0.31061283 -0.56172997 0.65078753
seq5/frame00040.png 19.545887 -20.114294 -1.8888488 -0.393426 0.31949028 -0.5658684 0.6503605
seq5/frame00041.png 26.95229 -17.623892 -1.5731683 -0.36041453 0.34320903 -0.56757486 0.65600157
seq5/frame00042.png 18.439224 -22.744637 -1.594319 -0.323563 0.32488436 -0.61147445 0.64494246
seq5/frame00043.png 19.11202 -21.608328 -1.9444714 -0.38510844 0.3316318 -0.5811624 0.6354778
seq5/frame00044.png 19.62602 -21.452147 -1.8849554 -0.39587593 0.32892764 -0.540847 0.66522896
seq5/frame00045.png 19.513851 -22.086819 -1.9365075 -0.35986102 0.3269569 -0.56518805 0.66639835
seq5/frame00046.png 19.582977 -22.648376 -1.9800166 -0.3711562 0.3251588 -0.5755261 0.6521277
seq5/frame00047.png 19.573383 -22.96067 -1.8761833 -0.37605202 0.33443996 -0.5764684 0.64373124
seq5/frame00048.png 19.02979 -24.322111 -1.9518514 -0.3147281 0.27774292 -0.58356297 0.69506896
seq5/frame00049.png 19.073189 -25.371193 -2.2891912 -0.23048611 0.21735531 -0.61888576 0.71864617
seq5/frame00050.png 18.721275 -25.91075 -2.072351 -0.23159143 0.20513788 -0.6021648 0.7360562
seq5/frame00051.png 18.53738 -26.570572 -2.0550604 -0.22483106 0.20037955 -0.6075818 0.73484814
seq5/frame00052.png 18.214268 -27.261663 -2.1872241 -0.21533465 0.20135947 -0.62081575 0.7263896
seq5/frame00053.png 18.034027 -27.872164 -2.306446 -0.18374598 0.17090498 -0.62766874 0.7368651
seq5/frame00054.png 17.732157 -28.486666 -2.561901 -0.12673111 0.14078735 -0.63553786 0.74843574
seq5/frame00055.png 17.358376 -28.794813 -2.2522693 -0.10773054 0.12667112 -0.618816 0.7676194
seq5/frame00056.png 16.92607 -29.117931 -2.0798564 -0.07674147 0.07792332 -0.62620765 0.7720686
seq5/frame00057.png 16.695044 -29.308918 -2.147312 -0.055502653 0.086644344 -0.626781 0.7723242
seq5/frame00058.png 16.577295 -29.484823 -2.2301083 -0.06403629 0.08515334 -0.6272593 0.7714687
seq5/frame00059.png 17.414984 -29.73862 -2.2886894 -0.12277102 0.13301434 -0.5862818 0.7896703
seq5/frame00060.png 17.669806 -29.370321 -2.1249635 -0.061507676 0.07873631 -0.6053065 0.7898258
seq5/frame00061.png 17.857985 -28.752802 -1.9330014 -0.10792948 0.056679387 -0.58246404 0.80371916
seq5/frame00062.png 18.409868 -28.564657 -2.6696267 -0.11962136 0.07694275 -0.57945174 0.8024517
seq5/frame00063.png 18.58705 -28.054518 -2.7760932 -0.120062314 0.06692582 -0.5668791 0.81215775
seq5/frame00064.png 19.006132 -27.307625 -2.2267172 -0.15449023 0.09952758 -0.5482389 0.8158831
seq5/frame00065.png 19.496614 -26.886702 -2.239884 -0.1633634 0.1214845 -0.54487664 0.8133798
seq5/frame00066.png 19.897593 -26.503464 -2.4241064 -0.1574272 0.106414 -0.53303534 0.824426
seq5/frame00067.png 20.534393 -26.138494 -2.0757785 -0.12254716 0.09631668 -0.5427663 0.82527834
seq5/frame00068.png 21.112617 -25.513153 -2.2305048 -0.17187753 0.1314058 -0.5608398 0.7991994
seq5/frame00069.png 21.704338 -25.081263 -2.316597 -0.17527163 0.14088258 -0.5774156 0.7849247
seq5/frame00070.png 22.38959 -24.529325 -2.3458858 -0.19304414 0.14362668 -0.60356575 0.76010376
seq5/frame00071.png 22.729502 -24.128729 -2.324963 -0.1879798 0.15550514 -0.64931923 0.7203143
seq5/frame00072.png 23.025448 -23.412008 -1.637511 -0.21042605 0.16478832 -0.66716075 0.6953167
seq5/frame00073.png 23.192623 -22.89029 -1.5198274 -0.23217459 0.20293278 -0.649501 0.6948882
seq5/frame00074.png 23.334156 -22.381948 -1.7993903 -0.23958507 0.23340866 -0.6321369 0.69894564
seq5/frame00075.png 23.564222 -21.64123 -1.845393 -0.26919493 0.24317238 -0.6271002 0.6893084
seq5/frame00076.png 23.540329 -21.049088 -1.7463205 -0.2941529 0.26499262 -0.61512387 0.68209904
seq5/frame00077.png 23.648876 -20.39868 -1.8490155 -0.30948502 0.26449746 -0.6140447 0.67608684
seq5/frame00078.png 23.556269 -19.683273 -1.6488588 -0.33081672 0.269476 -0.60441685 0.6726515
seq5/frame00079.png 23.348282 -19.025717 -1.6114862 -0.35060406 0.27073655 -0.59854543 0.6674465
seq5/frame00080.png 19.704916 -15.172931 -1.7612592 -0.41443372 0.24425131 -0.5848207 0.6531056
seq5/frame00081.png 22.730469 -18.390928 -1.5670623 -0.34419936 0.2927568 -0.60459363 0.65602356
seq5/frame00082.png 22.596386 -17.631266 -1.5640488 -0.37051 0.31450206 -0.5831099 0.65105313
