seq2/frame00001.png 46.235073 3.0839534 10.740084 0.8872383 -0.08142059 0.45126367 -0.051013615
seq2/frame00002.png 45.982414 3.0856838 10.649853 0.8860953 -0.08088939 0.45347598 -0.050878227
seq2/frame00003.png 46.484398 3.0712667 10.704767 0.888568 -0.08268713 0.44845298 -0.049232855
seq2/frame00004.png 44.98521 3.0456414 10.747293 0.8821695 -0.07404489 0.46284896 -0.04579133
seq2/frame00005.png 44.745735 3.0978694 11.15777 0.88316697 -0.07561627 0.45978335 -0.054219812
seq2/frame00006.png 42.993904 3.2020564 11.177603 0.89903 -0.07505994 0.427395 -0.05923803
seq2/frame00007.png 41.416786 2.8915024 10.517064 0.8990759 -0.04993681 0.42844614 -0.07429641
seq2/frame00008.png 39.183666 2.9183583 10.05366 0.902484 -0.051446464 0.418429 -0.08804193
seq2/frame00009.png 38.237347 2.8375416 9.71069 0.89867765 -0.07318288 0.4228432 -0.09092674
seq2/frame00010.png 36.387352 2.5545778 9.370881 0.9001567 -0.05089863 0.42772695 -0.063327916
seq2/frame00011.png 35.28627 2.617917 9.159705 0.9027293 -0.06563529 0.4196731 -0.06772319
seq2/frame00012.png 33.367935 2.3170156 8.601449 0.90720475 -0.07328956 0.41194394 -0.044331506
seq2/frame00013.png 31.178545 2.3421621 8.58559 0.896237 -0.06389752 0.43574077 -0.052703828
seq2/frame00014.png 29.792988 2.1773033 8.144049 0.9122366 -0.0640489 0.40116638 -0.053462613
seq2/frame00015.png 27.756428 1.9640188 6.752756 0.9023753 -0.060130507 0.42267033 -0.05927796
seq2/frame00016.png 25.678604 1.7349591 6.11839 0.9087257 -0.063354395 0.4062522 -0.073110096
seq2/frame00017.png 24.813042 1.5935698 5.2746477 0.92049384 -0.06059804 0.3793992 -0.07056209
seq2/frame00018.png 22.584755 1.4944215 4.919218 0.9225686 -0.039659314 0.37701407 -0.07106711
seq2/frame00019.png 21.46873 1.6937628 5.366499 0.9292275 -0.060345024 0.35848138 -0.065820746
seq2/frame00020.png 20.18544 1.2729845 3.9708805 0.9394981 -0.051452354 0.33280838 -0.06371994
seq2/frame00021.png 18.070778 1.3083143 4.3991585 0.93994004 -0.025017072 0.3353121 -0.059852056
seq2/frame00022.png 15.797364 1.1495175 3.5138264 0.9400924 -0.05444634 0.3338953 -0.041359458
seq2/frame00023.png 13.750085 0.9542742 2.8711824 0.9428607 -0.074054725 0.32400775 -0.022455776
seq2/frame00024.png 12.625226 0.80739117 2.8194494 0.9520359 -0.071579516 0.29709387 -0.021162933
seq2/frame00025.png 11.294502 0.9634528 3.3936977 0.93953764 -0.04941785 0.33633068 -0.040627815
seq2/frame00026.png 11.091042 0.95996356 3.3834639 0.93293667 -0.05554064 0.34912404 -0.06892713
seq2/frame00027.png 8.885017 0.79788494 3.2335997 0.9201451 -0.08332314 0.37596226 -0.07080882
seq2/frame00028.png 9.446137 1.114105 3.901822 0.9501108 -0.031414904 0.3067969 -0.046821482
seq2/frame00029.png 8.992074 0.7585523 3.1276665 0.93891364 -0.06578103 0.3331604 -0.05569476
seq2/frame00030.png 7.013788 0.82595825 3.417386 0.9476348 -0.09832296 0.29796085 -0.06014147
seq2/frame00031.png 6.830097 0.7325094 2.946437 0.951712 -0.10617994 0.27855128 -0.0739492
seq2/frame00032.png 6.1318235 0.8480959 3.1939917 0.96047425 -0.09721556 0.2560345 -0.049967848
seq2/frame00033.png 8.233435 -0.43755126 -0.04526806 0.92742395 -0.07339751 0.36012807 -0.06882979
seq2/frame00034.png -20.320719 -4.756564 -20.056007 0.8669758 -0.0364194 -0.4960634 0.030771654
seq2/frame00035.png 3.0950708 0.6932347 2.4065742 0.9651396 -0.116692595 0.23064826 -0.042311437
seq2/frame00036.png 1.8263187 0.3862183 1.5935974 0.96681285 -0.11032434 0.225926 -0.044337347
seq2/frame00037.png 3.6823082 0.5729625 2.0987558 0.9719346 -0.10001006 0.21133453 -0.025346592
seq2/frame00038.png 2.9303913 0.7767477 2.7121983 0.9714866 -0.055844706 0.22895026 -0.024751008
seq2/frame00039.png 2.1954288 0.7688105 2.6999998 0.9734767 -0.06068683 0.21895294 -0.023770934
seq2/frame00040.png 1.0970821 0.61704063 1.9123106 0.9774193 -0.053108405 0.20054865 -0.040028736
seq2/frame00041.png 0.051558495 0.5212269 1.3670034 0.98435944 -0.044298064 0.16993098 -0.016551802
seq2/frame00042.png -1.7058392 0.35752296 1.0463972 0.98987544 -0.03813342 0.13667867 0.006508788
seq2/frame00043.png -2.5120916 0.40670156 1.311388 0.9857493 -0.0603594 0.15712775 0.0025931592
seq2/frame00044.png -4.288414 0.2643473 0.6022892 0.9943897 -0.048579007 0.09434837 0.0028174198
seq2/frame00045.png -5.212695 0.1956029 0.49621773 0.98430735 -0.06370433 0.16336101 -0.019166423
seq2/frame00046.png -6.8486605 0.009833336 0.03346443 0.9970472 -0.07158216 0.029020833 -0.0016092639
seq2/frame00047.png -8.430055 -0.03276801 -0.07829666 0.99817985 -0.060572322 0.0064516645 0.0027460696
seq2/frame00048.png -10.229199 -0.08795762 -0.4380436 0.99717605 -0.041271307 -0.051042553 0.035762295
seq2/frame00049.png -11.755678 -0.3753109 -1.2330589 0.9934036 -0.056420945 -0.093561776 0.035378713
seq2/frame00050.png -13.779687 -0.38918734 -1.0842066 0.99294484 -0.042230032 -0.1101607 0.013123306
seq2/frame00051.png -15.35592 -0.575351 -1.7884674 0.98357916 -0.037423085 -0.17409557 0.026873855
seq2/frame00052.png -17.948414 -0.9288385 -3.0068254 0.9667401 -0.034520183 -0.24907987 0.047133747
seq2/frame00053.png -19.620686 -1.1581385 -3.7791672 0.9634244 -0.038128126 -0.25939098 0.054655902
seq2/frame00054.png -21.162682 -1.4206071 -4.627368 0.95199025 -0.06433401 -0.29146123 0.06872702
seq2/frame00055.png -23.391193 -1.3097014 -4.2131186 0.95660967 -0.048783436 -0.27830347 0.07172748
seq2/frame00056.png -25.552467 -1.5805557 -4.708062 0.94038725 -0.07534864 -0.3240436 0.07054718
seq2/frame00057.png -26.712366 -1.6179686 -5.119484 0.93789184 -0.058030386 -0.33538696 0.06712561
seq2/frame00058.png -28.847048 -1.8089917 -5.2486486 0.9415367 -0.06278819 -0.32383248 0.06827227
seq2/frame00059.png -31.513767 -1.9357145 -5.3630514 0.929887 -0.088114336 -0.35009998 0.06978666
seq2/frame00060.png -32.8814 -1.7851622 -4.9947805 0.9202072 -0.06932906 -0.38017315 0.06260073
seq2/frame00061.png -34.403763 -1.9706521 -5.5884542 0.90641725 -0.06318851 -0.41124174 0.0725763
seq3/frame00001.png -56.51076 -2.5855627 -7.117771 0.8337298 -0.022450916 -0.53562224 0.13190523
seq3/frame00002.png -55.675667 -2.3742733 -6.2087984 0.8351873 -0.029053811 -0.5353346 0.122224875
seq3/frame00003.png -55.928055 -2.4176698 -6.3130026 0.83482075 -0.030127719 -0.53662753 0.11835422
seq3/frame00004.png -56.529938 -2.5026932 -6.6394835 0.83715403 -0.033927295 -0.53567666 0.10599438
seq3/frame00005.png -55.128513 -2.7224655 -6.9531536 0.83350813 -0.043472957 -0.54272276 0.09380346
seq3/frame00006.png -54.759754 -2.4517508 -5.9178877 0.8172419 -0.033274114 -0.56938785 0.08228352
seq3/frame00007.png -53.735893 -2.522976 -6.2393456 0.830626 -0.039575092 -0.5454555 0.104285255
seq3/frame00008.png -52.45851 -2.4873314 -6.3827095 0.84276223 -0.03579583 -0.5294632 0.09026438
seq3/frame00009.png -51.140125 -2.6117072 -6.2593336 0.8591384 -0.04891204 -0.50202173 0.085750245
seq3/frame00010.png -49.97873 -2.46271 -6.0168667 0.86318827 -0.04696701 -0.49551618 0.08415785
seq3/frame00011.png -49.238514 -2.418471 -5.7967634 0.8706473 -0.045498785 -0.48248354 0.08476575
seq3/frame00012.png -48.602158 -2.263983 -5.3185034 0.86457735 -0.048445284 -0.4938824 0.078086816
seq3/frame00013.png -47.887444 -2.2903416 -5.4902744 0.867051 -0.050504588 -0.4892729 0.07988775
seq3/frame00014.png -47.01618 -2.0993834 -4.9778776 0.8649453 -0.047987327 -0.49420103 0.07401614
seq3/frame00015.png -46.593285 -2.0878294 -4.942811 0.8746237 -0.042180285 -0.47878784 0.06421661
seq3/frame00016.png -45.74327 -2.0330946 -4.7037277 0.8780273 -0.038896307 -0.47168544 0.07128262
seq3/frame00017.png -44.852135 -1.936862 -4.6509867 0.8833013 -0.048126914 -0.45987225 0.07766639
seq3/frame00018.png -44.24045 -1.7561498 -3.9218225 0.89098126 -0.051413447 -0.44615966 0.06664198
seq3/frame00019.png -43.85272 -1.7274106 -4.017786 0.891676 -0.03588078 -0.44721517 0.05958559
seq3/frame00020.png -42.868355 -1.6069379 -3.9727316 0.90145904 -0.03926045 -0.428686 0.04515838
seq3/frame00021.png -42.034073 -1.5897229 -3.7569265 0.8911296 -0.04850668 -0.44778574 0.05532531
seq3/frame00022.png -41.01863 -1.5041819 -3.7368755 0.89448977 -0.050779298 -0.44181755 0.04649479
seq3/frame00023.png -40.396084 -1.4772182 -3.8222027 0.8856866 -0.043885607 -0.45666334 0.06998092
seq3/frame00024.png -39.062344 -1.3954227 -3.6010256 0.8935977 -0.06172612 -0.44075632 0.05805538
seq3/frame00025.png -38.803085 -1.372381 -3.260335 0.8894371 -0.04824177 -0.45093134 0.058448274
seq3/frame00026.png -37.94287 -1.2703481 -3.1921167 0.90213394 -0.061967712 -0.42356172 0.053329892
seq3/frame00027.png -36.473866 -1.1700704 -2.5941715 0.9092343 -0.055038538 -0.41185006 0.028706009
seq3/frame00028.png -35.852486 -1.1083739 -2.7032108 0.91351885 -0.06244122 -0.40088454 0.029015101
seq3/frame00029.png -35.615673 -1.258959 -2.9796658 0.90818924 -0.04399688 -0.41175395 0.06051902
seq3/frame00030.png -34.596622 -1.2188182 -2.8535452 0.91867954 -0.047021408 -0.38742253 0.0607621
seq3/frame00031.png -34.29454 -1.055635 -2.3049765 0.9196763 -0.0388654 -0.3875814 0.04979981
seq3/frame00032.png -33.171047 -1.131129 -2.6999693 0.9234179 -0.058363073 -0.37637466 0.047856368
seq3/frame00033.png -33.030098 -1.1696539 -2.710863 0.9270832 -0.036085557 -0.3665007 0.06982153
seq3/frame00034.png -31.711315 -1.193584 -2.801961 0.92935544 -0.048530843 -0.35902438 0.071550556
seq3/frame00035.png -31.429083 -1.1147914 -2.730382 0.9322473 -0.04162674 -0.3542495 0.060289167
seq3/frame00036.png -30.151527 -1.1840253 -2.9224415 0.9187211 -0.052811176 -0.38522393 0.06915961
seq3/frame00037.png -29.642391 -1.0808499 -2.8298473 0.9122677 -0.05974986 -0.4008209 0.059786323
seq3/frame00038.png -28.336975 -1.1156676 -3.1263037 0.916257 -0.056857638 -0.39330027 0.050881308
seq3/frame00039.png -28.220297 -1.1135459 -3.14565 0.9149221 -0.05510924 -0.39695033 0.047312777
seq3/frame00040.png -27.26452 -0.9693613 -2.2887363 0.9216835 -0.0541574 -0.37985656 0.056991167
seq3/frame00041.png -26.742895 -0.95096445 -2.3536692 0.91780084 -0.063803874 -0.38886335 0.048573334
seq3/frame00042.png -25.61492 -0.8471575 -2.2123804 0.9243744 -0.051865514 -0.37589607 0.040007535
seq3/frame00043.png -25.423424 -0.92699575 -2.535489 0.93324155 -0.048481867 -0.35364592 0.039232515
seq3/frame00044.png -23.692614 -0.9207747 -2.6914444 0.9355185 -0.06927623 -0.34288365 0.04923628
seq3/frame00045.png -23.152218 -0.6877091 -1.8281069 0.93374115 -0.038534895 -0.35438457 0.030396936
seq3/frame00046.png -21.78255 -0.6914048 -1.9409676 0.9434523 -0.05834706 -0.32254338 0.04920034
seq3/frame00047.png -21.431705 -0.65113115 -1.8464909 0.9465536 -0.044978097 -0.3173045 0.03536241
seq3/frame00048.png -18.655012 -0.45025325 -1.2870493 0.95082295 -0.046226453 -0.302982 0.043849003
seq3/frame00049.png -19.227106 -0.14184809 -0.12500572 0.94625705 -0.03890497 -0.31783545 0.04474115
seq3/frame00050.png -18.530474 -0.28594851 -0.6223097 0.9535207 -0.042448033 -0.29294026 0.055685624
seq3/frame00051.png -17.589264 -0.18053007 -0.028553009 0.95486516 -0.05427956 -0.28885588 0.04394087
seq3/frame00052.png -16.200943 -0.051115036 0.21269989 0.9617401 -0.080424525 -0.25699365 0.04908242
seq3/frame00053.png -15.623402 -0.027256489 0.5453911 0.97669035 -0.06861149 -0.20200413 0.024319401
seq3/frame00054.png -14.110511 -0.18511105 -0.22503471 0.9845481 -0.053452272 -0.16525975 0.020998187
seq3/frame00055.png -14.100192 0.025105953 0.25619507 0.97766423 -0.021985628 -0.20718783 0.026698334
seq3/frame00056.png -12.588749 -0.09188914 -0.123078346 0.9908422 -0.017212193 -0.1308113 0.02931154
seq3/frame00057.png -12.307927 0.09513664 0.5167551 0.99040824 -0.010474497 -0.13534941 0.024017688
seq3/frame00058.png -11.432774 -0.036836386 0.15644455 0.98814446 -0.011173048 -0.15107074 0.022582956
seq3/frame00059.png -11.503633 0.10683823 0.4943962 0.98685694 0.00053620245 -0.16026859 0.023633594
seq3/frame00060.png -10.694002 0.22582221 0.7201681 0.9908183 -0.0081611145 -0.13374649 0.016703757
seq3/frame00061.png -10.035963 0.24090219 0.78069115 0.9908616 -0.0054648696 -0.12990817 0.033606257
seq3/frame00062.png -9.243445 0.3030672 0.923481 0.9911211 0.0025632936 -0.13265099 0.0128223365
seq3/frame00063.png -8.866387 0.33841586 1.290556 0.9909973 0.009536171 -0.13199025 0.019064793
seq3/frame00064.png -7.492857 0.49208713 1.5747976 0.9961714 -0.007801266 -0.08327354 0.025348546
seq3/frame00065.png -7.197975 0.39245224 1.4456587 0.9968788 -0.010473248 -0.07006363 0.03620642
seq3/frame00066.png -5.2824936 0.37748933 2.2984219 0.99620664 -0.056596745 -0.057735663 0.03337303
seq3/frame00067.png -5.169156 0.6052189 2.2769585 0.9983037 -0.018472662 -0.043016043 0.036236007
seq3/frame00068.png -4.149046 0.7444279 2.4930582 0.99907213 -0.027702413 0.031571012 0.006107904
seq3/frame00069.png -4.530468 0.7022221 2.5278301 0.99760145 -0.0051625883 0.06903038 -0.0017667012
seq3/frame00070.png -3.991788 0.7587917 2.5340233 0.9962759 -0.008222946 0.0795784 -0.030129114
seq3/frame00071.png -3.021881 0.7893121 2.8555946 0.9978477 0.008484247 0.061862484 -0.01871953
seq3/frame00072.png -2.0523825 0.8303244 2.8866873 0.9990609 -0.010509535 0.03818689 -0.01702654
seq3/frame00073.png -0.4622078 0.8168075 2.7225714 0.9995423 -0.0035170238 0.029700823 0.0025129907
seq3/frame00074.png 0.11949062 0.70631385 2.2206097 0.9992973 0.0037419081 0.037842467 0.0037182418
seq3/frame00075.png 0.56479836 0.9879966 3.2035275 0.99867517 -0.018527795 0.047239333 -0.0020034844
seq3/frame00076.png 1.7934151 0.80406165 2.8781195 0.99797994 -0.015341838 0.061428525 -0.014119157
seq3/frame00077.png 2.2538662 1.1088483 3.8555222 0.99899113 -0.0056762225 0.03950602 0.022160834
seq3/frame00078.png 3.0221481 0.9550922 3.2945747 0.997096 -0.0061087916 0.0748156 0.007740173
seq3/frame00079.png 3.3784828 1.2001967 4.431897 0.9958873 -0.0073409365 0.09025266 -0.005129993
seq3/frame00080.png 3.9738731 1.2444525 4.5034733 0.98829883 -0.0065100384 0.15116113 -0.016208706
seq3/frame00081.png 4.8127823 1.1055923 4.2416363 0.9836655 0.00017871568 0.17456111 -0.04524467
seq3/frame00082.png 5.664447 1.1051729 3.9486675 0.98220813 -0.011540449 0.18232028 -0.04228713
seq3/frame00083.png 5.9563875 1.1045527 3.765541 0.9828977 0.008005862 0.17820503 -0.045742903
seq3/frame00084.png 7.1131763 1.1109991 3.7677107 0.9798409 -0.00044570453 0.19470875 -0.044981394
seq3/frame00085.png 7.7951403 1.071559 3.5356216 0.9827183 0.0010852877 0.18025608 -0.04106164
seq3/frame00086.png 9.217644 1.3045382 4.217228 0.97184956 0.0043260534 0.22579513 -0.06601933
seq3/frame00087.png 10.157809 1.3577096 4.886675 0.96919537 -0.01036664 0.23546273 -0.0717669
seq3/frame00088.png 10.814239 1.4319015 4.357771 0.95843685 -0.033235617 0.27552998 -0.066395536
seq3/frame00089.png 11.824487 1.5506196 4.7707767 0.9558813 -0.032162163 0.28194466 -0.07562103
seq3/frame00090.png 12.481499 1.6152658 4.8202915 0.9461598 -0.05623213 0.31238517 -0.06315434
seq3/frame00091.png 13.713647 1.6013932 5.2733727 0.95399225 -0.02512791 0.29259962 -0.060587358
seq3/frame00092.png 13.75073 1.7273588 5.548582 0.94773495 -0.043962333 0.30729738 -0.07314217
seq3/frame00093.png 15.627362 1.610156 5.5125732 0.9424614 -0.050748102 0.32269165 -0.0708254
seq3/frame00094.png 16.269932 1.5562744 4.980504 0.95065033 -0.07607327 0.29078698 -0.07599942
seq3/frame00095.png 16.77554 1.5815272 5.1865835 0.94843554 -0.09581479 0.29496324 -0.06617511
seq3/frame00096.png 17.589985 1.6949701 5.3014107 0.9497744 -0.0716164 0.29758525 -0.064106956
seq3/frame00097.png 18.694431 1.7697158 5.705884 0.9469685 -0.07687695 0.30777603 -0.05016671
seq3/frame00098.png 19.582777 1.847353 6.211072 0.9438488 -0.08754604 0.31277564 -0.061288133
seq3/frame00099.png 20.769226 1.8229804 6.139332 0.9588812 -0.079653285 0.26728228 -0.053939447
seq3/frame00100.png 21.968607 1.6738086 5.342655 0.95858747 -0.08571037 0.2683913 -0.03978495
seq3/frame00101.png 22.806099 2.0268779 6.4121084 0.9503954 -0.06955767 0.30111817 -0.03627308
seq3/frame00102.png 23.922604 1.654119 5.891362 0.9557335 -0.085530244 0.27921268 -0.036358584
seq3/frame00103.png 25.55585 1.8423948 6.257573 0.9600057 -0.08677514 0.26290333 -0.042133518
seq3/frame00104.png 25.412024 2.0596895 6.8210564 0.949486 -0.096627705 0.2962907 -0.03702951
seq3/frame00105.png 25.092705 2.493289 7.933011 0.94279826 -0.06336771 0.31836778 -0.0763827
seq3/frame00106.png 26.068474 2.4462428 8.143639 0.92859477 -0.0967923 0.35086256 -0.07281189
seq3/frame00107.png 26.43726 2.4853044 7.9337826 0.93298733 -0.082957655 0.3411866 -0.07958748
seq3/frame00108.png 27.219038 2.4098063 7.899371 0.93996584 -0.104911335 0.31529656 -0.07766148
seq3/frame00109.png 28.248116 2.247754 7.71807 0.93686604 -0.08276828 0.33231178 -0.07084244
seq3/frame00110.png 29.370737 2.1377025 7.5549116 0.940726 -0.09100724 0.32450318 -0.03934384
seq3/frame00111.png 30.305824 2.2887135 7.530344 0.94983435 -0.083886474 0.298242 -0.042201135
seq3/frame00112.png 30.931395 2.0838146 7.4325256 0.9486434 -0.085069105 0.30270338 -0.03487825
seq3/frame00113.png 31.482492 2.4516869 8.329623 0.9378855 -0.08812804 0.32877448 -0.066539645
seq3/frame00114.png 31.839949 2.4738212 8.82819 0.9375739 -0.09759168 0.3288786 -0.05722111
seq3/frame00115.png 32.641064 2.752633 9.674939 0.918419 -0.07248164 0.38016587 -0.081681475
seq3/frame00116.png 33.567608 2.6721568 9.221859 0.92016774 -0.08158464 0.37698004 -0.066280924
seq3/frame00117.png 33.171238 2.4621634 8.349848 0.9366751 -0.07749639 0.3389097 -0.042678393
seq3/frame00118.png 34.53264 2.4994283 8.9804735 0.9351975 -0.09179065 0.3368353 -0.060717847
seq3/frame00119.png 35.192585 2.6586123 9.184963 0.94626945 -0.09450709 0.3068755 -0.038764033
seq3/frame00120.png 35.909073 2.5894775 9.054688 0.9322946 -0.09390393 0.34714442 -0.040710814
seq3/frame00121.png 36.408066 2.4618764 8.942771 0.9326979 -0.08628206 0.34849608 -0.03262009
seq3/frame00122.png 37.329765 2.8241277 9.671932 0.92204875 -0.096618995 0.37108478 -0.052088786
seq3/frame00123.png 38.190678 2.423079 8.939642 0.92720246 -0.08848903 0.36103117 -0.045498893
seq3/frame00124.png 38.984734 2.871089 9.620831 0.9359353 -0.10727142 0.3323646 -0.04356361
seq3/frame00125.png 39.921165 2.8712592 9.565776 0.9430962 -0.11275659 0.30779803 -0.054224115
seq3/frame00126.png 39.01365 2.682939 9.437886 0.9397185 -0.11286054 0.31930506 -0.047003552
seq3/frame00127.png 40.18175 2.65839 9.830884 0.9502584 -0.09958818 0.29352564 -0.031445354
seq3/frame00128.png 40.745724 2.8828168 9.99119 0.9367886 -0.088711165 0.3367078 -0.035563234
seq3/frame00129.png 42.241604 2.8535209 9.800886 0.9285407 -0.07036441 0.36321476 -0.02943237
seq3/frame00130.png 43.47333 2.9456887 10.294405 0.91297144 -0.073598675 0.39820683 -0.051368266
seq3/frame00131.png 43.79216 3.023736 10.557353 0.9153743 -0.09273306 0.38760465 -0.056736678
seq3/frame00132.png 45.38364 3.4566307 11.798628 0.9049693 -0.10013552 0.4064361 -0.07680875
seq3/frame00133.png 45.244938 3.217853 11.182833 0.91306686 -0.10008379 0.38874814 -0.07164698
seq3/frame00134.png 46.20988 3.3441548 12.219596 0.903337 -0.12908399 0.40254766 -0.07352258
seq3/frame00135.png 46.867294 3.159037 11.028011 0.91938055 -0.12036616 0.36900288 -0.06452942
seq3/frame00136.png 46.76544 3.3734336 11.975313 0.911497 -0.12718882 0.3860729 -0.06272557
seq3/frame00137.png 48.346603 3.6176171 12.746579 0.9197014 -0.11123398 0.37170234 -0.059904747
seq3/frame00138.png 48.84884 3.762855 12.894013 0.91915023 -0.12122103 0.36734256 -0.074604094
seq3/frame00139.png 48.966312 3.6528063 12.563439 0.92229915 -0.11647901 0.36170483 -0.070292026
seq3/frame00140.png 50.109974 3.7290664 13.2547655 0.90453756 -0.120982744 0.40156424 -0.07702144
seq3/frame00141.png 50.810417 3.8708186 13.782312 0.89293206 -0.09883109 0.4349146 -0.060159825
seq3/frame00142.png 51.429222 3.7778082 13.499666 0.8909143 -0.08105036 0.44407576 -0.05031949
seq3/frame00143.png 51.175365 3.7516603 13.351637 0.9055388 -0.087983675 0.41145116 -0.05331436
seq3/frame00144.png 53.04488 3.698986 13.093327 0.90195036 -0.09383091 0.4179642 -0.05581537
seq3/frame00145.png 52.480747 3.61122 12.998652 0.92437047 -0.08482281 0.37119654 -0.02504531
seq3/frame00146.png 54.542725 3.7894287 13.036404 0.91744095 -0.1122046 0.37795222 -0.05225409
seq3/frame00147.png 56.043873 3.6776757 12.992395 0.9266991 -0.10856891 0.35560358 -0.053065896
seq3/frame00148.png 56.627476 3.812951 13.8124075 0.9288863 -0.09083312 0.35379308 -0.060915582
seq3/frame00149.png 56.236065 3.7928686 13.218167 0.93024087 -0.09227158 0.35092002 -0.054873202
seq3/frame00150.png 57.392666 4.146123 14.51987 0.9258963 -0.08691183 0.3628862 -0.058518104
seq3/frame00151.png 55.738277 3.8623247 13.342999 0.9359844 -0.082977995 0.3379015 -0.052571476
seq3/frame00152.png 43.849365 2.5977793 9.017904 0.94305503 -0.06448033 0.32368177 -0.041062754
seq3/frame00153.png 46.62578 2.708711 11.102178 0.93960696 -0.09539115 0.32141936 -0.06856274
seq3/frame00154.png 51.994465 3.2109852 13.291799 0.9366808 -0.08839632 0.33761534 -0.0298618
seq3/frame00155.png 47.6568 3.0911264 12.400473 0.9344565 -0.10021225 0.3339325 -0.07260892
seq3/frame00156.png 52.38893 3.7275438 14.255694 0.93632627 -0.10752985 0.33249813 -0.030634789
seq3/frame00157.png 55.05503 4.521921 13.853283 0.93252176 -0.09741302 0.3457557 -0.036388945
seq3/frame00158.png 53.847076 4.2205896 15.230717 0.9387798 -0.08458318 0.33273143 -0.030326834
seq3/frame00159.png 65.83642 5.1301746 17.359154 0.9279799 -0.08653431 0.36086103 -0.032880727
seq3/frame00160.png 66.0948 5.4102154 17.802738 0.9138473 -0.07453652 0.39391255 -0.06506193
seq3/frame00161.png 66.5965 5.281061 17.787151 0.8916057 -0.07162771 0.4440765 -0.05242452
seq3/frame00162.png 66.648224 5.242311 17.378286 0.89237636 -0.058846038 0.44368857 -0.058234137
seq3/frame00163.png 66.01609 4.9053445 16.956554 0.90042526 -0.06758471 0.42652294 -0.053265188
seq3/frame00164.png 70.414375 5.072701 17.8038 0.92642725 -0.076664835 0.35933042 -0.08254524
seq3/frame00165.png 69.07971 5.081173 17.034267 0.90800714 -0.066905335 0.4036708 -0.089908324
seq3/frame00166.png 69.3894 5.1283755 16.95212 0.9019459 -0.06381633 0.41726607 -0.091283396
seq3/frame00167.png 70.35434 5.297689 18.011324 0.8781668 -0.06616925 0.4656606 -0.08699488
seq3/frame00168.png 71.65889 5.326318 17.716774 0.8685754 -0.061922047 0.47549382 -0.1253404
seq3/frame00169.png 71.21474 5.3935986 17.520601 0.8449357 -0.08335975 0.5130974 -0.12598237
seq3/frame00170.png 70.846436 5.116602 17.62333 0.8670965 -0.08714526 0.4781374 -0.10922879
seq3/frame00171.png 72.53959 5.4297023 17.960281 0.90115345 -0.107114755 0.3946604 -0.14407766
seq3/frame00172.png 72.55334 5.581592 18.534454 0.8865734 -0.11911712 0.42959774 -0.12309074
seq3/frame00173.png 72.47467 5.4609666 17.89088 0.8435678 -0.09230029 0.5118165 -0.1340228
seq3/frame00174.png 72.09751 5.439909 17.80878 0.8452792 -0.07189083 0.5169201 -0.11480698
seq3/frame00175.png 74.86351 5.4152946 18.322632 0.83616483 -0.08323552 0.5264797 -0.12910752
seq3/frame00176.png 73.66878 5.260306 18.002275 0.8495281 -0.072795436 0.5152043 -0.087550856
seq3/frame00177.png 75.46602 5.3363686 17.460943 0.839843 -0.07224763 0.5254052 -0.11568166
seq3/frame00178.png 76.2157 5.1733217 17.35076 0.85059845 -0.08006179 0.5066195 -0.115820006
seq3/frame00179.png 59.64847 3.4590707 14.329263 0.91122854 -0.07269541 0.3903445 -0.10924542
seq7/frame00001.png -59.185036 -2.2237878 -4.155039 0.8248275 -0.04088903 -0.55620843 0.093530566
seq7/frame00002.png -58.74326 -2.155179 -3.973052 0.8279439 -0.04261523 -0.55204153 0.08944078
seq7/frame00003.png -58.800343 -2.2872758 -3.8461914 0.82742155 -0.047817025 -0.5519684 0.09190081
seq7/frame00004.png -58.612286 -2.3316464 -4.977538 0.8364262 -0.03906281 -0.53811324 0.09541253
seq7/frame00005.png -57.940807 -2.3371139 -5.5691204 0.83217436 -0.013957361 -0.5446033 0.103252955
seq7/frame00006.png -57.286606 -2.5232654 -5.7518587 0.8347724 -0.023611717 -0.5395074 0.10686485
seq7/frame00007.png -56.91975 -2.4768138 -6.0273466 0.8325527 -0.019429581 -0.5433848 0.10571441
seq7/frame00008.png -56.461052 -2.7900677 -6.5611916 0.8555888 -0.020350497 -0.508834 0.092952766
seq7/frame00009.png -55.60128 -2.7281733 -7.092352 0.8453457 -0.011687348 -0.52365327 0.104479425
seq7/frame00010.png -54.60877 -2.8586512 -7.447874 0.84862304 -0.012302857 -0.5179453 0.10661219
seq7/frame00011.png -54.55097 -2.954422 -7.6681013 0.8530919 -0.017081345 -0.51165265 0.101592
seq7/frame00012.png -53.18841 -2.9993138 -8.163825 0.84408617 0.0016696578 -0.5222269 0.121146396
seq7/frame00013.png -53.245926 -2.949623 -7.9573593 0.8430454 -0.014630811 -0.5249831 0.116381414
seq7/frame00014.png -52.945393 -2.9650474 -8.401542 0.84226704 -0.011995436 -0.52613777 0.11693737
seq7/frame00015.png -52.466885 -3.1878443 -9.300195 0.8652148 0.0023218577 -0.49053785 0.10363987
seq7/frame00016.png -50.66846 -3.1205964 -8.678974 0.85621065 0.00496828 -0.50218105 0.12099464
seq7/frame00017.png -50.98888 -3.0603259 -8.364351 0.8590811 -0.021053514 -0.49675256 0.12159288
seq7/frame00018.png -49.992588 -3.2095919 -9.156018 0.86706376 0.0037501247 -0.48228958 0.1245445
seq7/frame00019.png -48.545475 -3.1392884 -8.798994 0.8653369 -2.7440181e-05 -0.48679802 0.119764894
seq7/frame00020.png -48.05809 -3.0177674 -9.19821 0.84719366 -0.0019221886 -0.5174644 0.120713286
seq7/frame00021.png -47.777073 -3.0441024 -8.662963 0.8652642 -0.014715787 -0.48541313 0.124266095
seq7/frame00022.png -46.12843 -3.056764 -8.972782 0.86715233 0.018633021 -0.48019165 0.1306631
seq7/frame00023.png -45.831017 -2.8629296 -8.294849 0.8695077 0.0030945558 -0.4782326 0.12397899
seq7/frame00024.png -45.41327 -2.5121555 -7.142537 0.8411934 0.0050358996 -0.52482384 0.13010277
seq7/frame00025.png -44.539375 -2.5848284 -7.2358694 0.8477717 -0.036619388 -0.5173681 0.11052809
seq7/frame00026.png -43.370724 -2.2816973 -6.6516933 0.836744 -0.04149919 -0.5372129 0.09874598
seq7/frame00027.png -42.51958 -2.2167773 -6.3668795 0.85209155 -0.042570055 -0.51144 0.103183985
seq7/frame00028.png -41.31994 -2.2742202 -6.543642 0.85523045 -0.032462407 -0.5046699 0.11290204
seq7/frame00029.png -41.566647 -2.1439238 -5.7901745 0.8740896 -0.044095606 -0.47279558 0.10299511
seq7/frame00030.png -40.321804 -2.0380018 -5.380082 0.88518226 -0.022436637 -0.45388365 0.09938898
seq7/frame00031.png -40.167713 -1.9165936 -4.834587 0.898366 -0.023567157 -0.42469934 0.10895466
seq7/frame00032.png -39.084583 -1.9502974 -5.2539005 0.87714577 -0.028004767 -0.46935868 0.09721312
seq7/frame00033.png -38.252335 -1.834903 -5.059902 0.88019764 -0.040760454 -0.46528023 0.084928215
seq7/frame00034.png -36.983566 -1.7619953 -4.931201 0.87698567 -0.03300896 -0.47281688 0.07933139
seq7/frame00035.png -36.59419 -1.6222277 -4.3475466 0.8909684 -0.037027612 -0.4469978 0.071032055
seq7/frame00036.png -35.359394 -1.5893266 -4.3371735 0.8930174 -0.021183047 -0.44304723 0.07569786
seq7/frame00037.png -34.895454 -1.6925278 -4.853875 0.8913384 -0.009570614 -0.44446486 0.088404216
seq7/frame00038.png -34.150448 -1.5470521 -4.4082947 0.8895964 -0.010582144 -0.4492826 0.081576064
seq7/frame00039.png -33.20498 -1.6368976 -4.747694 0.8863835 -0.008781081 -0.45410964 0.089231715
seq7/frame00040.png -32.15413 -1.7400463 -4.9586525 0.881379 -0.0060838116 -0.46467784 0.084820904
seq7/frame00041.png -31.250986 -1.7057154 -5.0685196 0.8916316 -0.0043923776 -0.4437596 0.08931064
seq7/frame00042.png -30.720028 -1.7486205 -5.3921795 0.88461965 -0.014988364 -0.45629805 0.094040126
seq7/frame00043.png -30.054962 -1.6341903 -4.7456217 0.90459543 -0.02008509 -0.41810256 0.08004712
seq7/frame00044.png -29.407185 -1.8106811 -5.1544724 0.9017401 -0.013153534 -0.42294556 0.088606246
seq7/frame00045.png -28.464025 -1.5893333 -4.5705633 0.9200738 -0.007949636 -0.38396597 0.07742898
seq7/frame00046.png -28.076439 -1.5181282 -4.2277384 0.92415047 0.0012058946 -0.37323526 0.08106297
seq7/frame00047.png -27.547094 -1.535408 -4.8772345 0.91836226 -0.002393926 -0.38488677 0.09171652
seq7/frame00048.png -26.608232 -1.3763139 -4.199318 0.93376434 0.006111746 -0.34786513 0.08413372
seq7/frame00049.png -25.811316 -1.3211789 -4.18314 0.93918 -0.007729049 -0.33402508 0.08007017
seq7/frame00050.png -25.062704 -1.3084807 -4.3804474 0.9286208 0.003877248 -0.36287212 0.07647863
seq7/frame00051.png -24.356274 -1.1291504 -3.4772081 0.9395553 -0.008629343 -0.33539206 0.068777174
seq7/frame00052.png -23.46949 -0.9929538 -2.8569498 0.94314164 -0.0016523013 -0.32547137 0.06654198
seq7/frame00053.png -22.76902 -1.1127322 -3.5198479 0.9481026 -0.0023202118 -0.3118558 0.062107738
seq7/frame00054.png -21.91555 -0.89851046 -3.108244 0.961415 0.009028218 -0.2676391 0.062534206
seq7/frame00055.png -21.482533 -0.9516461 -3.0590248 0.9581556 0.001911448 -0.27722085 0.07198135
seq7/frame00056.png -20.088408 -0.8103998 -2.4363422 0.9609868 -0.00039242848 -0.2653035 0.078381725
seq7/frame00057.png -18.416395 -0.597847 -1.532197 0.95624053 -0.002454602 -0.28713858 0.055291213
seq7/frame00058.png -17.752491 -0.46658063 -1.129487 0.9604954 4.8555055e-05 -0.2746263 0.044613663
seq7/frame00059.png -17.60339 -0.5092156 -1.4118118 0.96258706 -0.012463543 -0.26651964 0.048687804
seq7/frame00060.png -16.936586 -0.38066268 -0.97655106 0.9633351 -0.021634188 -0.2642669 0.040530946
seq7/frame00061.png -16.357748 -0.29068017 -0.56256104 0.95708966 -0.009864668 -0.28359333 0.058510926
seq7/frame00062.png -15.425599 -0.22468185 -0.4560709 0.96059155 -0.01512652 -0.27407265 0.04479678
seq7/frame00063.png -15.015598 -0.035242558 0.051984787 0.9655419 -0.01895925 -0.25571322 0.043445945
seq7/frame00064.png -13.481051 -0.122357845 0.09772205 0.97114986 -0.0155839585 -0.23061919 0.058911044
seq7/frame00065.png -13.080694 -0.12055206 -0.12062359 0.97105235 -0.007247289 -0.23439126 0.044944175
seq7/frame00066.png -12.504484 -0.14532161 -0.35338116 0.97249854 0.017742984 -0.23126796 0.02446515
seq7/frame00067.png -11.912309 -0.1129787 -0.2630663 0.9748029 0.008291925 -0.2213094 0.028042762
seq7/frame00068.png -11.329914 -0.08819628 -0.1067934 0.9834796 0.007378065 -0.17936549 0.020557895
seq7/frame00069.png -10.661322 -0.10749316 -0.24698734 0.9893345 0.019748185 -0.14270864 0.016563306
seq7/frame00070.png -9.750485 -0.067329645 -0.35834217 0.9979443 -0.0002903117 -0.06260917 0.0022475282
seq7/frame00071.png -9.159829 -0.04285121 -0.18619633 0.99875075 0.0046564247 -0.050233364 0.0067672613
seq7/frame00072.png -8.582355 0.08778691 0.41087914 0.99944675 -0.0068258685 -0.033373985 0.00571424
seq7/frame00073.png -7.690963 0.1071105 0.4327097 0.99993855 -0.003255545 0.0047399187 0.0012855128
seq7/frame00074.png -6.6105824 0.329072 1.1731968 0.9994996 -0.011659507 -0.02783331 0.0037603446
seq7/frame00075.png -5.9685345 0.31902385 1.2076902 0.9997858 0.0010033238 0.00025982386 -0.021169296
seq7/frame00076.png -5.541848 0.4142058 1.7043028 0.999668 -0.023328211 0.0004591324 -0.015481754
seq7/frame00077.png -5.241229 0.3717587 1.5302744 0.9996343 -0.008108618 -0.026252279 0.005101403
seq7/frame00078.png -4.4986916 0.5813916 2.2017612 0.99817926 -0.0036844267 0.06020499 -0.004229729
seq7/frame00079.png -4.667696 0.477978 1.9727974 0.99947053 0.023100305 -0.006299226 0.022391146
seq7/frame00080.png -3.1197443 0.5408597 2.0168304 0.99809974 -0.004031035 0.05916329 0.01919694
seq7/frame00081.png -2.170329 0.6440711 2.482808 0.99699795 -0.0070701 0.07212789 0.024446301
seq7/frame00082.png -2.107253 0.7444658 2.5549603 0.99737436 -0.014367285 0.063555 0.03159053
seq7/frame00083.png 0.31831932 0.69724035 2.05766 0.9926654 -0.008768761 0.12038416 0.0017220388
seq7/frame00084.png 0.3680544 0.8349223 2.794198 0.9897833 -0.017356321 0.14106378 0.00902782
seq7/frame00085.png 0.8814564 0.5755496 2.0068855 0.99119574 -0.0011414576 0.13191688 -0.006780035
seq7/frame00086.png 1.5069065 0.6955488 2.637169 0.9954303 -0.008141711 0.09447296 -0.0080587845
seq7/frame00087.png 1.7743092 0.5243366 2.044383 0.99883544 -0.0004370189 0.045921315 0.016671866
seq7/frame00088.png 2.797657 0.52872705 2.306425 0.9993109 0.002232191 0.0357863 0.010488631
seq7/frame00089.png 3.7855492 0.6076124 2.4567022 0.99739736 0.007550737 0.0705088 -0.0147746755
seq7/frame00090.png 3.8384914 0.31716466 1.9597626 0.9994377 0.022044534 0.025262382 0.002107052
seq7/frame00091.png 5.0468616 0.57110906 1.6974573 0.99810296 0.029663557 0.048041113 0.024106482
seq7/frame00092.png 5.2385073 0.6054623 1.8611965 0.99601007 0.046632357 0.07328012 0.02420507
seq7/frame00093.png 7.574561 0.609457 2.1070929 0.9893064 0.01531732 0.14425379 -0.018326974
seq7/frame00094.png 7.2988644 0.43266988 1.6569567 0.9953065 -0.0073065003 0.09118703 -0.030939927
seq7/frame00095.png 8.801056 0.48791122 1.1755323 0.99061644 -0.0066278134 0.13523872 -0.019909207
seq7/frame00096.png 8.78969 0.34971952 0.69430256 0.9936286 -0.008113895 0.107868776 -0.031209901
seq7/frame00097.png 9.146447 0.32260108 0.5795183 0.97907805 -0.027803773 0.19840686 -0.035316918
seq7/frame00098.png 9.256411 0.25313306 -3.33786e-05 0.97573304 -0.018047739 0.21031216 -0.05806476
seq7/frame00099.png 9.844696 0.31549692 0.38785553 0.96068895 -0.040438652 0.26611865 -0.06808371
seq7/frame00100.png 10.209147 0.0515306 -0.6989374 0.9646381 -0.052356485 0.24872774 -0.069639616
seq7/frame00101.png 10.446236 0.0071103573 -1.1911364 0.9593021 -0.05624247 0.26834252 -0.06699631
seq7/frame00102.png 11.39013 -0.092502594 -1.5923567 0.95999074 -0.040572323 0.27269074 -0.047906827
seq7/frame00103.png 11.402714 -0.13903546 -1.7263832 0.95633614 -0.05555954 0.28125417 -0.057628706
