seq2/frame00001.png 45.54385 3.0552564 10.603364 0.89185774 -0.07971081 0.44209644 -0.0524519
seq2/frame00002.png 45.60283 3.0528345 10.474386 0.8911046 -0.079658315 0.44383994 -0.050886627
seq2/frame00003.png 45.79636 3.3182683 10.826764 0.8887727 -0.07763542 0.44885015 -0.050732568
seq2/frame00004.png 45.429623 3.2660975 11.103522 0.8818787 -0.07331109 0.46329427 -0.046939775
seq2/frame00005.png 43.91835 3.3086424 10.746964 0.881671 -0.071857296 0.4628496 -0.05716393
seq2/frame00006.png 42.700214 3.3329782 10.803483 0.8964993 -0.07614934 0.4316377 -0.0632819
seq2/frame00007.png 40.57955 3.0197225 9.708656 0.8980638 -0.045611706 0.43074983 -0.07681524
seq2/frame00008.png 39.238018 2.9248796 9.76272 0.9032142 -0.049997427 0.4168057 -0.08877732
seq2/frame00009.png 37.880573 2.954092 9.3093 0.9012524 -0.07191294 0.41784844 -0.08900443
seq2/frame00010.png 36.126797 2.9375873 9.195964 0.89867526 -0.04689656 0.43127173 -0.064979404
seq2/frame00011.png 34.54686 2.6343055 8.437824 0.9011847 -0.06693189 0.42262077 -0.067812346
seq2/frame00012.png 32.87554 2.475253 7.8419237 0.9087385 -0.07495581 0.40849575 -0.04184361
seq2/frame00013.png 30.937305 2.6141238 7.9226475 0.89867526 -0.059826218 0.43100008 -0.053883497
seq2/frame00014.png 29.175692 2.41784 7.433304 0.91041607 -0.065448724 0.40479323 -0.054697033
seq2/frame00015.png 27.631735 2.2293854 6.904854 0.90186167 -0.062000453 0.42352173 -0.058997292
seq2/frame00016.png 25.14648 2.0181303 6.2445145 0.906452 -0.065600276 0.41046885 -0.07432005
seq2/frame00017.png 24.599827 1.8864579 5.6309032 0.91855866 -0.060358487 0.38379592 -0.07161289
seq2/frame00018.png 22.167706 1.5629115 5.6986322 0.916896 -0.04606863 0.39008352 -0.07034484
seq2/frame00019.png 21.156797 1.6692014 5.379628 0.92952335 -0.062051397 0.3570746 -0.06820729
seq2/frame00020.png 19.686485 1.4201851 4.0944424 0.93919116 -0.049861226 0.33403286 -0.063199796
seq2/frame00021.png 17.533932 1.3686304 4.2388315 0.9419167 -0.027122386 0.33021513 -0.05473886
seq2/frame00022.png 15.905147 0.9864378 3.9316893 0.93860614 -0.062361315 0.3369722 -0.03943914
seq2/frame00023.png 14.520199 0.8780532 3.5415945 0.94553846 -0.07607298 0.31604016 -0.01956491
seq2/frame00024.png 13.200912 0.7882061 3.2738285 0.954277 -0.07027559 0.28999275 -0.018258462
seq2/frame00025.png 11.548913 0.9629111 3.547655 0.94113874 -0.0472288 0.33243367 -0.037492823
seq2/frame00026.png 10.095121 0.5387845 2.765294 0.93306243 -0.05274805 0.34852472 -0.07210236
seq2/frame00027.png 9.7813635 0.8971348 4.037942 0.922206 -0.07961919 0.37142384 -0.07162749
seq2/frame00028.png 9.336652 1.2921867 3.9929352 0.95222807 -0.028318945 0.3004877 -0.045252625
seq2/frame00029.png 8.759952 0.7778251 3.785427 0.94010055 -0.06375544 0.33033368 -0.05336759
seq2/frame00030.png 7.8457584 0.78019524 4.0794983 0.951202 -0.09368287 0.28785023 -0.05851169
seq2/frame00031.png 7.2153797 0.70494294 3.2952986 0.957852 -0.0991178 0.260236 -0.07066644
seq2/frame00032.png 6.9054317 0.5445056 2.7463112 0.9640764 -0.09141886 0.24507092 -0.047094323
seq2/frame00033.png 5.16523 -0.5608759 -0.8229246 0.9296547 -0.06609674 0.35347888 -0.07970344
seq2/frame00034.png -24.917133 -4.701055 -20.462744 0.8504508 0.03742477 -0.522184 0.04967243
seq2/frame00035.png 4.294509 0.62136245 2.77732 0.9603339 -0.123298995 0.24678867 -0.040322427
seq2/frame00036.png 1.0860968 0.09268355 1.805193 0.96470934 -0.1275165 0.22668897 -0.040440064
seq2/frame00037.png 4.0029364 0.7172651 1.8986702 0.9734011 -0.10380479 0.20309497 -0.021666698
seq2/frame00038.png 3.2187147 0.81907225 2.9838476 0.9675522 -0.056048382 0.2450106 -0.024984427
seq2/frame00039.png 2.9768248 0.8834698 2.7513332 0.97734344 -0.056454852 0.20277534 -0.023126038
seq2/frame00040.png 1.8753681 0.6672468 1.8179836 0.9818295 -0.05147239 0.17853707 -0.036296424
seq2/frame00041.png 0.1864748 0.6238396 1.2127781 0.98518074 -0.043042026 0.16547716 -0.016831925
seq2/frame00042.png -1.3103333 0.42176867 0.68620205 0.9898163 -0.035456292 0.1377554 0.0059899935
seq2/frame00043.png -2.4370642 0.23640442 0.54703045 0.9867283 -0.060727216 0.15043402 0.0039781197
seq2/frame00044.png -3.9827385 0.13087797 0.00016117096 0.99412334 -0.049761426 0.09547072 0.0031815579
seq2/frame00045.png -5.300723 0.021131516 -0.23118973 0.9860477 -0.066293605 0.15189962 -0.015679738
seq2/frame00046.png -6.916994 -0.22316265 -0.29719257 0.9963924 -0.0777953 0.033553053 -0.0017776245
seq2/frame00047.png -8.339663 -0.3959794 -0.6720171 0.99761677 -0.0684615 0.0109743355 0.001432017
seq2/frame00048.png -10.238547 -0.035227776 -0.4655609 0.9978615 -0.04035424 -0.038198143 0.03304491
seq2/frame00049.png -12.022238 -0.3492067 -1.248332 0.9943075 -0.05734855 -0.08308404 0.033209063
seq2/frame00050.png -14.497089 -0.6456139 -1.2976551 0.9968211 -0.045998886 -0.0641076 0.008677411
seq2/frame00051.png -16.563099 -0.96780014 -3.032177 0.9862952 -0.037222777 -0.15873054 0.022711154
seq2/frame00052.png -17.990025 -0.9632499 -2.6939812 0.967426 -0.044242043 -0.24485329 0.04482563
seq2/frame00053.png -19.329605 -0.9971318 -3.1177845 0.96413976 -0.04143332 -0.2567663 0.05300236
seq2/frame00054.png -21.223892 -1.4119868 -3.9074001 0.95165104 -0.06662134 -0.29181913 0.06761545
seq2/frame00055.png -23.11382 -1.2008018 -3.6678667 0.9554914 -0.048619363 -0.28246978 0.069531515
seq2/frame00056.png -25.254883 -1.5728605 -3.980692 0.94113874 -0.07167818 -0.3225761 0.07030006
seq2/frame00057.png -26.517393 -1.6276515 -4.5778275 0.93508804 -0.056770407 -0.34346178 0.06528842
seq2/frame00058.png -28.862015 -1.9171724 -5.000078 0.9410739 -0.05679845 -0.32674918 0.06652699
seq2/frame00059.png -31.368479 -1.8708806 -5.4450865 0.9291293 -0.07889453 -0.3545984 0.068170525
seq2/frame00060.png -33.014675 -1.813894 -5.3052816 0.9210802 -0.07176474 -0.37770912 0.06174219
seq2/frame00061.png -34.769173 -1.912185 -5.768589 0.9061153 -0.06117895 -0.4121033 0.0727142
seq3/frame00001.png -55.27472 -2.5618806 -6.5050554 0.8344394 -0.022821272 -0.5335204 0.13550131
seq3/frame00002.png -54.67811 -2.4906998 -6.37547 0.8368497 -0.028134458 -0.5315461 0.12752585
seq3/frame00003.png -54.73775 -2.5316162 -6.292858 0.8383435 -0.030850895 -0.53030777 0.12285755
seq3/frame00004.png -54.737316 -2.509575 -6.2657585 0.84005266 -0.032550044 -0.53097254 0.10604194
seq3/frame00005.png -53.87072 -2.6484518 -6.6563396 0.8353532 -0.03978394 -0.5403894 0.09231774
seq3/frame00006.png -53.48503 -2.169619 -6.028013 0.8216879 -0.031364825 -0.5636383 0.07671291
seq3/frame00007.png -52.328777 -2.4272885 -6.1831474 0.8332316 -0.03779758 -0.54293734 0.09713099
seq3/frame00008.png -51.662094 -2.4401486 -6.3887615 0.8429539 -0.034601152 -0.5295795 0.087593496
seq3/frame00009.png -50.59524 -2.509597 -6.287444 0.8652498 -0.050103597 -0.49194947 0.08161536
seq3/frame00010.png -50.17251 -2.5119233 -6.265292 0.8655319 -0.04425194 -0.4924943 0.07938509
seq3/frame00011.png -49.18721 -2.4044688 -6.19335 0.87493026 -0.044184066 -0.47520527 0.08137507
seq3/frame00012.png -48.708317 -2.2650888 -5.7638884 0.8689804 -0.048253275 -0.4868875 0.073240325
seq3/frame00013.png -47.63133 -2.2413678 -5.8116293 0.8696825 -0.047437947 -0.48509082 0.077549964
seq3/frame00014.png -47.065186 -2.1432986 -5.6392555 0.87024385 -0.04875746 -0.48477796 0.0719943
seq3/frame00015.png -46.13809 -2.0818264 -5.435583 0.8790364 -0.042615216 -0.47062474 0.06313301
seq3/frame00016.png -45.46264 -2.0242252 -5.2889023 0.87861973 -0.03707589 -0.4711258 0.06712258
seq3/frame00017.png -44.632343 -1.9219935 -5.1719685 0.88815445 -0.04993034 -0.4503996 0.07487189
seq3/frame00018.png -44.038162 -1.8650599 -4.5749035 0.89554566 -0.05492373 -0.43714076 0.063264094
seq3/frame00019.png -43.448544 -1.9071164 -4.756117 0.896295 -0.03686185 -0.4384096 0.05497144
seq3/frame00020.png -41.937756 -1.6902204 -4.28121 0.9044972 -0.038573056 -0.42296246 0.038606796
seq3/frame00021.png -41.669483 -1.5841944 -4.1353083 0.896295 -0.050093982 -0.43759245 0.05096222
seq3/frame00022.png -40.860573 -1.590008 -4.28195 0.8963631 -0.051605225 -0.43810394 0.043485254
seq3/frame00023.png -41.150608 -1.7644627 -4.684229 0.8961588 -0.04774763 -0.43602437 0.06732429
seq3/frame00024.png -39.107944 -1.4752061 -4.158451 0.89697564 -0.06205749 -0.43426636 0.05596742
seq3/frame00025.png -38.934193 -1.6530967 -4.187151 0.8979278 -0.051617257 -0.43339804 0.057539437
seq3/frame00026.png -37.89429 -1.4576683 -3.7919502 0.9040247 -0.06591144 -0.4194027 0.05072902
seq3/frame00027.png -36.599934 -1.3292055 -3.2760324 0.91222435 -0.058260188 -0.40452608 0.027906932
seq3/frame00028.png -35.91985 -1.2900724 -3.2534218 0.9138288 -0.06578872 -0.3998084 0.025412772
seq3/frame00029.png -35.54138 -1.2984395 -3.4209404 0.91028196 -0.04180619 -0.40753493 0.058133066
seq3/frame00030.png -34.685497 -1.3523023 -3.5900564 0.91988665 -0.046395753 -0.38430345 0.062021352
seq3/frame00031.png -34.289337 -1.248878 -3.0625114 0.921875 -0.041023903 -0.3821504 0.049481925
seq3/frame00032.png -33.12696 -1.2946727 -3.4490623 0.92774874 -0.059291843 -0.36565223 0.045583177
seq3/frame00033.png -33.21603 -1.3694966 -3.3181581 0.9318187 -0.038400024 -0.35396796 0.069758676
seq3/frame00034.png -31.736975 -1.297863 -3.4984999 0.9333894 -0.047424737 -0.34866416 0.06949416
seq3/frame00035.png -30.983564 -1.2238815 -3.0692272 0.9339124 -0.04121403 -0.35029885 0.059505057
seq3/frame00036.png -30.414268 -1.3394327 -3.4576988 0.9245855 -0.05035182 -0.37192023 0.065699965
seq3/frame00037.png -29.540318 -1.1801052 -3.1464367 0.9169626 -0.05820043 -0.3900552 0.060122415
seq3/frame00038.png -28.446413 -1.1330447 -3.1357555 0.9182928 -0.055980902 -0.38869256 0.049857732
seq3/frame00039.png -27.718487 -1.1671584 -3.2580996 0.915697 -0.05638955 -0.3953934 0.04427513
seq3/frame00040.png -26.97306 -1.1277232 -2.8529568 0.9227353 -0.054338858 -0.3774285 0.055471607
seq3/frame00041.png -26.457006 -0.91702294 -2.7364435 0.92054987 -0.060518 -0.38296574 0.04770496
seq3/frame00042.png -25.88555 -0.97736 -2.7370462 0.93011415 -0.05143057 -0.36131003 0.041259296
seq3/frame00043.png -24.649136 -0.9796095 -2.6868706 0.9324735 -0.05007316 -0.35555217 0.03892943
seq3/frame00044.png -23.597527 -0.9562576 -2.7339067 0.93821585 -0.071299724 -0.33516073 0.04861197
seq3/frame00045.png -23.065403 -0.87362933 -2.317132 0.9373047 -0.042098615 -0.34447283 0.031118138
seq3/frame00046.png -21.978893 -0.80368805 -2.2793446 0.94353527 -0.061372485 -0.3216274 0.04803064
seq3/frame00047.png -21.39304 -0.7783308 -1.9631996 0.9488248 -0.05213712 -0.30928475 0.036071427
seq3/frame00048.png -19.407398 -0.7997627 -2.0872402 0.9569595 -0.05472349 -0.2819089 0.041784063
seq3/frame00049.png -19.538868 -0.45962715 -0.92707443 0.94946796 -0.046219863 -0.30727533 0.04367263
seq3/frame00050.png -18.806385 -0.3362496 -0.90849686 0.9548524 -0.043554198 -0.28905094 0.05348593
seq3/frame00051.png -17.939667 -0.5010977 -0.78102684 0.9577246 -0.059586935 -0.27824232 0.04213306
seq3/frame00052.png -17.033554 -0.2702155 -0.4704752 0.9651521 -0.08850284 -0.24100345 0.049097102
seq3/frame00053.png -15.991335 -0.2687254 -0.30430317 0.978654 -0.074278414 -0.19009288 0.02398379
seq3/frame00054.png -14.674339 -0.08981323 -0.07231712 0.98462296 -0.055402093 -0.16414516 0.019541828
seq3/frame00055.png -14.594453 -0.18018079 -0.19823837 0.9806477 -0.029657187 -0.19138688 0.026241787
seq3/frame00056.png -12.872001 -0.27641892 -0.42722988 0.9915414 -0.021075178 -0.12486601 0.02798482
seq3/frame00057.png -12.445522 0.048116207 0.32249165 0.99166447 -0.012682774 -0.1261738 0.024073036
seq3/frame00058.png -11.881903 -0.19199991 -0.05411911 0.98870575 -0.014673014 -0.14698479 0.02230082
seq3/frame00059.png -11.653547 -0.07808781 0.34714413 0.98808825 -0.008661446 -0.15133885 0.024052067
seq3/frame00060.png -10.727674 0.06398845 0.5489111 0.9912951 -0.016200902 -0.12936094 0.01823275
seq3/frame00061.png -9.685611 0.059969902 0.6362715 0.9904944 -0.015039352 -0.13254656 0.033506364
seq3/frame00062.png -9.110749 0.114305496 0.81816673 0.99043274 -0.009270671 -0.13705342 0.013399528
seq3/frame00063.png -8.915786 0.043514013 0.7651043 0.9906792 -0.0011830931 -0.13437012 0.02044662
seq3/frame00064.png -7.181649 0.42288184 1.4865093 0.9956571 -0.011187502 -0.088273995 0.02680403
seq3/frame00065.png -7.402852 0.35006404 1.3640766 0.997066 -0.011144912 -0.06712198 0.034066014
seq3/frame00066.png -7.017786 0.093963146 2.1480246 0.99473715 -0.07372173 -0.061404094 0.033923347
seq3/frame00067.png -5.217675 0.5039873 1.8844643 0.9983507 -0.021894326 -0.03972311 0.034862798
seq3/frame00068.png -4.38319 0.6431608 1.6088657 0.9992673 -0.022759901 0.030494146 0.0059762876
seq3/frame00069.png -5.1426334 0.639935 2.1245012 0.9966987 -0.007849859 0.08046584 -0.0017246917
seq3/frame00070.png -3.6906404 0.7981374 2.4218168 0.9975556 -0.0078086993 0.06384625 -0.028007304
seq3/frame00071.png -2.5989351 0.9055357 2.947401 0.99938947 0.011890042 0.029711744 -0.010943418
seq3/frame00072.png -2.3802395 0.8017366 2.3247967 0.9992673 -0.0073582204 0.03302896 -0.016751166
seq3/frame00073.png -0.93835354 0.72725606 2.418023 0.9993284 -0.011585387 0.034782883 0.0033171999
seq3/frame00074.png -0.37961483 0.7105992 2.2639313 0.9989008 -0.0005876325 0.046361387 0.004145411
seq3/frame00075.png 0.08088875 0.9084058 2.6248064 0.9985341 -0.018169334 0.050030615 -0.00013371042
seq3/frame00076.png 1.236165 0.79469585 2.5096865 0.99792266 -0.011517609 0.061513893 -0.012974034
seq3/frame00077.png 1.6165991 1.0842307 3.412407 0.99822843 5.3022857e-05 0.055380702 0.021346716
seq3/frame00078.png 2.5446348 1.0818522 3.0539637 0.99718845 0.001532572 0.07507069 0.009739603
seq3/frame00079.png 2.7875586 1.0720088 3.91465 0.9956571 -0.006737405 0.09296355 -0.0049596652
seq3/frame00080.png 3.5043201 1.1185644 3.8546638 0.98765576 -0.008605372 0.15573098 -0.018415805
seq3/frame00081.png 6.185848 1.14358 4.1674385 0.98919946 0.00086767826 0.14086467 -0.038270395
seq3/frame00082.png 6.4730997 1.1332567 3.8104944 0.98753214 -0.010852702 0.1528456 -0.03683622
seq3/frame00083.png 6.789192 1.1287401 3.9318047 0.9862952 0.01055883 0.15903996 -0.04090483
seq3/frame00084.png 7.3979273 1.3473582 4.0122614 0.9829479 0.007344312 0.17852022 -0.04254991
seq3/frame00085.png 9.215498 0.96022296 3.3974543 0.9877793 -0.002209968 0.15181871 -0.03424726
seq3/frame00086.png 10.016667 1.4512336 4.357048 0.97452915 0.008868074 0.21519807 -0.06325671
seq3/frame00087.png 10.655886 1.4890139 4.877228 0.9721463 -0.004952082 0.22357355 -0.06868561
seq3/frame00088.png 11.0451 1.6637771 4.348507 0.9614772 -0.026435705 0.2657298 -0.06490892
seq3/frame00089.png 11.774833 1.6422803 4.719574 0.9577246 -0.03462893 0.27594805 -0.0723328
seq3/frame00090.png 13.094429 1.5697441 4.351124 0.95049584 -0.0556575 0.2992373 -0.06161335
seq3/frame00091.png 13.299693 1.569107 4.9865656 0.9552359 -0.021455867 0.2889349 -0.06025334
seq3/frame00092.png 14.055407 1.8446269 5.3228903 0.9506243 -0.040208593 0.29894006 -0.07248783
seq3/frame00093.png 15.42511 1.7230239 5.044175 0.9449573 -0.04630323 0.31584698 -0.071227044
seq3/frame00094.png 15.927905 1.6050081 5.074107 0.9514586 -0.07688263 0.2889273 -0.07255257
seq3/frame00095.png 16.614063 1.6421127 5.0329857 0.9507527 -0.09555674 0.28772947 -0.06416457
seq3/frame00096.png 17.652431 1.8043613 5.355567 0.95216393 -0.07371675 0.28948247 -0.06430985
seq3/frame00097.png 17.968384 1.8065171 5.475395 0.94843876 -0.07680565 0.30374753 -0.046776798
seq3/frame00098.png 19.846684 1.9093742 5.6144753 0.94991773 -0.08574576 0.2944077 -0.059659
seq3/frame00099.png 21.280052 1.9455934 5.4591475 0.9650256 -0.07485305 0.24603157 -0.051198598
seq3/frame00100.png 21.666677 1.7945561 4.6668406 0.9617946 -0.07948322 0.2585981 -0.03967815
seq3/frame00101.png 23.908245 1.939436 5.5240355 0.957852 -0.06945574 0.27693087 -0.033110954
seq3/frame00102.png 25.054775 1.7328057 5.0456114 0.9653418 -0.08279506 0.24481289 -0.033921003
seq3/frame00103.png 25.688864 1.9108882 5.4546404 0.9671105 -0.081412986 0.23786475 -0.038347725
seq3/frame00104.png 26.188274 2.2139392 5.58302 0.95893466 -0.08936308 0.26694357 -0.03429881
seq3/frame00105.png 24.454517 2.835106 7.648471 0.94689304 -0.05646551 0.30733737 -0.075400144
seq3/frame00106.png 26.08582 2.8596783 7.859071 0.9305078 -0.091158405 0.34751377 -0.07066047
seq3/frame00107.png 26.451302 2.671772 7.4116697 0.93736976 -0.07973113 0.3302542 -0.07658941
seq3/frame00108.png 27.48002 2.591395 7.2602205 0.9443758 -0.102665 0.30246913 -0.07778239
seq3/frame00109.png 28.102905 2.516131 7.133609 0.94010055 -0.07605855 0.32462037 -0.07015046
seq3/frame00110.png 29.037436 2.264668 6.878483 0.94398797 -0.085961096 0.31630063 -0.036904838
seq3/frame00111.png 31.006166 2.3765783 6.901266 0.9569595 -0.08112853 0.27553087 -0.04060413
seq3/frame00112.png 31.186066 2.4413915 6.6582994 0.9527407 -0.07295141 0.29263848 -0.035755
seq3/frame00113.png 31.524416 2.7146292 7.725767 0.94301766 -0.08158365 0.31597885 -0.06449671
seq3/frame00114.png 31.41127 2.5299044 8.057823 0.93932116 -0.09493277 0.32514963 -0.054914482
seq3/frame00115.png 32.65875 3.1068525 9.37153 0.921875 -0.06578556 0.3732786 -0.08001192
seq3/frame00116.png 33.71566 3.195228 9.197828 0.9224707 -0.07225204 0.37330222 -0.06704156
seq3/frame00117.png 33.728218 3.0670338 8.457648 0.94003564 -0.0661622 0.33165506 -0.043282997
seq3/frame00118.png 34.948586 2.9779983 8.447496 0.93873614 -0.078412235 0.32977352 -0.06160497
seq3/frame00119.png 34.767075 2.8193007 8.583335 0.9501105 -0.08665984 0.29691756 -0.038230866
seq3/frame00120.png 36.670937 2.831534 8.469816 0.9392562 -0.08613422 0.32959092 -0.03904226
seq3/frame00121.png 37.210617 2.806004 8.750399 0.93834597 -0.07685123 0.33537444 -0.031591773
seq3/frame00122.png 36.11897 2.54275 8.707747 0.9250475 -0.09712339 0.36434466 -0.04593072
seq3/frame00123.png 37.603367 2.3379698 8.012502 0.93011415 -0.081993625 0.35487917 -0.04614807
seq3/frame00124.png 38.949463 2.678935 9.37632 0.93880117 -0.10376224 0.32584983 -0.042344388
seq3/frame00125.png 39.536785 2.941002 9.271537 0.94159263 -0.110325664 0.313216 -0.054457903
seq3/frame00126.png 39.853844 2.4606152 9.178591 0.9433412 -0.11445614 0.30810636 -0.045616254
seq3/frame00127.png 40.33298 3.0768723 8.741478 0.95963454 -0.0864676 0.26585844 -0.028497895
seq3/frame00128.png 41.425434 2.9950528 9.757407 0.9407496 -0.0851865 0.32647255 -0.033994716
seq3/frame00129.png 42.420498 2.837912 9.479796 0.9329316 -0.06859598 0.35210642 -0.02986252
seq3/frame00130.png 42.83426 3.2443762 9.955454 0.91669625 -0.06441776 0.39070117 -0.052699383
seq3/frame00131.png 43.83549 3.1271138 11.045548 0.9139623 -0.093994014 0.39080137 -0.055448953
seq3/frame00132.png 44.511375 3.4614177 11.915037 0.90186167 -0.10662488 0.4118813 -0.07383544
seq3/frame00133.png 44.54747 3.1042147 10.777022 0.91762793 -0.098607086 0.3789971 -0.066472486
seq3/frame00134.png 48.72228 3.0664194 12.475855 0.9095441 -0.14427622 0.38357344 -0.06879543
seq3/frame00135.png 46.43344 3.0298305 11.099448 0.9186915 -0.12735982 0.36872563 -0.061495796
seq3/frame00136.png 46.40281 3.338056 12.408318 0.90618265 -0.13049865 0.39779356 -0.059301116
seq3/frame00137.png 48.345966 3.7771544 12.80713 0.92008567 -0.10746494 0.37148374 -0.06138603
seq3/frame00138.png 48.40381 3.700983 12.598547 0.92028457 -0.12090509 0.3643733 -0.07454597
seq3/frame00139.png 49.333817 3.6678023 12.294938 0.9252454 -0.11593604 0.35423985 -0.07042743
seq3/frame00140.png 49.795418 3.8312802 13.239737 0.9053066 -0.12202897 0.40020108 -0.07286343
seq3/frame00141.png 50.299583 3.9691281 13.452803 0.8924734 -0.100805044 0.43618357 -0.056606665
seq3/frame00142.png 51.554276 3.9459534 13.587231 0.8926102 -0.07964361 0.4411767 -0.0476212
seq3/frame00143.png 51.857933 3.8547177 13.2158785 0.9096112 -0.08469731 0.4032726 -0.05344117
seq3/frame00144.png 52.659443 3.6911664 12.720329 0.9057784 -0.093697734 0.41010025 -0.050685555
seq3/frame00145.png 52.96597 3.8908806 12.604306 0.92781454 -0.07811825 0.36391592 -0.02526303
seq3/frame00146.png 53.906624 3.77309 12.639442 0.9210802 -0.109800704 0.37028748 -0.048425045
seq3/frame00147.png 56.24831 3.513743 11.26293 0.93149114 -0.10723025 0.34347755 -0.053479984
seq3/frame00148.png 56.758667 3.5673451 11.654684 0.92880076 -0.091013804 0.353541 -0.06375895
seq3/frame00149.png 56.20618 4.0335894 12.268834 0.93443507 -0.08746041 0.34108907 -0.05390344
seq3/frame00150.png 57.49198 4.268794 13.657678 0.9303766 -0.08433219 0.35228616 -0.05629526
seq3/frame00151.png 49.316635 3.552734 11.616601 0.93240803 -0.07835527 0.3479838 -0.057489987
seq3/frame00152.png 57.015533 4.4242406 14.595286 0.9429529 -0.061232388 0.32325006 -0.04969468
seq3/frame00153.png 50.9678 3.6917748 12.601657 0.94081444 -0.091051795 0.31814605 -0.07261113
seq3/frame00154.png 54.774555 3.536638 14.495737 0.93958104 -0.08821564 0.32921714 -0.031838506
seq3/frame00155.png 52.107357 3.36509 12.934548 0.94959646 -0.106599815 0.28615156 -0.07157003
seq3/frame00156.png 48.769573 2.8124986 11.794828 0.9515869 -0.10560715 0.28734896 -0.023106577
seq3/frame00157.png 50.8513 3.5400586 12.830396 0.9328007 -0.11277231 0.34077063 -0.030708127
seq3/frame00158.png 50.359478 3.7508125 13.243796 0.94424653 -0.08331968 0.31673113 -0.032174066
seq3/frame00159.png 66.200386 5.3588047 17.075197 0.9340431 -0.082171485 0.3464598 -0.0308905
seq3/frame00160.png 64.96751 5.488105 17.781069 0.9150302 -0.074040204 0.39181277 -0.060741317
seq3/frame00161.png 65.28357 5.2704363 17.789747 0.89117306 -0.06970423 0.44503865 -0.05323273
seq3/frame00162.png 65.715576 5.274185 17.586199 0.89315706 -0.058615565 0.44213665 -0.056872986
seq3/frame00163.png 65.51404 4.751528 16.811026 0.90395725 -0.06829644 0.4188938 -0.053138208
seq3/frame00164.png 69.88277 5.744611 17.026936 0.929589 -0.06688931 0.35205933 -0.085158706
seq3/frame00165.png 68.47633 5.3310747 17.953966 0.9053066 -0.06671142 0.41004428 -0.08895979
seq3/frame00166.png 69.89995 5.8166676 17.68283 0.8998969 -0.056951474 0.4217334 -0.09437794
seq3/frame00167.png 69.68136 5.547646 18.676584 0.87764674 -0.06291568 0.46705824 -0.08799069
seq3/frame00168.png 70.40263 5.55383 17.632946 0.86736345 -0.06102937 0.47794357 -0.123989485
seq3/frame00169.png 70.20176 5.674269 19.468058 0.8336709 -0.079704985 0.5324015 -0.12286892
seq3/frame00170.png 70.86975 5.064261 18.434835 0.8643323 -0.088737056 0.48230305 -0.11136045
seq3/frame00171.png 70.86492 6.0388145 16.521095 0.89424974 -0.10020382 0.41224763 -0.14295574
seq3/frame00172.png 72.13557 5.4057746 19.160162 0.88629705 -0.11789748 0.430133 -0.12431917
seq3/frame00173.png 71.24296 5.4910164 18.586802 0.835974 -0.093182355 0.5230496 -0.13722385
seq3/frame00174.png 69.634964 5.7151847 19.3448 0.83674026 -0.07098303 0.53059447 -0.11412084
seq3/frame00175.png 73.1711 6.0972996 18.532543 0.8317285 -0.07352568 0.5333513 -0.13506234
seq3/frame00176.png 72.43921 5.229469 18.743715 0.8437138 -0.07394161 0.5244727 -0.08628481
seq3/frame00177.png 74.40129 5.496424 17.48348 0.83772445 -0.07334907 0.5283682 -0.11660966
seq3/frame00178.png 75.5879 5.485932 17.424654 0.84865475 -0.07740603 0.5097682 -0.11758902
seq3/frame00179.png 65.135925 4.2297535 14.1830015 0.9207488 -0.059655607 0.36763662 -0.116137646
seq7/frame00001.png -59.679672 -2.1719441 -5.050909 0.8219106 -0.046110876 -0.5606637 0.08825812
seq7/frame00002.png -59.676987 -2.301579 -5.0221157 0.8235057 -0.04494224 -0.5585401 0.08838363
seq7/frame00003.png -59.26641 -2.0632844 -4.74907 0.82639116 -0.045288473 -0.55363554 0.091730975
seq7/frame00004.png -59.153862 -2.2146096 -5.2784452 0.8302964 -0.038078222 -0.54779714 0.09504854
seq7/frame00005.png -58.44186 -2.4750261 -5.670189 0.8349512 -0.012737721 -0.5403572 0.103363775
seq7/frame00006.png -57.824783 -2.4308672 -5.943308 0.8358645 -0.021577528 -0.5380143 0.10708441
seq7/frame00007.png -57.138195 -2.4895267 -6.0191507 0.8332316 -0.018752288 -0.54235137 0.10566475
seq7/frame00008.png -56.029198 -2.7254052 -6.7382746 0.8602269 -0.023298992 -0.50092393 0.091493115
seq7/frame00009.png -55.443325 -2.736895 -7.0382605 0.85037905 -0.011932437 -0.51591194 0.102924004
seq7/frame00010.png -54.39696 -2.7509985 -7.645132 0.85184914 -0.009511563 -0.51258546 0.107188694
seq7/frame00011.png -53.85322 -2.6718054 -7.163843 0.86185724 -0.012517112 -0.49742687 0.097693674
seq7/frame00012.png -53.003998 -2.7769074 -8.161837 0.84757525 0.0030064797 -0.5176186 0.11615454
seq7/frame00013.png -53.284847 -2.718595 -8.111891 0.8494814 -0.012196521 -0.5148764 0.114816144
seq7/frame00014.png -52.04703 -2.7748365 -8.602024 0.84789926 -0.013802927 -0.5172768 0.115354314
seq7/frame00015.png -51.080475 -3.1363113 -9.449775 0.8697527 0.0030350818 -0.48266572 0.10252611
seq7/frame00016.png -50.35356 -2.8958745 -8.480599 0.8609361 0.005529728 -0.4952651 0.11527355
seq7/frame00017.png -49.63505 -2.922924 -8.516237 0.869893 -0.023031326 -0.4782377 0.118542045
seq7/frame00018.png -49.295063 -3.2596302 -8.833836 0.86493236 -8.8208e-05 -0.48662588 0.121938735
seq7/frame00019.png -48.53938 -3.057951 -8.537102 0.8658492 0.00052868755 -0.48596957 0.11867273
seq7/frame00020.png -47.339153 -3.0682428 -8.6683445 0.84854686 0.0012767403 -0.514868 0.12181182
seq7/frame00021.png -46.598038 -2.938816 -8.371177 0.87632436 -0.012589065 -0.46609142 0.12132864
seq7/frame00022.png -45.746037 -2.9769456 -8.671768 0.8705243 0.01626624 -0.4731232 0.13475738
seq7/frame00023.png -45.021576 -2.8084562 -8.390891 0.8740229 0.005499305 -0.46927404 0.12618724
seq7/frame00024.png -44.94451 -2.581295 -7.1866846 0.83582795 0.0037972266 -0.532488 0.13356015
seq7/frame00025.png -43.93229 -2.5227058 -7.296627 0.8466746 -0.036152177 -0.5188901 0.11119588
seq7/frame00026.png -43.248432 -2.3129683 -6.7677994 0.829892 -0.04108458 -0.54703444 0.101456575
seq7/frame00027.png -42.417892 -2.2651865 -6.670767 0.8520641 -0.042495754 -0.5111668 0.10400984
seq7/frame00028.png -41.813065 -2.1828783 -6.2396984 0.8525295 -0.029066762 -0.5091695 0.11458462
seq7/frame00029.png -40.96023 -2.1354158 -5.903014 0.8752092 -0.042221874 -0.47017217 0.104990244
seq7/frame00030.png -40.295006 -1.9306071 -5.4846916 0.8890474 -0.021350868 -0.44624 0.09944287
seq7/frame00031.png -39.689796 -1.9954445 -5.1169252 0.90544146 -0.0290534 -0.4097136 0.10684371
seq7/frame00032.png -38.58414 -1.8473535 -5.193058 0.88021606 -0.02954798 -0.46347597 0.09718156
seq7/frame00033.png -37.95744 -1.8279619 -5.132725 0.881394 -0.039547347 -0.46327204 0.083202
seq7/frame00034.png -37.028385 -1.8393505 -4.8968716 0.8786892 -0.033335052 -0.46983823 0.07692872
seq7/frame00035.png -36.442917 -1.7482085 -4.5953617 0.8919261 -0.039608564 -0.4450735 0.06952562
seq7/frame00036.png -35.43824 -1.691848 -4.696619 0.8950684 -0.02254122 -0.4391468 0.073748015
seq7/frame00037.png -34.782234 -1.8977675 -5.387273 0.8951366 -0.014318913 -0.43706778 0.08632259
seq7/frame00038.png -33.830284 -1.7144411 -4.506963 0.89178926 -0.015245285 -0.44473115 0.080418445
seq7/frame00039.png -32.999916 -1.8181465 -4.776416 0.88753575 -0.013728059 -0.4522265 0.08706185
seq7/frame00040.png -32.148235 -1.7669823 -4.7606983 0.88450474 -0.0065382137 -0.45915857 0.0818053
seq7/frame00041.png -31.338844 -1.593548 -4.515025 0.8937718 -0.004763187 -0.440057 0.086761706
seq7/frame00042.png -30.739086 -1.395303 -4.2056932 0.89117306 -0.014459646 -0.44449073 0.090028204
seq7/frame00043.png -29.885136 -1.5182741 -4.199291 0.90618265 -0.018071959 -0.41570976 0.076564826
seq7/frame00044.png -29.117764 -1.5851715 -4.7475357 0.9024706 -0.00778604 -0.42147756 0.088732116
seq7/frame00045.png -28.339449 -1.4748096 -4.24693 0.9232643 -0.004858938 -0.37655115 0.07648695
seq7/frame00046.png -27.643875 -1.2744267 -4.0044613 0.9241894 0.008511141 -0.37300423 0.08136353
seq7/frame00047.png -27.219297 -1.341439 -4.512244 0.92213976 0.0030777708 -0.37608373 0.09057912
seq7/frame00048.png -26.331154 -1.1634841 -3.8212729 0.93325865 0.010635682 -0.34923622 0.083221555
seq7/frame00049.png -25.587168 -1.0807338 -3.585823 0.9382809 -0.0033012864 -0.3364385 0.0793935
seq7/frame00050.png -24.842398 -1.0972204 -3.9366245 0.92932636 0.00916191 -0.3608282 0.077432916
seq7/frame00051.png -24.15967 -0.90488625 -3.035698 0.93958104 -0.004409158 -0.33545327 0.06814301
seq7/frame00052.png -23.310343 -0.9709394 -2.6736574 0.94159263 -0.0041971724 -0.3300695 0.06478878
seq7/frame00053.png -22.62172 -0.84745145 -2.8621387 0.94850314 0.0032737516 -0.3104192 0.06257933
seq7/frame00054.png -21.81466 -0.64640975 -2.3344002 0.9605881 0.01199107 -0.2706777 0.06195088
seq7/frame00055.png -21.218084 -0.72872615 -2.6028728 0.95740587 0.005414813 -0.27986494 0.07012561
seq7/frame00056.png -20.223042 -0.62845993 -1.9292488 0.96141374 0.0016109267 -0.26498553 0.07478509
seq7/frame00057.png -18.694649 -0.5346172 -1.6675081 0.95963454 0.0022022366 -0.27590764 0.053696413
seq7/frame00058.png -18.020508 -0.47746897 -1.2165318 0.96230215 0.00056290743 -0.26867333 0.043288372
seq7/frame00059.png -17.821241 -0.5039036 -1.5837374 0.96496236 -0.012139191 -0.25743294 0.047011554
seq7/frame00060.png -17.280005 -0.4757011 -1.2191038 0.9661002 -0.022471212 -0.25365502 0.03973823
seq7/frame00061.png -16.90275 -0.40687275 -0.8274708 0.96211183 -0.008455194 -0.26568142 0.058474652
seq7/frame00062.png -16.617989 -0.41184044 -0.84936714 0.9645195 -0.016002025 -0.25976595 0.044596843
seq7/frame00063.png -14.799935 -0.30531168 -0.4855051 0.9636965 -0.027249634 -0.26195115 0.04281407
seq7/frame00064.png -13.608744 -0.21054888 -0.18367004 0.9715182 -0.018242666 -0.22880687 0.05770431
seq7/frame00065.png -13.028889 -0.13684678 -0.3744049 0.9696946 -0.0051317937 -0.24018918 0.04489385
seq7/frame00066.png -12.555445 -0.38166428 -0.7637625 0.975343 0.011211266 -0.21914867 0.02113577
seq7/frame00067.png -12.209758 -0.3018484 -0.5178766 0.9778429 0.003991836 -0.20747796 0.026894424
seq7/frame00068.png -11.368039 -0.27117157 -0.44932842 0.9848089 0.0045945034 -0.17260496 0.019313473
seq7/frame00069.png -10.696923 -0.3264544 -0.5175381 0.9904944 0.012416611 -0.13556598 0.015905894
seq7/frame00070.png -9.592894 -0.047664404 -0.30255604 0.9982895 -0.0005836934 -0.05840373 0.0004752659
seq7/frame00071.png -8.791382 -0.042577744 -0.1472807 0.9985341 0.0037171494 -0.054019008 0.006127757
seq7/frame00072.png -8.157586 0.08528519 0.22490978 0.9994505 -0.006998093 -0.031274814 0.004519085
seq7/frame00073.png -7.2082825 0.120173216 0.36992073 1.0 -0.0035905838 0.0002207756 0.0016355515
seq7/frame00074.png -6.681717 0.16691256 0.77881336 0.9996337 -0.017363232 -0.020355051 0.0023163697
seq7/frame00075.png -5.91572 0.27085948 0.83291054 0.9998169 -0.0004417513 -0.0006645943 -0.020938892
seq7/frame00076.png -5.12455 0.28785706 1.4660444 0.9995116 -0.027784565 -0.004551249 -0.014224323
seq7/frame00077.png -5.283368 0.39180756 1.4307947 0.9998169 -0.010259599 -0.017382944 0.0039374884
seq7/frame00078.png -4.8605137 0.6169176 2.1387053 0.99804497 -0.008164154 0.06170511 -0.0025016102
seq7/frame00079.png -4.246481 0.5060363 1.9562054 0.9995116 0.021204814 -0.006766763 0.022113156
seq7/frame00080.png -2.6323996 0.69361377 2.194975 0.9978003 -0.0014583959 0.062393107 0.019497845
seq7/frame00081.png -2.4349556 0.57676196 2.488284 0.9960248 -0.007832191 0.08223609 0.031336423
seq7/frame00082.png -1.4231596 0.66659784 2.3793993 0.9973108 -0.013563391 0.06389252 0.03181621
seq7/frame00083.png -0.033314705 0.7561033 2.3733635 0.9911104 -0.012181808 0.13215627 0.002205427
seq7/frame00084.png 0.42944336 0.75922203 2.7134914 0.9890761 -0.020672603 0.14551045 0.009559151
seq7/frame00085.png 1.2102051 0.692734 2.0847836 0.9910488 0.0013146056 0.13265717 -0.007421165
seq7/frame00086.png 1.9765282 0.7780211 2.7033253 0.9966987 -0.0072604497 0.08028213 -0.006359113
seq7/frame00087.png 2.1408339 0.691113 2.3824577 0.9979838 0.004511392 0.06089854 0.015044982
seq7/frame00088.png 3.5325775 0.5815823 2.340642 0.99902296 0.008438726 0.041590318 0.009217685
seq7/frame00089.png 3.955391 0.57544327 2.3636408 0.997066 0.0062075593 0.074957475 -0.014435206
seq7/frame00090.png 4.5065956 0.46882987 2.4538803 0.9994505 0.024297714 0.022687027 0.0023788172
seq7/frame00091.png 5.3079567 0.5055034 2.0578375 0.99743325 0.030435482 0.06168176 0.02281705
seq7/frame00092.png 5.6156225 0.26378036 1.7519054 0.9959635 0.033797313 0.080586515 0.02043006
seq7/frame00093.png 7.645914 0.4634583 1.785655 0.98919946 0.007940221 0.14487527 -0.017854892
seq7/frame00094.png 7.315325 0.56395626 1.755393 0.99473715 -0.0037497932 0.098663785 -0.030702047
seq7/frame00095.png 8.796064 0.12786007 0.80757046 0.9913567 -0.0146183865 0.12929134 -0.018108483
seq7/frame00096.png 9.056527 0.31027055 0.7125397 0.99406195 -0.006614864 0.10465588 -0.029157206
seq7/frame00097.png 9.38071 0.2829976 0.5505638 0.9808344 -0.027691366 0.19004366 -0.03357967
seq7/frame00098.png 9.601588 0.2884519 0.06366825 0.97678125 -0.019292554 0.20576641 -0.05661232
seq7/frame00099.png 9.998887 0.11296034 0.20503807 0.9626826 -0.04472949 0.25848636 -0.0651922
seq7/frame00100.png 10.393428 -0.095266104 -0.8949032 0.9633798 -0.057019714 0.25329423 -0.066032
seq7/frame00101.png 10.870962 -0.02697134 -1.1139383 0.96096927 -0.055844825 0.26263106 -0.066435814
seq7/frame00102.png 11.612752 -0.023797512 -1.4210176 0.95925283 -0.04379979 0.2752539 -0.046002906
seq7/frame00103.png 11.844117 -0.07382178 -1.5596399 0.9575971 -0.055914007 0.27725956 -0.05430463
