seq2/frame00001.png 45.615204 2.951981 10.345186 0.8905619 -0.07829253 0.44467235 -0.055102233
seq2/frame00002.png 45.13837 2.9890604 10.399605 0.8920637 -0.07743205 0.44255102 -0.048736848
seq2/frame00003.png 45.23857 2.9785814 10.387375 0.8896944 -0.07609609 0.4474834 -0.049110416
seq2/frame00004.png 45.05436 3.0586863 10.590994 0.8813937 -0.07141317 0.46450847 -0.0477206
seq2/frame00005.png 44.184433 3.2649016 10.822239 0.88108605 -0.07444399 0.4629446 -0.061869282
seq2/frame00006.png 42.914955 3.1916108 10.449215 0.8945086 -0.077588625 0.43472734 -0.06961644
seq2/frame00007.png 41.12355 2.7296467 9.0214 0.8943334 -0.049309276 0.43714705 -0.081479415
seq2/frame00008.png 39.1954 2.999093 9.837435 0.90296304 -0.04976318 0.41759405 -0.088297956
seq2/frame00009.png 37.739037 3.0000181 9.268862 0.90142983 -0.072356075 0.41791266 -0.08682114
seq2/frame00010.png 36.217087 3.0668344 9.352388 0.8983723 -0.05174781 0.43178633 -0.06172504
seq2/frame00011.png 34.737747 2.2578845 7.706373 0.89841586 -0.063628465 0.42895293 -0.069279805
seq2/frame00012.png 33.008602 2.5562396 7.9281425 0.9078576 -0.07678695 0.4100607 -0.04181531
seq2/frame00013.png 31.132923 2.510581 7.553854 0.8971696 -0.065279596 0.43322685 -0.05603409
seq2/frame00014.png 29.682646 2.307642 7.015127 0.90535176 -0.06965397 0.4142998 -0.06198548
seq2/frame00015.png 28.141916 2.2109036 6.8146935 0.8991607 -0.06311683 0.42899397 -0.05908041
seq2/frame00016.png 26.040705 2.1770906 6.237652 0.90127116 -0.07083743 0.42022738 -0.07811111
seq2/frame00017.png 24.507685 1.7603216 5.391924 0.91649073 -0.061942957 0.38832816 -0.073546164
seq2/frame00018.png 22.838268 1.7517767 5.5669136 0.9143156 -0.049392 0.39555487 -0.07157997
seq2/frame00019.png 20.968945 1.7397928 5.492487 0.93086445 -0.06279571 0.35275707 -0.07148798
seq2/frame00020.png 19.142282 1.4318533 4.679775 0.941087 -0.050725307 0.32828203 -0.06334913
seq2/frame00021.png 17.43423 1.340333 4.6593 0.94305456 -0.026073987 0.32715073 -0.05422777
seq2/frame00022.png 16.094357 1.1979604 4.0960903 0.93869776 -0.06495894 0.33588564 -0.04251685
seq2/frame00023.png 14.37603 1.085547 3.8968353 0.9464991 -0.078116335 0.31258607 -0.018088605
seq2/frame00024.png 12.84351 1.0763097 3.750164 0.95585006 -0.07447286 0.2837966 -0.016245553
seq2/frame00025.png 11.507675 0.72295 3.3429985 0.941427 -0.040650643 0.33307385 -0.033534672
seq2/frame00026.png 10.667269 0.7740922 4.2879887 0.9277995 -0.051717486 0.3622757 -0.07259206
seq2/frame00027.png 10.10981 1.0343823 3.9987774 0.9192469 -0.08590372 0.37697363 -0.07413857
seq2/frame00028.png 9.2055645 1.0316544 4.1321087 0.95307744 -0.026292592 0.298197 -0.045063064
seq2/frame00029.png 8.564615 0.5042057 4.113592 0.94289625 -0.057658724 0.32394207 -0.051804386
seq2/frame00030.png 7.589079 0.57229376 4.2901497 0.95241934 -0.09009834 0.28554896 -0.056933366
seq2/frame00031.png 7.17284 0.4159069 3.7325344 0.9606633 -0.090617724 0.25644305 -0.05613764
seq2/frame00032.png 5.981327 0.9311738 4.570709 0.9640498 -0.084501125 0.24880774 -0.039523575
seq2/frame00033.png 8.358347 0.31384802 1.0417118 0.9446852 -0.059283905 0.3143508 -0.07237986
seq2/frame00034.png -19.293337 -4.6202087 -19.321024 0.8266887 0.0838912 -0.55032504 0.08179541
seq2/frame00035.png 4.9122906 0.4116497 2.7211285 0.96956974 -0.111917496 0.21545683 -0.031421855
seq2/frame00036.png 0.8765774 -0.21726465 1.8860397 0.9648237 -0.13218586 0.22258233 -0.045816742
seq2/frame00037.png 3.6232224 1.2044468 3.0201416 0.9765093 -0.107988 0.1857615 -0.01615187
seq2/frame00038.png 3.2261448 0.9123111 2.2103596 0.9765602 -0.05553609 0.20685612 -0.021366738
seq2/frame00039.png 2.0257854 0.77646494 2.0839233 0.9789016 -0.056412004 0.19506018 -0.022821141
seq2/frame00040.png 1.3222008 0.57092905 0.91539764 0.9817129 -0.05149995 0.17996125 -0.03466207
seq2/frame00041.png -0.41886902 0.7503004 1.4716568 0.98743397 -0.04808854 0.14986266 -0.01423783
seq2/frame00042.png -1.5154762 0.37507057 0.7474232 0.990872 -0.037387233 0.12951773 8.186711e-05
seq2/frame00043.png -2.8640862 0.33199358 0.4692974 0.9874631 -0.061874364 0.14506845 0.00659134
seq2/frame00044.png -4.407242 0.46113968 0.29465294 0.99446166 -0.05628476 0.08859844 0.0053298348
seq2/frame00045.png -5.8315115 0.19682932 0.38937378 0.9875351 -0.06948393 0.14084181 -0.010489162
seq2/frame00046.png -7.3696985 -0.45273113 0.07750702 0.9973334 -0.0681632 0.025460554 -0.0056236605
seq2/frame00047.png -9.002801 -0.4212985 -0.35905647 0.9979443 -0.0639343 -0.00431221 0.0010356031
seq2/frame00048.png -10.756457 0.019553185 -0.45409012 0.99778974 -0.043180823 -0.04239087 0.027460247
seq2/frame00049.png -12.588727 -0.4289074 -1.2179718 0.9940491 -0.057726976 -0.08902139 0.024682952
seq2/frame00050.png -14.262999 -0.79694176 -1.1653309 0.99696016 -0.038067345 -0.06735412 0.009204827
seq2/frame00051.png -16.277271 -0.59491825 -1.590168 0.98679936 -0.046570424 -0.1536324 0.021337347
seq2/frame00052.png -17.82341 -0.86851263 -2.341423 0.9689033 -0.04549484 -0.23881498 0.04608727
seq2/frame00053.png -19.474339 -0.8456836 -2.4786282 0.96468997 -0.046332035 -0.2533527 0.055127162
seq2/frame00054.png -21.384743 -1.1639462 -3.1082497 0.9532351 -0.06897091 -0.28712475 0.064383954
seq2/frame00055.png -23.401106 -1.2249179 -3.2916164 0.9541132 -0.047954004 -0.28830808 0.065167375
seq2/frame00056.png -25.272957 -1.6843529 -3.5924034 0.9417407 -0.06750281 -0.32297993 0.06520622
seq2/frame00057.png -26.857342 -2.0727458 -4.4299183 0.93450993 -0.04449873 -0.34687936 0.066224575
seq2/frame00058.png -28.503845 -2.6934571 -5.3187256 0.94321305 -0.038334742 -0.32348892 0.06507323
seq2/frame00059.png -30.845657 -1.6979933 -4.867464 0.9350789 -0.08282197 -0.33916152 0.061134376
seq2/frame00060.png -32.93132 -1.7738931 -5.240183 0.92241067 -0.07282135 -0.3745934 0.05945917
seq2/frame00061.png -34.942707 -1.7595758 -5.3541985 0.908196 -0.06568277 -0.4068224 0.07322103
seq3/frame00001.png -54.590157 -2.6359613 -7.027527 0.8326966 -0.022540659 -0.53670466 0.13437426
seq3/frame00002.png -54.61912 -2.6345668 -6.9820604 0.8341511 -0.026413327 -0.53650665 0.12511982
seq3/frame00003.png -54.645103 -2.6441755 -6.8831625 0.8351049 -0.029936578 -0.5358725 0.12060006
seq3/frame00004.png -54.37738 -2.8763783 -7.0388937 0.8377456 -0.026650675 -0.5354825 0.103588745
seq3/frame00005.png -53.450695 -2.688754 -7.0532656 0.83394825 -0.038941864 -0.5429049 0.09092993
seq3/frame00006.png -53.112 -2.193715 -6.5848436 0.8213995 -0.031207385 -0.56433237 0.07653721
seq3/frame00007.png -52.249763 -2.7333422 -6.763836 0.83074814 -0.031811178 -0.5477147 0.09409649
seq3/frame00008.png -51.412323 -2.5410123 -6.3939896 0.84267986 -0.032358218 -0.5305846 0.08557803
seq3/frame00009.png -50.84196 -2.448898 -6.324253 0.86417884 -0.048933055 -0.4945688 0.07875426
seq3/frame00010.png -49.83652 -2.6650615 -6.664901 0.86447895 -0.04102318 -0.4949984 0.07726493
seq3/frame00011.png -49.29489 -2.4427724 -6.1203156 0.8768998 -0.041330487 -0.47257367 0.07754202
seq3/frame00012.png -48.36232 -2.3128119 -6.164501 0.8704041 -0.047038253 -0.48527458 0.068503484
seq3/frame00013.png -47.65479 -2.280928 -5.9475727 0.86951673 -0.045360394 -0.4861833 0.07422182
seq3/frame00014.png -46.859932 -2.2632828 -5.948141 0.86989444 -0.04433524 -0.48676383 0.06617436
seq3/frame00015.png -46.25174 -2.1140509 -5.5524597 0.8773396 -0.040714767 -0.4741389 0.0617241
seq3/frame00016.png -45.559097 -1.9573219 -5.306074 0.8783648 -0.03707287 -0.47188988 0.06648912
seq3/frame00017.png -44.741264 -1.8838959 -5.104166 0.8899018 -0.04991312 -0.447677 0.07189426
seq3/frame00018.png -43.821716 -1.9212463 -5.4160957 0.8945943 -0.055240095 -0.43949643 0.059097596
seq3/frame00019.png -42.896072 -1.9361296 -5.3832245 0.8967 -0.036658227 -0.43828776 0.049890958
seq3/frame00020.png -42.70249 -1.3194461 -4.2017784 0.90106606 -0.046333417 -0.4293867 0.039498918
seq3/frame00021.png -41.648094 -1.6404517 -4.663763 0.8958875 -0.05062605 -0.43865827 0.049005717
seq3/frame00022.png -40.794434 -1.7435129 -4.7140293 0.8966853 -0.048187807 -0.43835807 0.038414653
seq3/frame00023.png -40.08761 -1.7380936 -4.6223927 0.89648813 -0.043889605 -0.4365383 0.061782494
seq3/frame00024.png -39.179 -1.7049339 -4.7011433 0.8955316 -0.057588287 -0.43815985 0.052179728
seq3/frame00025.png -38.489136 -1.6555519 -4.5834084 0.8958814 -0.04871682 -0.43836948 0.05343631
seq3/frame00026.png -37.743782 -1.4281571 -4.1168575 0.90488493 -0.06323088 -0.41881582 0.04217064
seq3/frame00027.png -37.086414 -1.4449978 -3.9845467 0.90672874 -0.057199158 -0.41677466 0.02949832
seq3/frame00028.png -36.317604 -1.2816238 -3.86158 0.91010493 -0.06585095 -0.40843195 0.02357992
seq3/frame00029.png -35.52878 -1.4462054 -3.8727684 0.90983534 -0.040496003 -0.40907574 0.056716688
seq3/frame00030.png -34.811775 -1.4024959 -3.7712536 0.9186181 -0.044749442 -0.38774893 0.06155621
seq3/frame00031.png -34.110733 -1.2964425 -3.4407291 0.92192763 -0.041219518 -0.3819008 0.050022647
seq3/frame00032.png -33.093185 -1.1031754 -3.4708786 0.92768747 -0.06092733 -0.3659937 0.04162188
seq3/frame00033.png -32.49405 -1.3837991 -3.2624722 0.9349689 -0.03620328 -0.34596643 0.0694961
seq3/frame00034.png -31.673473 -1.1189466 -3.218338 0.9356747 -0.048839428 -0.34324896 0.06563247
seq3/frame00035.png -30.785269 -1.2589188 -3.2446709 0.93548846 -0.04122394 -0.34637046 0.05647581
seq3/frame00036.png -29.90509 -1.2433038 -3.175417 0.92918605 -0.049342867 -0.36172596 0.05773143
seq3/frame00037.png -29.343018 -1.0425143 -2.9397678 0.9207265 -0.059839338 -0.38134554 0.057075113
seq3/frame00038.png -28.568401 -1.1794386 -3.2345219 0.9184149 -0.055005256 -0.38905635 0.046083298
seq3/frame00039.png -27.710339 -1.1785946 -2.9047966 0.91835445 -0.05383198 -0.39022902 0.038060404
seq3/frame00040.png -26.93446 -1.2290807 -2.8238373 0.9255094 -0.04889733 -0.37259203 0.047081485
seq3/frame00041.png -26.101713 -1.0464673 -2.6431847 0.9246374 -0.056788202 -0.37460765 0.038599633
seq3/frame00042.png -25.234707 -1.0187955 -2.629137 0.9338538 -0.050647676 -0.351997 0.03807876
seq3/frame00043.png -24.447315 -0.91327286 -2.217966 0.9357388 -0.04937284 -0.3474627 0.034998942
seq3/frame00044.png -23.576252 -0.98214054 -2.3486767 0.9413375 -0.06756064 -0.3278268 0.042996738
seq3/frame00045.png -22.826109 -0.8017225 -1.8454342 0.94200796 -0.039484374 -0.33229548 0.025332076
seq3/frame00046.png -22.009163 -0.7568865 -2.1377983 0.9456144 -0.05971892 -0.31718346 0.0405177
seq3/frame00047.png -21.223637 -0.6982074 -1.6791611 0.94998246 -0.050993584 -0.3060069 0.035955135
seq3/frame00048.png -20.44783 -0.7256274 -1.5209942 0.9519918 -0.05128587 -0.29921344 0.03940411
seq3/frame00049.png -19.6918 -0.6084647 -1.4012852 0.94925946 -0.0410784 -0.30906814 0.041180983
seq3/frame00050.png -18.905798 -0.5028291 -1.4259834 0.9521543 -0.041646127 -0.29796785 0.05369302
seq3/frame00051.png -18.0647 -0.60995626 -1.0353184 0.9586752 -0.055116706 -0.2762893 0.039600313
seq3/frame00052.png -17.294638 -0.5892515 -1.3362026 0.96448654 -0.08195555 -0.24796227 0.039544374
seq3/frame00053.png -16.415644 -0.22095394 -0.7355881 0.97611177 -0.07360366 -0.20354801 0.018882396
seq3/frame00054.png -15.613468 -0.009630203 -0.545084 0.9806722 -0.057926666 -0.18629049 0.014914697
seq3/frame00055.png -15.080536 0.11567068 -0.43671608 0.9796456 -0.035210803 -0.19588615 0.026142204
seq3/frame00056.png -13.622398 -0.011270046 0.08977318 0.99079746 -0.025058346 -0.1308195 0.024057452
seq3/frame00057.png -12.86322 0.10162926 0.28343964 0.9910537 -0.014147454 -0.13142584 0.018432895
seq3/frame00058.png -12.409385 -0.13617992 0.108034134 0.98795 -0.015821083 -0.15265426 0.020023935
seq3/frame00059.png -11.986176 -0.09141016 0.24121094 0.98780537 -0.006678944 -0.15338942 0.025839409
seq3/frame00060.png -10.887448 0.07607365 0.5736599 0.9911671 -0.013360532 -0.13057777 0.018940542
seq3/frame00061.png -9.907125 0.1368022 0.77272797 0.9898667 -0.012574586 -0.13849604 0.028718546
seq3/frame00062.png -9.463873 0.12365389 0.776701 0.9896728 -0.0059394664 -0.14288482 0.009818121
seq3/frame00063.png -8.730233 0.14648199 0.99396324 0.9913782 0.0019104313 -0.13000149 0.016282897
seq3/frame00064.png -7.583951 0.469759 1.3045883 0.9952607 -0.011072357 -0.09375441 0.02331734
seq3/frame00065.png -7.3584423 0.27747297 1.3832455 0.9972584 -0.0105724735 -0.06782929 0.027623987
seq3/frame00066.png -3.0660439 0.39719677 5.258339 0.9930747 -0.0948051 -0.06461987 0.02527647
seq3/frame00067.png -5.752597 0.43685436 1.7081242 0.9980921 -0.021153998 -0.049690794 0.029924111
seq3/frame00068.png -4.47591 0.617342 1.7009392 0.99930125 -0.022813 0.029398223 0.003492466
seq3/frame00069.png -4.7209196 0.65616417 2.055481 0.99609256 -0.007638978 0.08797098 -0.0015487855
seq3/frame00070.png -3.4872456 0.37237978 1.8068733 0.99755263 -0.0010789029 0.06448672 -0.027002549
seq3/frame00071.png -2.4030838 0.73344755 2.0857525 0.99909705 0.012811994 0.036192793 -0.01819479
seq3/frame00072.png -2.0375595 0.7618184 2.1693058 0.9990075 -0.009235358 0.038989685 -0.019454928
seq3/frame00073.png -1.0214329 0.8504815 2.4657726 0.9992613 -0.011608402 0.036573756 0.0021014332
seq3/frame00074.png -0.32762146 0.7669425 2.4357128 0.9987512 -0.0034418209 0.049840894 2.0590187e-06
seq3/frame00075.png 0.31274605 0.834918 2.4988518 0.9984783 -0.017537354 0.05223809 -0.0021968181
seq3/frame00076.png 1.1402683 0.6661496 2.580412 0.99817383 -0.010398442 0.057703752 -0.014533829
seq3/frame00077.png 1.3290119 0.8516536 2.8321648 0.998103 0.0036561256 0.05819864 0.019747606
seq3/frame00078.png 2.5035534 0.94897175 2.7414951 0.9971388 0.0012769952 0.07538838 0.0054069394
seq3/frame00079.png 3.086195 0.6361728 3.4098148 0.99446523 -2.9705968e-06 0.10496264 -0.004670165
seq3/frame00080.png 4.0591316 0.793427 3.1779099 0.98580563 -0.0049106097 0.16660425 -0.020152135
seq3/frame00081.png 5.1213436 1.1960645 3.172617 0.98933506 0.012199278 0.13801944 -0.044922262
seq3/frame00082.png 6.30632 1.1452608 3.007162 0.9866758 -0.0011434623 0.15723163 -0.04180684
seq3/frame00083.png 6.847458 1.3060117 3.6462307 0.9861483 0.015174006 0.15901084 -0.044685837
seq3/frame00084.png 7.6742496 1.3231378 3.6305084 0.9826661 0.008656623 0.17924833 -0.046503317
seq3/frame00085.png 8.817619 1.3233328 3.5862408 0.98799074 0.013636289 0.14918102 -0.037860774
seq3/frame00086.png 9.409906 1.3691826 3.9065762 0.97608113 0.008877048 0.20679875 -0.066491775
seq3/frame00087.png 10.262178 1.3223033 4.3574963 0.97343934 -0.0019312098 0.21643284 -0.07462564
seq3/frame00088.png 10.861998 1.577416 4.3070984 0.9634872 -0.025859468 0.25865158 -0.064211175
seq3/frame00089.png 11.90065 1.7904491 4.3567104 0.95626134 -0.035820123 0.2811903 -0.072202384
seq3/frame00090.png 12.565645 1.5262613 3.9008446 0.9520192 -0.05697524 0.2940348 -0.06290329
seq3/frame00091.png 13.223511 1.3806581 4.833191 0.9547669 -0.020949097 0.2902319 -0.061210833
seq3/frame00092.png 14.144783 1.5632305 5.013956 0.951168 -0.038693085 0.2977115 -0.07176479
seq3/frame00093.png 15.153656 1.559742 5.200859 0.9461703 -0.0465879 0.31214443 -0.071813636
seq3/frame00094.png 15.629944 1.4925246 4.886011 0.9527056 -0.074798554 0.2858613 -0.07099677
seq3/frame00095.png 16.55143 1.5748167 5.33053 0.9522391 -0.092144564 0.28487188 -0.059983566
seq3/frame00096.png 17.32805 1.8536043 5.385149 0.952515 -0.07511793 0.287702 -0.06557454
seq3/frame00097.png 18.01354 1.9520578 5.886389 0.9501081 -0.07681628 0.2993462 -0.042257924
seq3/frame00098.png 18.92551 1.687715 5.1798134 0.9509108 -0.08612249 0.29141444 -0.058560066
seq3/frame00099.png 20.22799 1.5253258 4.7213707 0.966321 -0.073541574 0.24217784 -0.046532717
seq3/frame00100.png 21.074123 1.5490365 4.6439896 0.9643552 -0.07899701 0.24992949 -0.036246978
seq3/frame00101.png 22.114717 1.650105 4.6413383 0.9585778 -0.06895926 0.27445877 -0.03233532
seq3/frame00102.png 23.280247 1.3980575 3.6176262 0.9637324 -0.08587457 0.2500925 -0.036042087
seq3/frame00103.png 24.111734 1.5580578 4.110203 0.96771824 -0.0842647 0.23481716 -0.035801176
seq3/frame00104.png 24.655241 1.7311301 4.1886787 0.95670015 -0.09146852 0.27426094 -0.03375397
seq3/frame00105.png 23.975412 2.7504387 8.523043 0.9515321 -0.055454675 0.29482833 -0.067732506
seq3/frame00106.png 24.85092 2.4191856 6.760681 0.9333676 -0.090923384 0.34158927 -0.062246375
seq3/frame00107.png 25.81634 2.3915296 6.924574 0.93875223 -0.07941271 0.32724908 -0.07311582
seq3/frame00108.png 26.843946 2.5277057 7.069372 0.94611734 -0.105712324 0.29572117 -0.07896733
seq3/frame00109.png 27.103312 2.1134572 6.451277 0.9426232 -0.07668601 0.3180078 -0.0667219
seq3/frame00110.png 27.78178 1.9713998 6.510414 0.9470573 -0.084482394 0.307965 -0.03320811
seq3/frame00111.png 29.741608 2.123242 5.9418087 0.9558539 -0.08143087 0.27907524 -0.0427732
seq3/frame00112.png 29.893156 2.0934734 6.1297894 0.95457846 -0.07692657 0.28550416 -0.036736928
seq3/frame00113.png 31.473503 2.3789706 7.5857162 0.94327855 -0.08131997 0.31583524 -0.062135108
seq3/frame00114.png 31.46285 2.4125738 7.9628487 0.93895125 -0.09305072 0.32701346 -0.052672975
seq3/frame00115.png 31.684954 2.6730556 8.485548 0.9235769 -0.06601131 0.3699499 -0.07606118
seq3/frame00116.png 32.941013 3.0706673 9.964783 0.9257751 -0.07478933 0.36505467 -0.06389101
seq3/frame00117.png 34.79916 3.4200397 11.257656 0.94348085 -0.07006667 0.3210938 -0.042817272
seq3/frame00118.png 36.198895 3.4779444 10.681671 0.9390852 -0.08354009 0.32718375 -0.063960075
seq3/frame00119.png 34.463966 2.4220057 8.70727 0.9523829 -0.08446879 0.290683 -0.036540013
seq3/frame00120.png 36.086403 2.476656 8.18223 0.9383295 -0.08592727 0.33306694 -0.034938317
seq3/frame00121.png 36.39102 2.3720083 8.788172 0.9411511 -0.07547395 0.32842508 -0.025988812
seq3/frame00122.png 36.828396 2.1917648 8.544376 0.92358017 -0.09258289 0.36983836 -0.04059109
seq3/frame00123.png 37.15113 2.1009326 8.546715 0.93395364 -0.07804644 0.3460635 -0.04335202
seq3/frame00124.png 38.840927 2.5215044 8.913227 0.9385578 -0.10189706 0.32702643 -0.042189486
seq3/frame00125.png 39.026554 2.6351676 9.55212 0.9427111 -0.105985016 0.31178162 -0.053433478
seq3/frame00126.png 39.564125 2.3356304 9.0082855 0.9441925 -0.11242796 0.30600613 -0.047123954
seq3/frame00127.png 40.64774 2.6277862 8.856197 0.95738125 -0.084727 0.27374092 -0.036171447
seq3/frame00128.png 41.57785 2.9007888 10.322994 0.9426167 -0.08447019 0.32142472 -0.032011565
seq3/frame00129.png 41.73783 2.9915724 10.66329 0.93888766 -0.06845095 0.33616483 -0.028241863
seq3/frame00130.png 42.620174 3.4070163 9.853792 0.9169726 -0.07059887 0.38895202 -0.053789876
seq3/frame00131.png 42.628662 3.178811 11.091799 0.9172638 -0.09513877 0.38360658 -0.04921099
seq3/frame00132.png 44.269344 3.5687761 11.985292 0.9020631 -0.10523536 0.41257605 -0.07063088
seq3/frame00133.png 44.750244 3.0436745 11.157944 0.9185113 -0.095507346 0.37839624 -0.06349419
seq3/frame00134.png 45.12864 3.153378 11.73926 0.8943541 -0.14405479 0.4173181 -0.07228143
seq3/frame00135.png 46.448315 2.853745 11.086178 0.91936976 -0.12359507 0.3687508 -0.05921493
seq3/frame00136.png 47.178955 3.3285365 12.046385 0.90442616 -0.13011882 0.40332982 -0.049066406
seq3/frame00137.png 48.2174 3.6536617 12.598597 0.91918945 -0.107872106 0.37340805 -0.063410394
seq3/frame00138.png 48.42624 3.5826774 12.621685 0.92093956 -0.11902877 0.36369017 -0.07370228
seq3/frame00139.png 49.105682 3.593266 12.517565 0.9262779 -0.11350181 0.35211834 -0.071689226
seq3/frame00140.png 49.99134 3.7989688 13.114449 0.9045597 -0.122646034 0.40227324 -0.07004245
seq3/frame00141.png 50.768448 3.989585 13.42396 0.8915067 -0.10186749 0.43775663 -0.056639664
seq3/frame00142.png 51.304764 4.010358 13.722876 0.893556 -0.079284735 0.4394895 -0.046051092
seq3/frame00143.png 52.045265 3.9863558 13.6766815 0.91118723 -0.08732563 0.39910218 -0.05319301
seq3/frame00144.png 52.716652 3.9574413 13.960125 0.9090687 -0.09086274 0.40405375 -0.045592755
seq3/frame00145.png 53.07673 3.6382813 12.945736 0.92918813 -0.07938876 0.35994628 -0.027304124
seq3/frame00146.png 53.945755 3.6881452 13.005438 0.9224377 -0.106206104 0.36871096 -0.043371506
seq3/frame00147.png 54.238953 2.842773 6.7168865 0.9340635 -0.11629834 0.33281672 -0.05686065
seq3/frame00148.png 53.748074 2.5057025 7.3199787 0.93175066 -0.09483946 0.34317705 -0.07124376
seq3/frame00149.png 56.630577 3.735198 10.378275 0.9292225 -0.09564899 0.3516782 -0.060986158
seq3/frame00150.png 57.14334 4.5045877 13.454153 0.93153703 -0.08851963 0.3483984 -0.054969627
seq3/frame00151.png 45.551277 2.7465525 7.8797493 0.93560433 -0.08765397 0.3350456 -0.06859928
seq3/frame00152.png 52.618732 4.347107 12.030691 0.94593626 -0.07166239 0.3120693 -0.051787537
seq3/frame00153.png 47.581253 3.5915256 10.596989 0.95141447 -0.100138046 0.2835234 -0.06631284
seq3/frame00154.png 53.817 3.497859 13.826345 0.9359671 -0.09206719 0.33759388 -0.038981784
seq3/frame00155.png 54.716187 3.864262 14.370064 0.9333497 -0.10878805 0.3327631 -0.07932242
seq3/frame00156.png 47.276096 3.0550976 14.436489 0.9484766 -0.10411844 0.2972481 -0.03457089
seq3/frame00157.png 47.3496 2.4003735 10.929981 0.94320834 -0.10553801 0.31338796 -0.031744536
seq3/frame00158.png 51.91711 3.374742 12.609753 0.94366837 -0.08269338 0.31802234 -0.03890434
seq3/frame00159.png 64.59267 4.599162 16.21018 0.938664 -0.07577841 0.33538127 -0.026208542
seq3/frame00160.png 64.412 4.81393 17.214436 0.91636395 -0.07028556 0.3893552 -0.06115255
seq3/frame00161.png 64.741356 4.4763446 17.938559 0.89227664 -0.06170224 0.44451404 -0.049421187
seq3/frame00162.png 64.75334 4.488796 17.684052 0.89523983 -0.050208867 0.43988347 -0.05027235
seq3/frame00163.png 65.04315 4.3617096 17.331675 0.9057474 -0.064083084 0.4156564 -0.05238977
seq3/frame00164.png 71.21593 5.999486 19.250824 0.92910904 -0.06562655 0.35362643 -0.08601149
seq3/frame00165.png 67.47319 5.061891 18.678448 0.9089243 -0.062664405 0.40341207 -0.08478541
seq3/frame00166.png 67.71776 5.4797006 17.901447 0.9035502 -0.061379664 0.41006476 -0.108057536
seq3/frame00167.png 68.58514 5.201396 18.789604 0.8787855 -0.06167378 0.4650025 -0.0877784
seq3/frame00168.png 69.386955 5.5147824 18.45854 0.87183774 -0.05964168 0.47053924 -0.12220748
seq3/frame00169.png 69.11119 5.365741 17.267393 0.8335187 -0.079091534 0.5342274 -0.11658561
seq3/frame00170.png 70.76188 4.607445 18.515343 0.86205703 -0.08660703 0.48572525 -0.1158791
seq3/frame00171.png 70.38959 5.318037 16.783243 0.8949193 -0.11080747 0.40256858 -0.15741612
seq3/frame00172.png 71.30556 4.8646464 20.7703 0.8928495 -0.110217005 0.41882926 -0.12350747
seq3/frame00173.png 72.044556 5.2398243 17.72558 0.83065933 -0.0948426 0.52930737 -0.1443735
seq3/frame00174.png 72.11319 5.437461 18.175982 0.82988 -0.07535498 0.540213 -0.11743394
seq3/frame00175.png 72.862206 5.0841017 17.453178 0.82747656 -0.07311996 0.5401057 -0.13498841
seq3/frame00176.png 73.60043 5.132862 18.086317 0.83703196 -0.0763773 0.5344201 -0.08910213
seq3/frame00177.png 74.246796 5.4195967 17.711554 0.83613306 -0.07578979 0.5301634 -0.118592486
seq3/frame00178.png 75.27535 5.6755404 18.075127 0.8486614 -0.08232771 0.50877935 -0.118909806
seq3/frame00179.png 76.86008 5.344307 15.936487 0.9154396 -0.07921538 0.3737477 -0.12652296
seq7/frame00001.png -58.86264 -2.5622768 -5.665779 0.8201472 -0.042324275 -0.5630947 0.092149764
seq7/frame00002.png -58.801453 -2.5861712 -5.753256 0.8214939 -0.0434149 -0.56110257 0.09179787
seq7/frame00003.png -58.809166 -2.5065463 -5.683155 0.82413244 -0.045986347 -0.55660397 0.09425024
seq7/frame00004.png -58.854935 -2.4491553 -5.659754 0.83011895 -0.03605808 -0.5480851 0.09594373
seq7/frame00005.png -58.362408 -2.6017275 -5.706581 0.8345169 -0.010243205 -0.54129195 0.10237046
seq7/frame00006.png -57.609413 -2.512993 -5.973137 0.83593416 -0.020721138 -0.53764147 0.108288296
seq7/frame00007.png -56.925095 -2.7735922 -6.161419 0.83229065 -0.013924321 -0.5438625 0.10635759
seq7/frame00008.png -56.51326 -2.4522038 -6.2670727 0.86058795 -0.028379347 -0.49983284 0.09354193
seq7/frame00009.png -55.734276 -2.6370864 -6.5305004 0.8523085 -0.012574095 -0.51282114 0.10211073
seq7/frame00010.png -54.917343 -2.9074354 -6.8816404 0.85588396 -0.0059696976 -0.50652593 0.10420435
seq7/frame00011.png -54.351498 -2.8332763 -6.976185 0.86078143 -0.010102465 -0.49970347 0.096175775
seq7/frame00012.png -53.419037 -2.5544837 -7.784978 0.84931874 -0.0010946138 -0.51555675 0.11339222
seq7/frame00013.png -53.065628 -2.7048488 -7.355768 0.8549351 -0.01209665 -0.5062556 0.112449594
seq7/frame00014.png -52.551277 -2.4269457 -7.5267744 0.85301465 -0.018158898 -0.50880706 0.11468076
seq7/frame00015.png -51.665703 -2.9954271 -7.4306574 0.87765247 0.0016160453 -0.4679239 0.1037824
seq7/frame00016.png -50.807625 -3.0531294 -7.6477613 0.8634338 0.010157157 -0.49166667 0.11244038
seq7/frame00017.png -50.119125 -2.8693178 -7.7656746 0.87171966 -0.02292626 -0.47499937 0.11813078
seq7/frame00018.png -49.49362 -2.986172 -7.97458 0.8677635 5.449507e-05 -0.48303682 0.11688447
seq7/frame00019.png -48.756203 -3.0399315 -7.975807 0.867352 0.00026106392 -0.48362088 0.11752167
seq7/frame00020.png -47.593964 -3.1330934 -8.2667465 0.85073286 0.0040834844 -0.5119871 0.11876963
seq7/frame00021.png -46.998222 -2.996811 -8.083997 0.8759092 -0.012313473 -0.4676948 0.11786878
seq7/frame00022.png -46.14212 -2.753687 -8.302603 0.86994606 0.008796954 -0.47315627 0.13870686
seq7/frame00023.png -45.27172 -2.8884237 -8.241288 0.8731543 0.0062946365 -0.47064373 0.12671429
seq7/frame00024.png -44.992905 -2.64538 -7.2382803 0.8354353 0.003782495 -0.53272444 0.13504905
seq7/frame00025.png -43.820274 -2.5257285 -7.1916056 0.8457407 -0.035770874 -0.5204254 0.112252265
seq7/frame00026.png -43.24335 -2.3658888 -6.921685 0.8269666 -0.04214441 -0.5510066 0.1036428
seq7/frame00027.png -42.40435 -2.2619743 -6.6420174 0.8514763 -0.04228473 -0.51206475 0.10483195
seq7/frame00028.png -41.697136 -2.1178195 -6.2436104 0.852627 -0.030660406 -0.5087594 0.115113385
seq7/frame00029.png -40.967663 -2.0829928 -5.9454765 0.87497526 -0.0425981 -0.47071746 0.10501762
seq7/frame00030.png -40.131058 -2.1182601 -5.621084 0.89063466 -0.020124547 -0.4430387 0.10040723
seq7/frame00031.png -39.63234 -1.880789 -4.950264 0.9080973 -0.027688563 -0.40429476 0.10553835
seq7/frame00032.png -38.72793 -1.7551336 -4.947344 0.8801311 -0.0308145 -0.4636202 0.09734465
seq7/frame00033.png -38.013107 -1.6396885 -4.641985 0.88499945 -0.040633753 -0.45682314 0.080233976
seq7/frame00034.png -37.11937 -1.684258 -4.627447 0.8816417 -0.032280326 -0.46541914 0.07107114
seq7/frame00035.png -36.536293 -1.4970121 -4.355589 0.89411104 -0.042196907 -0.44054922 0.06856559
seq7/frame00036.png -35.51004 -1.5826766 -4.405239 0.89813244 -0.020742271 -0.43400118 0.0676087
seq7/frame00037.png -34.874695 -1.5802116 -4.005953 0.9014 -0.013740287 -0.4245354 0.08401755
seq7/frame00038.png -33.927303 -1.5754569 -4.2594967 0.89206654 -0.015590695 -0.44416395 0.081808336
seq7/frame00039.png -33.167816 -1.679337 -4.23666 0.8908209 -0.011836707 -0.44648805 0.0833451
seq7/frame00040.png -32.281223 -1.7123232 -4.237261 0.8868943 -0.0045770183 -0.4554366 0.077298455
seq7/frame00041.png -31.587643 -1.4906008 -3.9866505 0.89516735 -0.0053398213 -0.43756124 0.0847767
seq7/frame00042.png -30.85894 -1.0916586 -4.2077084 0.8902212 -0.02133342 -0.4461761 0.089319855
seq7/frame00043.png -30.016697 -1.5379834 -3.6460342 0.9090414 -0.014673642 -0.4108645 0.06796159
seq7/frame00044.png -29.12717 -1.4761403 -3.9276505 0.906826 -0.007999168 -0.41327423 0.08250458
seq7/frame00045.png -28.359316 -1.3915491 -3.899105 0.92470264 -0.0067184633 -0.3734369 0.07365214
seq7/frame00046.png -27.59968 -1.2251725 -3.795107 0.9261757 0.0065048602 -0.3687962 0.07839344
seq7/frame00047.png -26.831491 -1.197269 -3.715126 0.9282302 0.0005413254 -0.36216664 0.08499221
seq7/frame00048.png -26.17073 -1.1027765 -3.308672 0.93499374 0.009279801 -0.34540024 0.07999611
seq7/frame00049.png -25.381165 -0.9621239 -3.0377045 0.9394761 -0.006395097 -0.33335096 0.07887375
seq7/frame00050.png -24.614965 -0.8935733 -2.743021 0.93300056 0.0051392964 -0.3518687 0.07531256
seq7/frame00051.png -23.991419 -0.8352394 -2.454607 0.941244 -0.0064898394 -0.331226 0.06562725
seq7/frame00052.png -23.295568 -0.78686476 -2.3072739 0.94205993 -0.0058784503 -0.32993853 0.06024204
seq7/frame00053.png -22.480392 -0.7575722 -2.047039 0.9502525 -0.0012142279 -0.30537507 0.061357904
seq7/frame00054.png -21.877872 -0.6554327 -1.9692822 0.96058124 0.007844216 -0.27107844 0.06114417
seq7/frame00055.png -21.102371 -0.6083541 -1.8686104 0.9585492 0.003175168 -0.27655897 0.06847245
seq7/frame00056.png -20.31936 -0.5416975 -1.9425888 0.9612309 -0.0016389937 -0.26610863 0.07224083
seq7/frame00057.png -19.59191 -0.6882839 -1.8010597 0.956413 -0.00024372198 -0.28628868 0.0575592
seq7/frame00058.png -18.682611 -0.6430497 -1.9586773 0.95892185 0.0022581061 -0.28030992 0.043476235
seq7/frame00059.png -17.980196 -0.5639243 -1.5822487 0.9658887 -0.012247933 -0.25471592 0.04504263
seq7/frame00060.png -17.260344 -0.4934306 -1.5380154 0.9665573 -0.02137918 -0.25264865 0.038453214
seq7/frame00061.png -16.513983 -0.57219553 -1.3656273 0.9628147 -0.006838183 -0.26384228 0.05769287
seq7/frame00062.png -15.698107 -0.42486286 -1.2075596 0.9651778 -0.02177709 -0.2568323 0.044663604
seq7/frame00063.png -14.927589 -0.3227253 -0.7730961 0.96292907 -0.023308236 -0.2649751 0.044861704
seq7/frame00064.png -14.109514 -0.6137824 -1.004858 0.9676079 -0.010863814 -0.24544916 0.058066156
seq7/frame00065.png -13.332884 -0.28985548 -0.8279381 0.9680258 -0.0032093213 -0.24642791 0.046786305
seq7/frame00066.png -12.492477 -0.32656765 -0.8717041 0.97527766 0.013713339 -0.21938723 0.02268644
seq7/frame00067.png -11.743642 -0.32379866 -0.8433361 0.98006344 0.005904739 -0.19713019 0.024093892
seq7/frame00068.png -11.010571 -0.23297405 -0.60471344 0.9865031 0.0055959085 -0.16247861 0.019517813
seq7/frame00069.png -10.3738985 -0.25414658 -0.56795883 0.99204016 0.013532673 -0.12436274 0.014392034
seq7/frame00070.png -9.674543 -0.121635914 -0.3779812 0.998078 0.0011742705 -0.06195863 0.00040510952
seq7/frame00071.png -8.826915 0.006542206 -0.11393356 0.9981691 0.00293346 -0.059759017 0.008868127
seq7/frame00072.png -8.109188 0.012006283 0.19602585 0.999414 -0.005979637 -0.033206888 0.0057644555
seq7/frame00073.png -7.336727 0.074481964 0.33214378 0.9999701 -0.0021839498 -0.007368713 -0.00090019166
seq7/frame00074.png -6.801854 0.1722107 0.6938286 0.9996124 -0.015879946 -0.022713145 0.0026540703
seq7/frame00075.png -6.138543 0.26113844 0.87805367 0.99980956 -0.0001419457 -0.003175212 -0.019253822
seq7/frame00076.png -5.3338404 0.28273964 1.2933006 0.9995568 -0.02426918 -0.013914995 -0.010183245
seq7/frame00077.png -4.9559536 0.43941212 1.4378147 0.99985576 -0.010558053 -0.013299853 0.00026905598
seq7/frame00078.png -5.3348064 0.58567667 2.0565968 0.9984166 -0.010902401 0.054873418 0.005860285
seq7/frame00079.png -3.8708344 0.3867817 2.103218 0.99956274 0.023014287 -0.0031610336 0.018294448
seq7/frame00080.png -2.5971909 0.60315037 2.2231865 0.9980021 -0.0022044154 0.05902764 0.022423185
seq7/frame00081.png -1.9223328 0.6909728 2.3457203 0.99862885 -0.009126891 0.04533669 0.024529316
seq7/frame00082.png -1.433218 0.74947834 2.6144905 0.9975624 -0.016152715 0.060709868 0.030375266
seq7/frame00083.png -0.26032448 0.5727024 2.4653034 0.9920147 -0.008300804 0.12571107 0.005894213
seq7/frame00084.png 0.2606392 0.83118963 2.7338352 0.98932177 -0.022083055 0.1435445 0.012236436
seq7/frame00085.png 1.2390099 0.5739541 2.5308685 0.9920432 0.0016052222 0.1258823 -0.0011238096
seq7/frame00086.png 1.921217 0.7576933 2.475792 0.99713314 -0.0070312996 0.075315714 -0.0018907093
seq7/frame00087.png 2.2507973 0.6564274 2.5220566 0.9979765 0.0012925606 0.061035722 0.017777348
seq7/frame00088.png 3.2727928 0.6356025 2.6223106 0.99933857 0.0063434215 0.03005445 0.019464584
seq7/frame00089.png 3.9651642 0.69744587 2.4213943 0.9970089 0.0040151356 0.076182626 -0.012381314
seq7/frame00090.png 4.5548687 0.55256367 2.5122814 0.9994177 0.020550821 0.027186101 0.0016828005
seq7/frame00091.png 5.461891 0.45974874 2.323866 0.9973475 0.031013066 0.062483028 0.020787645
seq7/frame00092.png 6.073881 0.37928438 2.481638 0.99538773 0.03309829 0.08817017 0.018268637
seq7/frame00093.png 7.2176056 0.7118907 2.109312 0.99038786 0.0062653613 0.13761869 -0.012398612
seq7/frame00094.png 7.4816227 0.38970947 1.6211548 0.9946808 -0.003190134 0.09939843 -0.02683094
seq7/frame00095.png 8.164789 0.36018944 1.3239346 0.99277836 -0.015033221 0.11746871 -0.019138949
seq7/frame00096.png 8.847124 0.2578144 0.75525093 0.9948281 -0.0042483923 0.098710865 -0.023562653
seq7/frame00097.png 9.415176 0.29062414 0.67383575 0.98169655 -0.027937984 0.18602589 -0.029761292
seq7/frame00098.png 9.83091 0.2923689 0.16779137 0.97721666 -0.020179175 0.20415795 -0.05440519
seq7/frame00099.png 10.24744 -0.014364243 -0.46577454 0.96118486 -0.041125443 0.26395485 -0.06899478
seq7/frame00100.png 10.644951 0.058514595 -1.1183968 0.9620904 -0.058768984 0.25816813 -0.06540221
seq7/frame00101.png 11.214581 -0.015972137 -1.1583214 0.9605362 -0.057355307 0.26394898 -0.06641981
seq7/frame00102.png 11.638674 -0.015011311 -1.5131111 0.95920235 -0.044546556 0.27555302 -0.044911567
seq7/frame00103.png 12.01609 -0.13799381 -1.9020538 0.9565864 -0.05564488 0.2820264 -0.048033126
