seq2/frame00001.png 44.72503 2.938365 10.329327 0.89041936 -0.078931324 0.44472986 -0.055522688
seq2/frame00002.png 45.789806 3.0335197 10.442077 0.89000803 -0.07634469 0.4465813 -0.051866557
seq2/frame00003.png 46.24601 3.157092 11.171772 0.8884293 -0.07819786 0.44916108 -0.05148212
seq2/frame00004.png 45.68523 3.4224691 11.382604 0.8825013 -0.075680025 0.46144584 -0.04917386
seq2/frame00005.png 44.929337 3.284563 11.111699 0.8797999 -0.07539209 0.46508268 -0.06313025
seq2/frame00006.png 43.16383 3.2760592 10.580647 0.8964312 -0.07549127 0.4316705 -0.0667336
seq2/frame00007.png 41.49003 3.065063 9.868303 0.8961588 -0.048275463 0.43384492 -0.07897067
seq2/frame00008.png 38.455833 3.3205233 9.949989 0.9032142 -0.048536107 0.41721117 -0.08818603
seq2/frame00009.png 38.03588 2.9552932 9.273202 0.9017263 -0.07187514 0.41641048 -0.090142176
seq2/frame00010.png 36.699326 3.0063963 9.582806 0.8971118 -0.05315248 0.43379226 -0.06526274
seq2/frame00011.png 34.739365 2.9062939 8.756751 0.9014555 -0.069078416 0.4216813 -0.069603145
seq2/frame00012.png 32.465168 2.5920725 7.761962 0.90732694 -0.077864096 0.41088027 -0.04330875
seq2/frame00013.png 30.620152 2.541078 7.722579 0.9000326 -0.065610416 0.42736626 -0.054073494
seq2/frame00014.png 29.823246 2.4023752 7.100671 0.9084698 -0.07255934 0.40767598 -0.057509996
seq2/frame00015.png 27.13426 2.3696136 7.077957 0.9023353 -0.063075535 0.4220819 -0.059964035
seq2/frame00016.png 26.08908 1.9995255 6.401599 0.901794 -0.06729276 0.41962793 -0.077242
seq2/frame00017.png 24.534325 1.8172832 5.4878263 0.9183593 -0.061102662 0.384278 -0.07225981
seq2/frame00018.png 22.770144 1.8250742 6.137747 0.9158303 -0.044102073 0.39267007 -0.0710265
seq2/frame00019.png 21.08822 1.6196904 5.136198 0.93142563 -0.0597786 0.35202044 -0.070771046
seq2/frame00020.png 19.600306 1.5278287 4.4247837 0.9389962 -0.04911595 0.3342322 -0.063635424
seq2/frame00021.png 17.884844 1.4061446 4.5100145 0.9423702 -0.026759183 0.32901996 -0.05579738
seq2/frame00022.png 15.179328 1.2053533 3.8047295 0.93873614 -0.06287283 0.3361453 -0.042887785
seq2/frame00023.png 14.302182 0.9949107 3.6329937 0.94566756 -0.07312594 0.31638426 -0.017702626
seq2/frame00024.png 13.177178 0.9837351 3.6471043 0.95466065 -0.071637906 0.2883418 -0.021017512
seq2/frame00025.png 11.395175 0.9260104 4.183979 0.94146293 -0.04540539 0.33180055 -0.037074722
seq2/frame00026.png 10.661816 0.97235465 3.6954098 0.9289322 -0.052095566 0.3596672 -0.070221834
seq2/frame00027.png 9.868223 0.54202414 3.6025896 0.9229998 -0.076872565 0.3701786 -0.07123525
seq2/frame00028.png 9.44578 1.19578 3.931674 0.954213 -0.030558739 0.2937221 -0.046677634
seq2/frame00029.png 8.888796 0.6984389 3.8799782 0.9392562 -0.064365104 0.33284006 -0.05256267
seq2/frame00030.png 7.9155245 0.6649852 4.2795267 0.9513303 -0.090686895 0.28858128 -0.057060245
seq2/frame00031.png 7.4300203 0.5335684 3.616331 0.9586164 -0.09741518 0.25939178 -0.06604176
seq2/frame00032.png 7.2258625 0.45932055 2.9815245 0.9653418 -0.08965514 0.239818 -0.0494352
seq2/frame00033.png 3.6705904 -0.56426144 -1.7299652 0.93639255 -0.07028159 0.33607408 -0.07280736
seq2/frame00034.png -0.8804741 23.47856 -28.030823 -0.11074335 -0.17320363 0.852959 0.4797179
seq2/frame00035.png -0.19028759 0.29582262 2.6717892 0.96824586 -0.12172413 0.2123711 -0.050721016
seq2/frame00036.png 2.5855799 -0.09199715 2.2256994 0.9616042 -0.13909937 0.23313348 -0.040463544
seq2/frame00037.png 3.61242 1.0560822 2.64927 0.97452915 -0.103622004 0.19766156 -0.022294957
seq2/frame00038.png 3.4126015 0.9226718 2.1395874 0.9760311 -0.054498404 0.21005179 -0.02053852
seq2/frame00039.png 1.9010162 0.67693067 2.1833944 0.9794021 -0.053656477 0.19318825 -0.022539929
seq2/frame00040.png 1.6281462 0.49532676 1.2700129 0.9812699 -0.048345085 0.18249531 -0.037358977
seq2/frame00041.png 0.27783394 0.6095984 1.1176538 0.9867283 -0.044026073 0.15501137 -0.018007854
seq2/frame00042.png -1.8160524 0.1871767 0.36664295 0.9908024 -0.033680752 0.1305957 0.004404991
seq2/frame00043.png -2.7736406 0.2180636 0.23920918 0.9869757 -0.061685983 0.14847924 0.0009121486
seq2/frame00044.png -4.7656164 0.109214306 -0.05583 0.99473715 -0.05006819 0.08899989 0.0033828432
seq2/frame00045.png -6.6681957 0.056529045 0.08267021 0.98474693 -0.06647414 0.15972388 -0.01511357
seq2/frame00046.png -6.5611954 -0.44013858 -0.5457821 0.9968211 -0.072189935 0.03361516 -0.0036675693
seq2/frame00047.png -8.418958 -0.3509512 -0.4079485 0.99804497 -0.061613377 0.0042903856 -0.00028555043
seq2/frame00048.png -10.977573 -0.07384515 -0.35877037 0.9978615 -0.0411494 -0.03969671 0.02939789
seq2/frame00049.png -13.114194 -0.36159873 -1.1707277 0.99295616 -0.057334397 -0.09917882 0.030895418
seq2/frame00050.png -15.333801 -0.5838349 -1.4189262 0.99547315 -0.04230577 -0.084642194 0.010239223
seq2/frame00051.png -16.460552 -0.93327475 -2.4180489 0.98610955 -0.040030528 -0.15962696 0.022452377
seq2/frame00052.png -18.201374 -0.9283998 -2.6165056 0.9679937 -0.044625945 -0.24313337 0.041410226
seq2/frame00053.png -19.582623 -1.0655451 -3.0643225 0.9644562 -0.041293155 -0.2552898 0.05379185
seq2/frame00054.png -21.213573 -1.4420431 -3.516757 0.9490821 -0.06246077 -0.30135512 0.06697852
seq2/frame00055.png -23.827965 -1.2487066 -3.303483 0.95229214 -0.047653064 -0.2938018 0.06797051
seq2/frame00056.png -25.22282 -1.6889384 -3.7315187 0.93860614 -0.06600285 -0.33177 0.06782362
seq2/frame00057.png -26.79636 -1.8026128 -4.0197525 0.9339124 -0.05242229 -0.34768468 0.06424324
seq2/frame00058.png -29.176193 -2.10312 -4.870923 0.94133335 -0.051749665 -0.32691848 0.06584405
seq2/frame00059.png -31.209023 -2.17738 -5.4928303 0.92998296 -0.076032825 -0.3537479 0.06507255
seq2/frame00060.png -33.174076 -1.8414137 -5.711462 0.92127895 -0.07169956 -0.37723014 0.059857294
seq2/frame00061.png -34.688007 -1.9402378 -5.95644 0.9070578 -0.06333592 -0.40925264 0.07517881
seq3/frame00001.png -54.889458 -2.4003067 -7.182825 0.8304434 -0.028167753 -0.5388805 0.13780701
seq3/frame00002.png -54.76239 -2.597734 -7.214033 0.8366308 -0.02764938 -0.531977 0.12828875
seq3/frame00003.png -54.63713 -2.783214 -7.3038864 0.835901 -0.030028326 -0.53448594 0.12069744
seq3/frame00004.png -54.34134 -2.6935406 -6.738798 0.83772445 -0.03162049 -0.5347797 0.105425924
seq3/frame00005.png -53.472023 -2.791912 -7.010395 0.83381736 -0.040543463 -0.5429951 0.09043819
seq3/frame00006.png -53.154312 -2.38091 -6.613431 0.82124203 -0.026402375 -0.5649848 0.07485937
seq3/frame00007.png -52.869415 -2.4092932 -6.5020504 0.8298184 -0.03456964 -0.54855394 0.09637206
seq3/frame00008.png -52.003826 -2.6310475 -6.4099092 0.83695906 -0.027200988 -0.5394984 0.08719995
seq3/frame00009.png -51.177296 -2.4034517 -5.800514 0.86806685 -0.050191484 -0.48754054 0.07846773
seq3/frame00010.png -49.853424 -2.7224348 -6.706521 0.8662368 -0.041654598 -0.49195263 0.07725953
seq3/frame00011.png -49.556133 -2.5091963 -6.5852003 0.8756276 -0.042217765 -0.47454804 0.07949795
seq3/frame00012.png -48.422016 -2.2081528 -6.119775 0.8706645 -0.04537559 -0.48482412 0.06915544
seq3/frame00013.png -48.35223 -2.3028102 -5.9083138 0.86982286 -0.04351285 -0.48557392 0.07443245
seq3/frame00014.png -47.03635 -2.2631183 -5.789384 0.8696123 -0.046059974 -0.48681444 0.067501985
seq3/frame00015.png -46.06061 -2.072647 -5.455538 0.881117 -0.04159243 -0.4668812 0.061442673
seq3/frame00016.png -45.436428 -2.0602813 -5.4896297 0.880632 -0.035287295 -0.4678314 0.06560036
seq3/frame00017.png -43.823452 -1.9053481 -5.307601 0.8893906 -0.047000106 -0.4484011 0.07536831
seq3/frame00018.png -43.61573 -1.9572086 -5.173089 0.89656734 -0.05349961 -0.43568954 0.058205396
seq3/frame00019.png -42.980602 -1.9337661 -5.370002 0.8976559 -0.03779613 -0.4358411 0.051173933
seq3/frame00020.png -41.90386 -2.045739 -6.059887 0.9011169 -0.040902134 -0.43023863 0.035843343
seq3/frame00021.png -40.438625 -1.9809144 -5.0537424 0.894591 -0.05005295 -0.4412915 0.049600948
seq3/frame00022.png -41.021393 -1.689913 -4.4958878 0.89704376 -0.049167644 -0.43736327 0.041083604
seq3/frame00023.png -39.835693 -1.7425816 -4.609336 0.8954093 -0.047084652 -0.43788895 0.06480743
seq3/frame00024.png -39.240875 -1.7136948 -4.5663414 0.89390844 -0.059317365 -0.4410822 0.053837974
seq3/frame00025.png -38.77663 -1.7365987 -4.7487392 0.8974519 -0.048252665 -0.4351241 0.05489208
seq3/frame00026.png -37.492493 -1.5469518 -4.0060625 0.90463215 -0.061650332 -0.41939095 0.044896793
seq3/frame00027.png -36.941883 -1.5174401 -3.8660707 0.9081338 -0.05467487 -0.41427892 0.025965944
seq3/frame00028.png -36.175415 -1.4148641 -3.7956715 0.91483 -0.0607963 -0.3985702 0.021449668
seq3/frame00029.png -34.590164 -1.5341749 -4.1922503 0.9144964 -0.038255576 -0.3981817 0.059884097
seq3/frame00030.png -34.563435 -1.4263761 -3.7366495 0.9184922 -0.04327652 -0.3884753 0.059872773
seq3/frame00031.png -34.607723 -1.4004326 -3.6292772 0.9238591 -0.040531147 -0.37736577 0.048194736
seq3/frame00032.png -33.312115 -1.4155891 -3.7057505 0.9275514 -0.057791002 -0.36678287 0.041546024
seq3/frame00033.png -32.709984 -1.3962452 -3.4046745 0.9349575 -0.039274808 -0.34625155 0.066276744
seq3/frame00034.png -31.691715 -1.392019 -3.606719 0.9351533 -0.045980982 -0.34461263 0.06608339
seq3/frame00035.png -30.908943 -1.2915468 -3.23209 0.9335202 -0.039931886 -0.35136136 0.058582023
seq3/frame00036.png -30.139719 -1.3405156 -3.7043285 0.927354 -0.04778275 -0.36672932 0.057918485
seq3/frame00037.png -29.719723 -1.1277328 -3.1056643 0.9182928 -0.059985474 -0.3866986 0.059312504
seq3/frame00038.png -28.390156 -1.1449411 -3.086463 0.91796046 -0.05445528 -0.38989714 0.048670653
seq3/frame00039.png -28.032042 -1.16855 -3.0099602 0.9157636 -0.05485251 -0.39576453 0.04083946
seq3/frame00040.png -26.67241 -1.081291 -2.8386602 0.9233304 -0.052940454 -0.3766564 0.05270909
seq3/frame00041.png -26.042686 -1.0022056 -2.9197588 0.9216101 -0.058875497 -0.38133308 0.042294
seq3/frame00042.png -26.30447 -1.3801756 -3.677638 0.92610264 -0.047937937 -0.37197006 0.04251722
seq3/frame00043.png -24.668716 -0.97703385 -2.686963 0.9339778 -0.047345847 -0.35236552 0.035754446
seq3/frame00044.png -23.309954 -0.9458382 -2.2950497 0.93860614 -0.0683601 -0.33476126 0.04629141
seq3/frame00045.png -22.56253 -0.9309404 -2.2526903 0.94023037 -0.037131444 -0.33755857 0.025061289
seq3/frame00046.png -21.705 -0.66688776 -1.2119379 0.94888914 -0.055639178 -0.3082346 0.03814339
seq3/frame00047.png -21.177383 -0.8535936 -1.8716993 0.94760185 -0.049241543 -0.31380615 0.033992443
seq3/frame00048.png -19.764236 -0.86089516 -1.9688148 0.9573421 -0.050971966 -0.2815412 0.038691197
seq3/frame00049.png -19.393915 -0.4980986 -0.7940016 0.95216393 -0.041289393 -0.2996105 0.041649964
seq3/frame00050.png -18.521374 -0.5174842 -1.4354496 0.9574696 -0.039180078 -0.28086627 0.05169826
seq3/frame00051.png -17.92394 -0.65256834 -1.0678625 0.9601432 -0.052364804 -0.27169308 0.038864378
seq3/frame00052.png -12.987149 0.02835083 0.9325104 0.9466352 -0.086204275 -0.30561578 0.055078536
seq3/frame00053.png -16.268417 -0.3740263 -0.62624264 0.9770936 -0.06986825 -0.1998913 0.018527035
seq3/frame00054.png -14.947561 -0.49804187 -0.6951103 0.982451 -0.046951268 -0.1791075 0.017795043
seq3/frame00055.png -14.770122 -0.23622704 -0.50161743 0.9811455 -0.030023163 -0.19023225 0.018600209
seq3/frame00056.png -13.074149 -0.17894363 0.08431721 0.99061763 -0.019030787 -0.13277651 0.023990653
seq3/frame00057.png -12.722976 -0.12509727 -0.048355103 0.9911104 -0.009502965 -0.13043195 0.019798806
seq3/frame00058.png -12.072997 -0.24828005 -0.06891346 0.98808825 -0.0136552425 -0.15158592 0.02114883
seq3/frame00059.png -11.830896 -0.06985545 0.15756512 0.98895264 -0.0030407659 -0.14614578 0.022557551
seq3/frame00060.png -11.067723 -0.06862092 0.6188021 0.9915414 -0.008748623 -0.1282208 0.015800612
seq3/frame00061.png -9.916818 0.08086276 0.7653675 0.9901246 -0.0133073805 -0.13555497 0.030436683
seq3/frame00062.png -9.34316 0.17183757 0.9231272 0.989693 -0.0065236143 -0.14245954 0.009952125
seq3/frame00063.png -9.269148 0.04769802 0.7088175 0.9914798 0.0015589502 -0.12939839 0.016136324
seq3/frame00064.png -7.659356 0.35364056 1.4176054 0.9956571 -0.0074174674 -0.08959197 0.025217857
seq3/frame00065.png -7.240448 0.28768992 1.550067 0.99712723 -0.007959343 -0.06895419 0.031248216
seq3/frame00066.png -6.7454376 -0.27594543 2.1916676 0.9893846 -0.11104204 -0.08386759 0.041702453
seq3/frame00067.png -5.667658 0.39933658 1.9508305 0.9983507 -0.019976184 -0.044216603 0.032295085
seq3/frame00068.png -4.3366632 0.65663815 2.165022 0.9992673 -0.021049663 0.030753735 0.0030816724
seq3/frame00069.png -4.7862654 0.4813397 1.9269361 0.9962699 -0.00583728 0.08576915 -0.00073648035
seq3/frame00070.png -3.6402845 0.61105275 1.8859215 0.99804497 -0.007936736 0.054794624 -0.027802462
seq3/frame00071.png -2.5176592 0.7341566 2.4072504 0.9989008 0.0127703855 0.041595407 -0.013560897
seq3/frame00072.png -2.6155987 0.65815496 2.218464 0.9995116 -0.0047955094 0.025219837 -0.015983758
seq3/frame00073.png -1.1385269 0.8656645 2.6002378 0.9995116 -0.0117435595 0.030074503 0.0021253475
seq3/frame00074.png -0.40291405 0.863652 2.6306438 0.9992673 -0.0048463093 0.037762653 0.0038413538
seq3/frame00075.png -0.3396597 0.95546794 2.7047014 0.99822843 -0.018679332 0.056817576 -0.0021089723
seq3/frame00076.png 0.6160221 0.78047705 2.6881685 0.9983507 -0.016437938 0.05295905 -0.013331466
seq3/frame00077.png 1.0779886 0.8862412 3.0534906 0.99804497 0.0016989545 0.057730053 0.019898215
seq3/frame00078.png 2.6305199 0.9454949 2.6980057 0.9967599 0.0020537162 0.07987918 0.005486144
seq3/frame00079.png 2.5593433 0.9084127 3.4924269 0.9954118 -0.007051396 0.09531648 -0.0065531996
seq3/frame00080.png 4.3208 0.83615494 3.2731476 0.98685205 -0.004991354 0.16068198 -0.01722476
seq3/frame00081.png 3.4799986 1.2351601 4.1654844 0.9820782 -0.014140835 0.1828423 -0.04128246
seq3/frame00082.png 3.9511557 1.372318 4.31548 0.9770936 -0.020746531 0.20826174 -0.037495233
seq3/frame00083.png 3.0085344 1.4133818 4.169405 0.9794021 -0.011305992 0.19748825 -0.041644532
seq3/frame00084.png 7.624051 1.2713087 3.6714497 0.98307204 0.011685777 0.17731804 -0.044391595
seq3/frame00085.png 5.988138 1.2918737 4.4434443 0.97653127 -0.0017500559 0.21150677 -0.03900125
seq3/frame00086.png 9.564856 1.4591916 3.8541002 0.975343 0.012758609 0.21032515 -0.06556625
seq3/frame00087.png 10.2579775 1.3103583 3.966261 0.97271115 -0.005533542 0.22055733 -0.07197134
seq3/frame00088.png 10.8678465 1.7747726 4.21609 0.9625558 -0.024052005 0.26200792 -0.06489959
seq3/frame00089.png 12.343684 1.7627578 4.438654 0.95453274 -0.040235784 0.28556696 -0.07490857
seq3/frame00090.png 12.362691 1.4734087 3.8462515 0.9514586 -0.058151107 0.29559878 -0.063026436
seq3/frame00091.png 13.1735 1.3917298 4.853059 0.9529969 -0.023265526 0.29537782 -0.06318088
seq3/frame00092.png 14.5144005 1.5600867 4.814662 0.9507527 -0.04016304 0.29812935 -0.075061955
seq3/frame00093.png 15.584015 1.4217081 4.9792824 0.94573206 -0.046168495 0.31326488 -0.07254012
seq3/frame00094.png 15.977986 1.4097624 4.524027 0.9525485 -0.07381514 0.2861618 -0.07264576
seq3/frame00095.png 16.711845 1.6827283 5.1976357 0.95088106 -0.09185303 0.28871763 -0.0633696
seq3/frame00096.png 17.285458 1.8066406 5.6522264 0.9513303 -0.07265858 0.29178917 -0.067718446
seq3/frame00097.png 17.88873 1.8410807 4.8773413 0.94850314 -0.074628666 0.30424172 -0.04580839
seq3/frame00098.png 18.612837 1.5115409 4.8848934 0.94946796 -0.08565781 0.29583284 -0.059703335
seq3/frame00099.png 20.696144 1.5244875 4.478655 0.9656579 -0.07846997 0.24214132 -0.052002553
seq3/frame00100.png 20.94111 1.6364341 4.3516655 0.9636965 -0.08255641 0.2509943 -0.03891108
seq3/frame00101.png 22.324816 1.7618585 4.7059803 0.957852 -0.06942388 0.27693087 -0.03212726
seq3/frame00102.png 23.449495 1.466651 4.5199566 0.9651521 -0.083633445 0.24536693 -0.034014624
seq3/frame00103.png 24.825768 1.671855 4.6485825 0.968561 -0.083622664 0.23070277 -0.03924342
seq3/frame00104.png 24.620394 2.0154872 5.3135204 0.95963454 -0.09238263 0.26325074 -0.034901872
seq3/frame00105.png 24.83836 2.8341112 7.9594355 0.9472797 -0.057441156 0.30643874 -0.074741155
seq3/frame00106.png 25.924286 2.8155942 7.648733 0.932539 -0.09487052 0.34112808 -0.070326574
seq3/frame00107.png 25.880325 2.699707 7.131321 0.9374349 -0.08361583 0.3290593 -0.076242276
seq3/frame00108.png 27.41125 2.5084043 6.9922314 0.9438586 -0.10152495 0.30379885 -0.08100979
seq3/frame00109.png 27.23772 2.2706075 6.2490044 0.94133335 -0.0785363 0.32069394 -0.069069795
seq3/frame00110.png 28.727478 2.1447868 6.9127836 0.94566756 -0.08542117 0.31199542 -0.03217009
seq3/frame00111.png 29.365726 2.235138 6.300686 0.95766085 -0.08075045 0.273672 -0.03926387
seq3/frame00112.png 30.302197 2.2334018 6.2460546 0.95446885 -0.07616055 0.28622553 -0.035930067
seq3/frame00113.png 30.828726 2.4936972 7.3277903 0.94566756 -0.08122595 0.30825198 -0.06278311
seq3/frame00114.png 30.77609 2.511777 7.6932545 0.94217587 -0.09328473 0.31664985 -0.0561166
seq3/frame00115.png 31.843937 2.796462 9.1404705 0.9218088 -0.069854066 0.37304056 -0.07957073
seq3/frame00116.png 33.61745 3.019178 10.071877 0.92233837 -0.07552149 0.37282637 -0.06845738
seq3/frame00117.png 33.233948 3.4331317 9.989141 0.9423054 -0.0691119 0.32476762 -0.041348927
seq3/frame00118.png 36.065186 3.2759786 10.530896 0.9423702 -0.07955094 0.31878665 -0.06321328
seq3/frame00119.png 34.568695 2.696466 9.255894 0.9526126 -0.088162154 0.2889617 -0.037337568
seq3/frame00120.png 36.154922 2.830577 9.026994 0.9416574 -0.08516919 0.32356513 -0.036173813
seq3/frame00121.png 36.402153 2.5327773 8.767047 0.94269395 -0.07856862 0.32307985 -0.026789764
seq3/frame00122.png 35.655247 2.2612948 8.749778 0.92352873 -0.09751443 0.3682483 -0.04503764
seq3/frame00123.png 37.897808 2.1278148 8.372226 0.9316222 -0.08102558 0.35102895 -0.046175737
seq3/frame00124.png 38.07837 2.9276118 9.662525 0.94592565 -0.10223869 0.30545786 -0.040238943
seq3/frame00125.png 39.463192 2.7415872 9.894045 0.9423702 -0.10453508 0.31295756 -0.054647755
seq3/frame00126.png 35.20059 2.5355482 8.2836685 0.9390612 -0.11533528 0.31990996 -0.049380656
seq3/frame00127.png 39.872837 3.0090404 9.024016 0.9619215 -0.0873407 0.2572315 -0.03127752
seq3/frame00128.png 42.444847 3.0361333 10.459617 0.9416574 -0.08672479 0.3227873 -0.03893055
seq3/frame00129.png 39.867 3.1504235 11.137829 0.9224045 -0.06772461 0.3780932 -0.03837838
seq3/frame00130.png 42.364307 3.5212483 10.065445 0.9186915 -0.06648688 0.3848034 -0.058730353
seq3/frame00131.png 44.07815 3.3017087 11.993249 0.91722876 -0.095322855 0.3832877 -0.05038137
seq3/frame00132.png 44.5057 3.4778686 11.719412 0.9036871 -0.10404559 0.408888 -0.0733486
seq3/frame00133.png 44.20373 3.06383 10.762439 0.9186915 -0.09583545 0.37696382 -0.06797341
seq3/frame00134.png 44.402664 3.1912584 12.362055 0.89758784 -0.13514818 0.41370645 -0.07010281
seq3/frame00135.png 46.88745 3.216196 11.783201 0.9140291 -0.13214959 0.37861958 -0.060459357
seq3/frame00136.png 46.71585 3.1371918 12.317277 0.90651935 -0.128161 0.39831913 -0.05491006
seq3/frame00137.png 47.83962 3.5300531 12.458354 0.9204836 -0.10642387 0.3707927 -0.061616436
seq3/frame00138.png 48.734055 3.614234 13.186055 0.9224045 -0.11715331 0.36035976 -0.07377913
seq3/frame00139.png 48.15701 3.5486488 12.638521 0.9259708 -0.11231878 0.353435 -0.07082543
seq3/frame00140.png 49.983227 3.6428962 13.1489935 0.90483457 -0.122632265 0.40135422 -0.071480684
seq3/frame00141.png 51.37847 4.0269685 14.053769 0.89226824 -0.10082822 0.43655747 -0.056254145
seq3/frame00142.png 52.688255 4.2321634 14.039953 0.89343035 -0.075505726 0.43981528 -0.05030157
seq3/frame00143.png 50.912594 3.8982878 12.973261 0.9102149 -0.085848145 0.4013958 -0.054851614
seq3/frame00144.png 51.670513 3.6808977 13.131109 0.90894 -0.091055155 0.40397334 -0.047286063
seq3/frame00145.png 53.349022 3.9280138 12.906802 0.929195 -0.0819762 0.35917136 -0.026085576
seq3/frame00146.png 53.84163 3.7651553 12.546754 0.9233304 -0.106624566 0.36555105 -0.04835867
seq3/frame00147.png 48.05256 3.6425257 11.1794195 0.9254433 -0.10941494 0.3568022 -0.065152675
seq3/frame00148.png 53.416714 3.3019018 10.515176 0.9382809 -0.09464772 0.3264208 -0.063586354
seq3/frame00149.png 55.254505 3.7819257 11.643858 0.93528384 -0.09067659 0.3373861 -0.056024365
seq3/frame00150.png 57.232014 4.237056 13.286923 0.93122905 -0.08438607 0.35025954 -0.054113593
seq3/frame00151.png 55.587685 2.8795958 5.1609917 0.95088106 -0.08784128 0.29231218 -0.0514868
seq3/frame00152.png 34.349556 3.2381659 8.40429 0.9407496 -0.0716916 0.32621303 -0.059153683
seq3/frame00153.png 49.64991 3.620274 12.393806 0.94618374 -0.09559888 0.29866585 -0.07906904
seq3/frame00154.png 41.707382 2.8613567 11.957406 0.9328007 -0.09755933 0.34391138 -0.044228043
seq3/frame00155.png 45.95388 2.6486487 11.644324 0.95414907 -0.10228508 0.26924196 -0.08101567
seq3/frame00156.png 44.108444 2.7408423 12.789723 0.95023894 -0.102898665 0.29173893 -0.03472308
seq3/frame00157.png 37.960243 2.4195068 10.7710705 0.9180269 -0.10863673 0.3781675 -0.048731536
seq3/frame00158.png 52.680355 4.5704308 13.932825 0.94573206 -0.085931644 0.31132877 -0.037286524
seq3/frame00159.png 67.55744 5.342792 18.646286 0.93476164 -0.07959447 0.34488758 -0.028840445
seq3/frame00160.png 64.58467 5.0543346 17.278713 0.91616344 -0.07023454 0.38972923 -0.06152392
seq3/frame00161.png 64.34276 4.966689 17.528286 0.8937036 -0.067253135 0.4403638 -0.053850316
seq3/frame00162.png 64.46947 5.011754 17.611193 0.89486384 -0.05918583 0.43829226 -0.0588789
seq3/frame00163.png 64.39471 4.788419 17.054424 0.9027411 -0.069165975 0.42108083 -0.054562014
seq3/frame00164.png 67.20381 5.15333 14.823084 0.9345657 -0.06890055 0.33934337 -0.08189695
seq3/frame00165.png 68.35128 5.248953 17.911285 0.908537 -0.06638185 0.40280893 -0.088929005
seq3/frame00166.png 68.93338 5.425388 16.44896 0.90537405 -0.058347076 0.4088003 -0.09930126
seq3/frame00167.png 69.43113 5.34611 18.56751 0.87778574 -0.063083895 0.4667061 -0.087298796
seq3/frame00168.png 69.641075 5.634752 19.522642 0.8719954 -0.056238648 0.4710651 -0.12042608
seq3/frame00169.png 59.091927 4.968272 17.592865 0.84969693 -0.07836836 0.5089993 -0.11265003
seq3/frame00170.png 71.19172 5.0337615 18.75389 0.86503816 -0.084581114 0.48120394 -0.11306881
seq3/frame00171.png 69.21642 4.2255316 14.756079 0.89438623 -0.09588072 0.409728 -0.15139599
seq3/frame00172.png 71.2507 4.9453163 18.580027 0.89185774 -0.106417954 0.42293435 -0.12005382
seq3/frame00173.png 69.621155 4.9649444 18.455595 0.8415045 -0.09210982 0.5161305 -0.13061018
seq3/frame00174.png 57.34372 5.1981525 17.808746 0.84678274 -0.07089634 0.51536405 -0.11092941
seq3/frame00175.png 72.1405 5.682662 19.482605 0.84226584 -0.07246317 0.5179829 -0.12974936
seq3/frame00176.png 67.80331 5.1967864 18.416615 0.8527801 -0.07702039 0.50859046 -0.089125
seq3/frame00177.png 73.29824 5.5631957 18.328152 0.83674026 -0.07019433 0.5310321 -0.11344611
seq3/frame00178.png 74.782196 5.165281 17.515827 0.85249376 -0.078263395 0.5036064 -0.11544857
seq3/frame00179.png 72.70104 4.8392415 16.71103 0.93776035 -0.06337758 0.32217616 -0.11337997
seq7/frame00001.png -59.284706 -2.468114 -5.61901 0.81804 -0.045955993 -0.56570405 0.09236898
seq7/frame00002.png -58.98341 -2.2841487 -5.931505 0.8215393 -0.04328534 -0.5609171 0.090879716
seq7/frame00003.png -58.4336 -2.4227934 -5.3458405 0.8256153 -0.043944906 -0.5548951 0.09133665
seq7/frame00004.png -59.083122 -2.650238 -6.3358173 0.8287881 -0.034253605 -0.54967785 0.09755971
seq7/frame00005.png -58.257664 -2.671298 -5.8951597 0.8358645 -0.009620437 -0.53889054 0.103761986
seq7/frame00006.png -58.027504 -2.4671693 -6.5065546 0.8367037 -0.020479912 -0.53630745 0.10796178
seq7/frame00007.png -56.71572 -2.7556286 -6.7066803 0.8336709 -0.015191599 -0.5419191 0.10535282
seq7/frame00008.png -56.495235 -2.7663012 -6.6536903 0.8614676 -0.027197622 -0.49864376 0.09125506
seq7/frame00009.png -55.65241 -2.793766 -6.716302 0.8528517 -0.008892071 -0.5118398 0.10266138
seq7/frame00010.png -54.667316 -2.6733708 -7.207534 0.85695684 -0.010398578 -0.50411737 0.10576636
seq7/frame00011.png -54.01271 -2.7607808 -7.324217 0.86228204 -0.012387075 -0.49661553 0.098742686
seq7/frame00012.png -52.996674 -2.6368628 -7.824997 0.8488345 -0.0021211875 -0.51656306 0.1118477
seq7/frame00013.png -52.784164 -2.4447665 -7.953024 0.8519566 -0.01613717 -0.5109447 0.113049746
seq7/frame00014.png -51.90415 -2.5230784 -7.829136 0.8517775 -0.015083634 -0.5113388 0.11303769
seq7/frame00015.png -51.28131 -2.9258912 -8.691258 0.8735339 0.0008559263 -0.4759649 0.101558276
seq7/frame00016.png -51.015396 -2.8379252 -8.077031 0.8614676 0.0046406887 -0.49396762 0.11732794
seq7/frame00017.png -49.70733 -2.8826659 -8.283297 0.8685589 -0.022346418 -0.4806588 0.11784573
seq7/frame00018.png -49.344036 -3.2252927 -8.328004 0.8652145 -0.003174452 -0.4868904 0.119324125
seq7/frame00019.png -48.695347 -2.9734554 -8.480042 0.86390847 -0.0024550883 -0.48903948 0.11999907
seq7/frame00020.png -47.18507 -3.0431342 -8.1734495 0.8479352 0.0022494039 -0.5156713 0.122259595
seq7/frame00021.png -47.55506 -2.98886 -8.520629 0.8767421 -0.016029052 -0.46503395 0.121479675
seq7/frame00022.png -45.4873 -3.054747 -8.964965 0.8668003 0.013484343 -0.47994402 0.13512509
seq7/frame00023.png -44.6037 -2.7723038 -7.960964 0.87465113 0.007920289 -0.4685183 0.12358443
seq7/frame00024.png -44.540134 -2.5158715 -7.227189 0.83531666 0.0026304582 -0.5331062 0.13345923
seq7/frame00025.png -43.927055 -2.5929801 -7.1450386 0.8460977 -0.034129933 -0.52010953 0.11109135
seq7/frame00026.png -42.563953 -2.4201765 -6.9448423 0.82672346 -0.038787268 -0.5517888 0.10145783
seq7/frame00027.png -42.476536 -2.3649924 -6.5830736 0.85242224 -0.040562548 -0.5108089 0.102999516
seq7/frame00028.png -41.294052 -2.3404922 -6.2093534 0.8545319 -0.028498678 -0.5058337 0.11442326
seq7/frame00029.png -40.794567 -2.1375537 -6.130727 0.8772293 -0.038837124 -0.46755877 0.100504264
seq7/frame00030.png -40.173115 -2.125137 -5.7005157 0.8898023 -0.021024082 -0.44462675 0.10038742
seq7/frame00031.png -39.44644 -2.0634058 -5.3959265 0.9087385 -0.025950765 -0.4027196 0.10689263
seq7/frame00032.png -39.112457 -1.7481494 -5.0260725 0.87889755 -0.029609669 -0.4661157 0.09645929
seq7/frame00033.png -37.902565 -1.7636092 -4.8122196 0.88097847 -0.037559018 -0.46418336 0.083171956
seq7/frame00034.png -36.779907 -1.7895439 -4.930071 0.878967 -0.031391058 -0.4699675 0.0749601
seq7/frame00035.png -36.54415 -1.7080379 -4.8419456 0.89411324 -0.03721952 -0.44043508 0.07022591
seq7/frame00036.png -35.916935 -1.5939195 -4.994816 0.89704376 -0.020186717 -0.43573028 0.07217378
seq7/frame00037.png -34.958557 -1.8039501 -4.6514273 0.9004393 -0.012040089 -0.4263598 0.08411964
seq7/frame00038.png -33.682396 -1.6033823 -4.471285 0.8921314 -0.014315836 -0.44442374 0.078916684
seq7/frame00039.png -33.21848 -1.8251402 -4.7694902 0.8903509 -0.0126478085 -0.44654647 0.086889416
seq7/frame00040.png -31.916388 -1.7022762 -4.5406694 0.88560814 -0.004014527 -0.4570703 0.08097973
seq7/frame00041.png -30.956926 -1.5631914 -4.819317 0.8893906 -0.0049239025 -0.4484011 0.0887675
seq7/frame00042.png -30.53413 -1.513385 -5.0489006 0.88712305 -0.013614044 -0.45202407 0.09143683
seq7/frame00043.png -30.35399 -1.5303919 -4.201086 0.9053066 -0.016955959 -0.41759527 0.07601528
seq7/frame00044.png -28.955778 -1.5415051 -4.5211077 0.90517175 -0.008588815 -0.41576946 0.087759316
seq7/frame00045.png -28.307602 -1.5254102 -4.2524567 0.92233837 -0.0054097543 -0.37878206 0.075802736
seq7/frame00046.png -27.482906 -1.3412602 -4.1536217 0.9256411 0.008324704 -0.36938608 0.08130186
seq7/frame00047.png -26.96049 -1.2844932 -4.451236 0.92233837 0.0014227489 -0.375341 0.09089049
seq7/frame00048.png -26.31498 -1.2807322 -4.00368 0.9369139 0.00798025 -0.33992606 0.081593975
seq7/frame00049.png -25.281372 -1.0632651 -3.2610435 0.936197 -0.005720842 -0.34175104 0.08090672
seq7/frame00050.png -24.529224 -1.0849361 -3.770957 0.9311635 0.009619051 -0.35605237 0.078001164
seq7/frame00051.png -24.099743 -1.0510654 -2.9245853 0.94036025 -0.00618231 -0.33348775 0.06725899
seq7/frame00052.png -23.169952 -0.8740921 -2.282444 0.94185185 -0.004293222 -0.32984906 0.06422012
seq7/frame00053.png -22.17462 -0.83789086 -2.3789835 0.94895345 0.002556656 -0.3091142 0.062935546
seq7/frame00054.png -21.880865 -0.7660389 -2.0019808 0.9614772 0.008593687 -0.26788816 0.06006852
seq7/frame00055.png -20.489265 -0.60721827 -2.1195421 0.95657676 0.007696576 -0.2832978 0.06836793
seq7/frame00056.png -19.900051 -0.80363584 -2.37844 0.96420306 0.0035765145 -0.2546605 0.07422059
seq7/frame00057.png -18.623337 -0.47066903 -1.1071882 0.9608422 0.0016237955 -0.27187657 0.0540577
seq7/frame00058.png -18.016863 -0.422009 -1.1969509 0.96293616 0.0022105318 -0.26634136 0.041770335
seq7/frame00059.png -17.62088 -0.4236517 -1.5745068 0.9652153 -0.015247481 -0.25679636 0.046746295
seq7/frame00060.png -17.47004 -0.5177829 -0.8368721 0.9654682 -0.024615584 -0.25571758 0.042277165
seq7/frame00061.png -16.672247 -0.52724814 -1.17453 0.9636965 -0.0111904 -0.25973445 0.059898525
seq7/frame00062.png -13.788414 0.12902856 -0.14279461 0.9577883 -0.008692502 -0.28293946 0.04935509
seq7/frame00063.png -14.654609 -0.31888223 -0.3259678 0.9636965 -0.026014613 -0.26233116 0.042798232
seq7/frame00064.png -13.740142 -0.32983446 -0.47405815 0.9711412 -0.01304802 -0.2310954 0.057475317
seq7/frame00065.png -13.243682 -0.20639133 -0.54574966 0.9702609 -0.0054767467 -0.23753275 0.044332948
seq7/frame00066.png -12.669263 -0.41447043 -0.6576128 0.97459173 0.019425921 -0.22163478 0.024369491
seq7/frame00067.png -11.369653 -0.32204437 -0.5340147 0.9787164 0.0073699756 -0.20336397 0.02632475
seq7/frame00068.png -11.273285 -0.30834723 -0.7155247 0.9872231 0.0092215985 -0.15802494 0.018562984
seq7/frame00069.png -9.619003 -0.357059 -0.841362 0.9906792 0.013600276 -0.13443172 0.015437007
seq7/frame00070.png -9.658233 -0.25349975 -0.5112648 0.99761677 0.0032664898 -0.06895094 0.0019525331
seq7/frame00071.png -8.06249 -0.118635416 -0.116233826 0.99822843 0.00570354 -0.058116876 0.0064086006
seq7/frame00072.png -8.142689 -0.060791016 -0.1591587 0.99914515 -0.0033292621 -0.039798427 0.004604461
seq7/frame00073.png -6.5435925 0.074551105 0.07559776 0.99993896 -0.0040953276 0.0032970533 0.0010257394
seq7/frame00074.png -6.558729 0.17707348 0.7094965 0.9998169 -0.014918198 -0.013891856 0.0011985112
seq7/frame00075.png -5.5939827 0.15624976 0.8185053 0.99969476 0.0004948696 0.0026358066 -0.022124369
seq7/frame00076.png -5.08068 0.058300495 0.95577145 0.9995116 -0.02667013 0.0008495427 -0.014537282
seq7/frame00077.png -5.0125036 0.29892206 1.2847347 0.9998169 -0.008027593 -0.013914749 0.004340013
seq7/frame00078.png -5.420268 0.3664174 0.9915705 0.99804497 5.5690207e-06 0.06323398 -0.0008547327
seq7/frame00079.png -4.19289 0.54632354 2.2180662 0.9995116 0.020861324 -0.008152175 0.019952983
seq7/frame00080.png -2.8464375 0.5568166 1.7344208 0.99804497 -0.0008495967 0.060252685 0.019034406
seq7/frame00081.png -1.1246204 0.50060606 1.784687 0.99773914 -0.004976079 0.06202989 0.02456879
seq7/frame00082.png -1.9764004 0.7183943 2.7496529 0.9968823 -0.018727515 0.06979769 0.029396152
seq7/frame00083.png -0.7709522 0.5982251 2.1864996 0.99117196 -0.011399771 0.13103963 0.0019322747
seq7/frame00084.png 0.7270241 0.6580341 2.6806831 0.988644 -0.01896074 0.14866085 0.009364615
seq7/frame00085.png 1.2380466 0.55360126 2.451253 0.9932634 -0.0011100447 0.11552433 -0.005605311
seq7/frame00086.png 1.6182566 0.45182776 2.0163326 0.99737203 -0.0053336117 0.07172169 -0.0057906695
seq7/frame00087.png 1.3760128 0.4688654 1.7463436 0.9989008 0.00784592 0.04338265 0.014431604
seq7/frame00088.png 2.9662113 0.66604495 2.2557068 0.99914515 0.008376607 0.037125852 0.008552233
seq7/frame00089.png 3.9198036 0.50606966 2.1718483 0.9966987 0.006600235 0.079516664 -0.01538205
seq7/frame00090.png 4.802925 0.32357287 1.7905722 0.9993284 0.025201557 0.025094675 -0.0014667825
seq7/frame00091.png 5.1717253 0.7668834 2.3551826 0.99902296 0.026591532 0.021039538 0.029860107
seq7/frame00092.png 5.3791275 0.47561264 1.7905979 0.9966987 0.034155115 0.07097405 0.016078623
seq7/frame00093.png 6.9093504 0.5972476 1.7899704 0.99000126 0.006296169 0.13970251 -0.017370338
seq7/frame00094.png 7.814658 0.5457771 2.2754583 0.99473715 -0.0017036453 0.09685372 -0.032074932
seq7/frame00095.png 8.697694 0.30598426 1.2986145 0.99086404 -0.012354231 0.1326819 -0.019534238
seq7/frame00096.png 9.113822 0.08874202 0.4082613 0.9935706 -0.0021985262 0.10870059 -0.031774726
seq7/frame00097.png 9.452104 0.368248 0.91403675 0.9818295 -0.027585594 0.1851887 -0.031672925
seq7/frame00098.png 10.149892 0.27894688 0.10034275 0.97765565 -0.0185554 0.20202386 -0.05439224
seq7/frame00099.png 9.935217 0.105679035 0.16019726 0.9620484 -0.04502861 0.26081383 -0.06596477
seq7/frame00100.png 10.976981 0.023818493 -0.64759254 0.9628728 -0.056225687 0.25507572 -0.06708098
seq7/frame00101.png 10.79865 -0.049324274 -0.91508293 0.9607152 -0.05913144 0.2622558 -0.0696617
seq7/frame00102.png 11.262317 -0.17021179 -1.7320032 0.9593165 -0.042015426 0.27549013 -0.046445217
seq7/frame00103.png 11.988719 -0.22417068 -1.4977045 0.9589983 -0.057009734 0.27227202 -0.05300012
