seq4/frame00001.png -9.132188 -4.798494 -11.574126 0.93782544 0.029042652 -0.30783585 0.15762757
seq4/frame00002.png -9.1846 -4.8163114 -11.6517 0.9386712 0.028423151 -0.30859885 0.15117833
seq4/frame00003.png -9.003517 -4.7816396 -11.594548 0.93873614 0.02348791 -0.30766726 0.15324846
seq4/frame00004.png -8.601217 -4.863338 -11.781267 0.9439233 0.0025702803 -0.30377802 0.12958093
seq4/frame00005.png -8.041636 -4.8580556 -11.541472 0.96906495 -0.008392558 -0.21748222 0.11598422
seq4/frame00006.png -7.929677 -4.7775025 -11.23378 0.9706383 -0.0056043104 -0.21247646 0.112243414
seq4/frame00007.png -7.3504252 -4.537286 -10.658557 0.97515523 -0.0061455746 -0.20410663 0.08649965
seq4/frame00008.png -6.675895 -4.2518053 -9.818582 0.9823888 -0.014065861 -0.16818409 0.080053635
seq4/frame00009.png -5.893981 -4.1617723 -9.62767 0.9892612 -0.025619976 -0.12870143 0.06666438
seq4/frame00010.png -4.1492853 -3.934214 -8.597069 0.9864809 -0.0144934235 -0.14601699 0.073658146
seq4/frame00011.png -3.8914561 -3.7586908 -8.253848 0.99896187 0.0035933605 -0.040813856 0.020681871
seq4/frame00012.png -2.2974029 -3.849411 -8.242804 0.9994505 0.015236644 -0.02418321 0.017152674
seq4/frame00013.png -0.2002964 -3.5793352 -7.796421 0.99993896 -0.013646005 0.00068835646 0.005882622
seq4/frame00014.png -3.0456448 -3.5424943 -7.4258566 0.99792266 -0.0029376973 -0.06308882 0.012706449
seq4/frame00015.png -0.59158325 -3.4451532 -7.4611616 0.99993896 -0.0012102866 -0.010616951 -0.003420085
seq4/frame00016.png -2.7265267 -2.9527884 -6.471426 0.99969476 -0.021017767 -0.01261524 -0.0070631607
seq4/frame00017.png 3.9709558 -2.6669512 -6.1896505 0.99804497 -0.0330847 0.04539209 -0.030355671
seq4/frame00018.png -1.2091236 -2.4390893 -5.768587 0.9987785 -0.0378728 0.03223542 -0.00647
seq4/frame00019.png 0.05075836 -2.1823115 -4.9621353 0.9955345 -0.059316393 0.06434373 -0.0358504
seq4/frame00020.png 1.8460054 -2.030733 -4.7291403 0.9960248 -0.07659844 0.04378367 -0.0131481225
seq4/frame00021.png 1.6221318 -1.8399343 -4.2422066 0.9942461 -0.09116174 0.05647731 0.0023787997
seq4/frame00022.png 1.8823009 -1.4723425 -3.435402 0.99400055 -0.09480707 0.054541696 -0.0075228936
seq4/frame00023.png 1.721024 -1.3988647 -3.3114433 0.9950439 -0.060741104 0.07909685 0.0072006425
seq4/frame00024.png 1.9909577 -1.1899672 -2.7570267 0.99473715 -0.055682454 0.086146735 0.005858258
seq4/frame00025.png 2.2704053 -0.9818497 -2.1144428 0.99804497 -0.033283453 0.051079478 -0.0120857
seq4/frame00026.png 2.6388812 -0.78358936 -1.7151012 0.9936321 -0.02634421 0.10749605 -0.025576381
seq4/frame00027.png 3.1566381 -0.53955317 -1.2900352 0.9967599 -0.009207997 0.08003226 -0.00802351
seq4/frame00028.png 3.2818956 -0.33615112 -0.53595924 0.994553 -0.030201433 0.09929574 -0.014345105
seq4/frame00029.png 3.7306223 -0.071183205 -0.04978943 0.98821175 -0.0454423 0.14007902 -0.042014442
seq4/frame00030.png 4.4763002 0.17154837 0.44120026 0.985862 -0.069123015 0.14802788 -0.03753321
seq4/frame00031.png 4.950451 0.26861715 0.67939377 0.98821175 -0.03334443 0.1446495 -0.037119705
seq4/frame00032.png 5.3409824 0.5640373 1.3798561 0.9888292 -0.028871715 0.14301606 -0.030916344
seq4/frame00033.png 6.555152 0.8727994 1.826107 0.9893846 -0.0039862357 0.14046818 -0.038309503
seq4/frame00034.png 6.693697 1.0652876 2.4623623 0.9787164 -0.044137027 0.19656646 -0.04077725
seq4/frame00035.png 6.990572 1.0634346 2.4566317 0.9898163 -0.0466019 0.13350064 -0.017732
seq4/frame00036.png 6.7620153 1.8706284 4.120221 0.9906792 -0.0504273 0.1263917 -0.009441641
seq4/frame00037.png 7.9815826 1.5535092 3.429903 0.99117196 -0.045183428 0.12340387 -0.020786686
seq4/frame00038.png 8.124267 2.3643508 4.8896837 0.988644 -0.03727325 0.14446278 -0.015067499
seq4/frame00039.png 8.272287 2.0213022 4.5712547 0.98263735 -0.030055225 0.17975679 -0.035303824
seq4/frame00040.png 10.283016 2.5914793 5.708826 0.9818917 -0.013968693 0.18150948 -0.051842093
seq4/frame00041.png 10.713373 2.1369567 4.667528 0.97559327 -0.0227335 0.20945789 -0.06182699
seq4/frame00042.png 10.989262 2.1152487 4.391016 0.9783421 -0.041003402 0.19358473 -0.060015634
seq4/frame00043.png 12.197536 2.2745218 4.5804663 0.97990054 -0.03250608 0.19140823 -0.04637274
seq4/frame00044.png 12.194961 1.9638691 3.7383814 0.9795891 -0.0471819 0.18716992 -0.05535968
seq4/frame00045.png 11.82453 1.6528769 3.274273 0.9705754 -0.054883353 0.21997361 -0.08222284
seq4/frame00046.png 12.2816105 1.500215 2.7095547 0.9784045 -0.0406109 0.19207521 -0.06469048
seq4/frame00047.png 12.066668 1.2103114 2.1958332 0.97383994 -0.041059785 0.20212601 -0.09645641
seq4/frame00048.png 11.987757 1.1484833 2.1768312 0.97076404 -0.055124182 0.21879914 -0.08220686
seq4/frame00049.png 11.43684 1.1424618 1.9812126 0.97565585 -0.06978354 0.19643237 -0.068892084
seq4/frame00050.png 10.40874 0.85150194 1.45117 0.96767837 -0.08204325 0.22145213 -0.08959634
seq4/frame00051.png 8.627489 0.5912676 1.5732374 0.9693169 -0.106257126 0.20269136 -0.090043075
seq4/frame00052.png 7.8082085 0.23052168 1.3561487 0.9656579 -0.10877714 0.21452041 -0.09863261
seq4/frame00053.png 6.091278 1.026268 2.848052 0.9667949 -0.10445097 0.2112378 -0.09876914
seq4/frame00054.png 6.4765596 0.9073038 1.7924194 0.9703238 -0.06865736 0.22418217 -0.06018134
seq4/frame00055.png 7.3297853 0.63920593 1.5424709 0.9747796 -0.067373 0.20612632 -0.05275256
seq4/frame00056.png 7.330847 0.08238697 0.15909767 0.98313415 -0.026187059 0.16824283 -0.06763858
seq8/frame00001.png 2.0166616 4.474906 10.497955 0.99914515 -0.034636542 0.02634393 0.0008284379
seq8/frame00002.png 2.1938987 4.402442 10.390708 0.99908406 -0.03314193 0.029048825 0.00301351
seq8/frame00003.png 2.1272388 4.335066 10.603047 0.99914515 -0.033078816 0.027672581 0.0038475501
seq8/frame00004.png 2.097733 4.7757225 10.551553 0.99914515 -0.023785897 0.004667457 0.035079427
seq8/frame00005.png 2.9233317 4.9927588 11.546725 0.9959635 -0.029798627 -0.08300718 0.01895162
seq8/frame00006.png 0.49515533 4.8763547 11.309783 0.9956571 -0.047309343 -0.0800596 -0.0059558125
seq8/frame00007.png 1.8229661 5.134021 11.991074 0.99516654 -0.030351475 -0.0909241 -0.022853687
seq8/frame00008.png 2.5985188 5.925274 13.042032 0.9984729 -0.008361233 -0.017620292 -0.052891437
seq8/frame00009.png 2.3754044 6.004427 13.6043415 0.9989008 -0.0001654059 -0.02654896 -0.03864722
seq8/frame00010.png -5.87534 5.7555075 13.215284 0.99865633 -0.01099347 -0.045410138 -0.022032779
seq8/frame00011.png 0.59341 5.5796914 13.336497 0.9948598 -0.0043453416 -0.100737534 0.011698775
seq8/frame00012.png -3.6360998 4.849347 11.487238 0.99141824 -0.0045932126 -0.1296527 0.0143250525
seq8/frame00013.png -3.8246317 4.7645907 12.274386 0.9950439 0.00844947 -0.09995216 0.005522441
seq8/frame00014.png -4.4876323 4.937765 11.882953 0.9935706 -0.0046936446 -0.11306212 0.0009985993
seq8/frame00015.png -5.5112824 5.228674 12.81117 0.99608606 0.010156329 -0.08722494 -0.011948622
seq8/frame00016.png -4.98901 4.9014454 12.440927 0.9948598 -0.0084912935 -0.101013616 0.008964843
seq8/frame00017.png 0.77850056 5.6785903 13.984961 0.9985341 -0.0060570817 -0.013684305 -0.05316326
seq8/frame00018.png -6.405903 5.485818 13.75396 0.9985952 0.0015732694 -0.025372863 -0.046283893
seq8/frame00019.png -4.3893585 5.725888 13.478666 0.99865633 -0.014736904 -0.028335499 -0.04155975
seq8/frame00020.png -4.7000394 5.877459 13.935076 0.99792266 -0.019266097 -0.05263008 -0.03177377
seq8/frame00021.png -6.532407 5.2973776 12.7282295 0.99743325 -0.01959681 -0.059463542 -0.03532321
seq8/frame00022.png -7.419281 5.8899536 14.165839 0.9969436 -0.031429987 -0.0689975 -0.021741562
seq8/frame00023.png -8.343129 5.5604963 13.5829935 0.9981061 -0.021815607 -0.02128818 -0.052268792
seq8/frame00024.png -9.404881 5.8221307 14.773565 0.9870376 -0.04866549 -0.15267484 0.006844551
seq8/frame00025.png -11.8069315 5.259107 13.605916 0.99061763 -0.040510703 -0.12963425 0.012613384
seq8/frame00026.png -11.744516 6.030739 15.070209 0.99498254 -0.05071528 -0.08655489 0.0036685956
seq8/frame00027.png -13.779092 5.5201163 14.6765585 0.98549044 -0.07853204 -0.15068491 0.003522484
seq8/frame00028.png -9.708365 5.7303295 15.074268 0.997066 -0.02289432 -0.046385482 -0.057985682
seq8/frame00029.png 8.990636 5.124549 12.432725 0.99498254 -0.0334089 0.035042156 -0.087628394
seq8/frame00030.png 10.680065 5.3241386 12.4321 0.99559575 -0.035602972 0.02833831 -0.0825474
seq8/frame00031.png -13.286186 6.297626 17.359814 0.99712723 -0.05241192 -0.03984836 -0.038930196
seq8/frame00032.png -12.280498 6.284734 16.499228 0.9965149 -0.033395804 -0.07411082 -0.016908444
seq8/frame00033.png -13.919683 6.993443 17.365795 0.9950439 -0.036956843 -0.0908433 -0.019682202
seq8/frame00034.png -12.896776 6.6926756 17.287296 0.98919946 -0.027395496 -0.14401145 -0.009800908
seq8/frame00035.png -10.518182 7.1523223 17.805159 0.9879647 -0.025290648 -0.15104888 -0.022510607
seq8/frame00036.png -11.430793 7.0313854 17.88833 0.9848709 -0.025207415 -0.1712307 -0.009049958
seq8/frame00037.png -18.618515 6.603207 17.814457 0.9802119 -0.076401986 -0.18144694 0.02195701
seq8/frame00038.png -16.47363 5.997114 17.376055 0.98518074 -0.10572323 -0.13512005 -0.0060249544
seq8/frame00039.png -14.99242 5.90148 16.301247 0.98889095 -0.11017165 -0.0987533 -0.016639546
seq8/frame00040.png -12.55646 5.9694996 16.703829 0.99074084 -0.06451643 -0.10337415 -0.060835503
seq8/frame00041.png -15.080603 7.750842 19.53366 0.974717 -0.071697995 -0.21146211 -0.0012523667
seq8/frame00042.png -16.631413 6.474368 17.44927 0.9603975 -0.04292936 -0.27454454 0.019482652
seq8/frame00043.png -19.109201 6.521849 16.917458 0.96470934 -0.04677081 -0.25674123 0.034560103
seq8/frame00044.png -20.12328 5.3426375 14.770622 0.94023037 -0.043330833 -0.3291196 0.07509055
seq8/frame00045.png -20.031258 5.758089 15.151737 0.95644915 -0.04878605 -0.28142118 0.061150078
seq8/frame00046.png -21.703043 5.0633826 14.00061 0.9407496 -0.048773 -0.32738084 0.07470849
seq8/frame00047.png -21.541784 5.720958 14.85308 0.95664054 -0.07956054 -0.2698806 0.07402576
seq8/frame00048.png -21.271275 5.140933 14.47861 0.9666686 -0.098561056 -0.22799742 0.0634396
seq8/frame00049.png -19.826088 5.3021054 14.996058 0.9787164 -0.110038556 -0.16501106 0.052166194
seq8/frame00050.png -20.424494 4.506343 13.20442 0.97803015 -0.09323488 -0.1787938 0.0522496
seq8/frame00051.png -20.445103 4.386307 12.985491 0.97452915 -0.09391429 -0.2004173 0.036450896
seq8/frame00052.png -21.12059 4.0852385 12.910227 0.9693169 -0.098638095 -0.21862206 0.05404946
seq8/frame00053.png -14.711996 5.7769027 13.966391 0.98089665 -0.08120211 -0.17677793 0.00431289
seq8/frame00054.png -15.159052 3.251256 11.060941 0.981643 -0.11114055 -0.15239467 0.0296038
seq8/frame00055.png -17.708511 4.0939918 12.124979 0.9812077 -0.08207833 -0.17386049 0.01816846
seq8/frame00056.png -20.049864 3.5129852 11.070847 0.9792775 -0.076256745 -0.18573363 0.02688619
seq8/frame00057.png -21.00841 3.6968474 11.560329 0.9727739 -0.08015471 -0.21232371 0.045536034
seq8/frame00058.png -17.664158 3.8614578 12.877805 0.9696946 -0.086105555 -0.22615297 0.03282066
seq8/frame00059.png -21.221018 3.055933 10.876351 0.9634431 -0.10725337 -0.2409875 0.046357147
seq8/frame00060.png -22.647898 3.310759 9.756029 0.96306294 -0.075908706 -0.248561 0.070727706
seq8/frame00061.png -18.753847 3.145772 11.724422 0.96464604 -0.09535102 -0.24188913 0.04120594
seq8/frame00062.png -19.58927 2.875793 10.440154 0.97088975 -0.07845574 -0.22122256 0.048327606
seq8/frame00063.png -18.502579 3.2131429 11.156011 0.96382314 -0.08460367 -0.2424123 0.07219175
seq8/frame00064.png -16.4769 2.917406 9.503882 0.96420306 -0.05811045 -0.25339448 0.051685385
seq8/frame00065.png -20.51761 2.5634146 7.596306 0.9640764 -0.043469857 -0.25349107 0.06767781
seq8/frame00066.png -24.243053 2.331913 6.3924303 0.95382917 -0.010846239 -0.28603354 0.091441154
seq8/frame00067.png -23.260618 2.299611 6.686145 0.9547885 -0.025102673 -0.285874 0.07658253
seq8/frame00068.png -23.98937 2.2538638 6.603077 0.95088106 -0.04376017 -0.29731882 0.07431366
seq8/frame00069.png -21.772507 2.1090703 6.5049095 0.9506885 -0.060589697 -0.2945542 0.07705726
seq8/frame00070.png -23.905212 2.002388 5.781191 0.9528688 -0.04303635 -0.2892683 0.07961925
seq8/frame00071.png -24.131939 1.8658099 5.4171076 0.95139444 -0.05214065 -0.29035813 0.08888449
seq8/frame00072.png -23.616665 1.9571872 6.1675997 0.9421111 -0.06948247 -0.3168012 0.08532253
seq8/frame00073.png -22.803144 1.8615313 6.233979 0.94379395 -0.08185606 -0.30834657 0.08793504
seq8/frame00074.png -20.210337 1.9628143 7.513191 0.9451511 -0.10887706 -0.30054203 0.06721673
seq8/frame00075.png -21.256613 2.306539 6.848551 0.9372395 -0.08449613 -0.32899767 0.07905842
seq8/frame00076.png -21.32166 1.8984795 6.445407 0.936197 -0.09585263 -0.32688662 0.08758919
seq8/frame00077.png -20.84043 1.9624887 5.2401047 0.9407496 -0.08833314 -0.31401572 0.09289091
seq8/frame00078.png -20.541893 1.5164919 4.654853 0.9471508 -0.07595959 -0.29655656 0.09572681
seq8/frame00079.png -20.311537 1.3172688 3.6970482 0.9443758 -0.064525135 -0.30402026 0.10728606
seq8/frame00080.png -20.17174 1.4012566 3.826376 0.9428234 -0.06347421 -0.3104766 0.10280168
seq8/frame00081.png -19.7072 1.0713048 3.3004818 0.94359994 -0.06500672 -0.31242034 0.08780758
seq8/frame00082.png -19.633919 0.86614513 2.1029472 0.94901776 -0.056290854 -0.29725945 0.08827101
seq8/frame00083.png -19.059866 1.0890512 2.8192167 0.9422406 -0.048712015 -0.32232845 0.07771575
seq8/frame00084.png -19.62619 0.70685387 1.7453394 0.93860614 -0.028340789 -0.33163995 0.09074579
seq8/frame00085.png -19.827974 0.304852 1.3421412 0.93077004 -0.035655327 -0.34964538 0.10114928
seq8/frame00086.png -21.33225 0.0031805038 0.03656292 0.93083566 -0.031654052 -0.34280142 0.12327213
seq8/frame00087.png -21.168554 -0.35430288 -0.679451 0.9301798 -0.019225638 -0.34632397 0.119946994
seq8/frame00088.png -21.138208 -0.6115103 -0.8461132 0.93273526 -0.0041470537 -0.34655297 0.09903851
seq8/frame00089.png -21.704128 -0.82945013 -1.5475416 0.9193557 -0.01000815 -0.3754965 0.11744224
seq8/frame00090.png -21.387915 -0.9161558 -1.7385263 0.93103236 0.008104414 -0.35321805 0.09233623
seq8/frame00091.png -21.272842 -0.9862242 -1.4233141 0.9428234 0.0029536062 -0.32536602 0.072634436
seq8/frame00092.png -22.288754 -1.0862451 -2.193242 0.9331932 0.013064574 -0.34703696 0.09336511
seq8/frame00093.png -23.300398 -1.7811942 -3.7638216 0.9227353 0.010583344 -0.36684516 0.11783893
seq8/frame00094.png -23.749813 -2.0440483 -4.2862616 0.91815984 -0.013494531 -0.377448 0.119689174
seq8/frame00095.png -22.767357 -2.0811205 -3.9900799 0.93024534 -0.017018083 -0.355354 0.08988829
seq8/frame00096.png -21.181902 -2.0980935 -3.8410597 0.9318187 -0.019449735 -0.35449198 0.07522802
seq8/frame00097.png -23.3119 -2.4298549 -4.9586 0.91262573 -0.0061361142 -0.39338008 0.11168731
seq8/frame00098.png -24.76073 -2.7973127 -6.204979 0.90967834 -0.015062898 -0.39304435 0.13308357
seq8/frame00099.png -25.57197 -3.0392494 -6.853265 0.9057784 -0.0064688837 -0.39918402 0.14218067
seq8/frame00100.png -25.492905 -3.0637383 -6.798379 0.8915839 -0.01559108 -0.429773 0.1417402
seq8/frame00101.png -25.459753 -3.346272 -7.8229847 0.8756276 -0.006796186 -0.45795837 0.15341954
seq8/frame00102.png -25.214668 -3.3048468 -7.6915903 0.8629542 -0.009123932 -0.47981977 0.15836033
seq8/frame00103.png -24.692272 -3.4387197 -8.117943 0.8621404 -0.0053096185 -0.47644976 0.17238562
seq8/frame00104.png -25.315859 -3.7218885 -8.749113 0.8545319 0.0005356894 -0.486406 0.1824201
seq8/frame00105.png -24.765755 -3.5900168 -8.636221 0.865814 0.009657752 -0.46892968 0.17454448
seq8/frame00106.png -24.473135 -3.8617449 -9.179585 0.85567385 -0.002104233 -0.48361692 0.18410255
seq8/frame00107.png -22.774576 -3.8778381 -9.447072 0.8585934 0.008175049 -0.47529024 0.19200702
seq8/frame00108.png -22.008455 -4.151702 -10.158362 0.8712251 -0.004728827 -0.45312673 0.18873274
seq8/frame00109.png -21.619123 -4.3536067 -10.572891 0.8722754 0.003778507 -0.45510018 0.17933913
seq8/frame00110.png -21.232635 -4.7480416 -11.2747965 0.8888414 0.00030900698 -0.42230955 0.17764468
seq8/frame00111.png -21.565142 -4.7559032 -11.694332 0.865814 0.009516763 -0.46878868 0.17475596
seq8/frame00112.png -22.098692 -4.9094877 -11.752366 0.8733243 0.024198826 -0.45105913 0.18261816
seq8/frame00113.png -22.658987 -4.950509 -12.017633 0.86306024 -0.0077437805 -0.47523475 0.17135325
seq8/frame00114.png -23.667175 -4.9792542 -11.601726 0.8588422 -0.010837685 -0.48623896 0.16117948
seq8/frame00115.png -24.12895 -4.8880033 -10.855546 0.84591734 -0.03865577 -0.50535697 0.16652825
seq8/frame00116.png -24.707626 -4.6017013 -10.964325 0.83863467 -0.017576175 -0.5112011 0.18682419
seq8/frame00117.png -25.74814 -4.8869925 -10.520455 0.8234686 -0.018529898 -0.5366258 0.1838907
seq8/frame00118.png -25.854233 -5.082874 -11.0941 0.8384163 -0.021184262 -0.51424617 0.17893785
seq8/frame00119.png -26.43933 -4.940831 -10.679361 0.84085155 -0.03418863 -0.51435375 0.16542651
seq8/frame00120.png -27.354227 -4.758685 -11.16654 0.8432435 -0.0124496035 -0.50348514 0.18782978
seq8/frame00121.png -27.927008 -4.866138 -10.842869 0.8375787 -0.013663303 -0.5185497 0.17139247
seq8/frame00122.png -28.109455 -5.2167954 -11.273084 0.8482951 0.00651151 -0.5040844 0.16188838
seq8/frame00123.png -28.890385 -5.0237246 -10.088538 0.83040667 -0.018669082 -0.5312603 0.16691923
seq8/frame00124.png -27.260592 -4.997773 -9.478854 0.8221334 -0.008240636 -0.5483364 0.1530828
seq8/frame00125.png -28.467758 -5.1367283 -10.426669 0.83286524 -0.028250732 -0.5264676 0.16899142
seq8/frame00126.png -29.920752 -4.9816704 -10.439008 0.838853 -0.030886726 -0.503792 0.203947
