seq1/frame00001.png 3.527983 5.2986693 12.461197 0.99307895 -0.116133735 0.011075418 0.013580727
seq1/frame00002.png 3.533921 5.2969728 12.423368 0.9929705 -0.11707992 0.010852141 0.013565775
seq1/frame00003.png 3.539045 5.29524 12.392611 0.99296266 -0.11716457 0.010602712 0.013610919
seq1/frame00004.png 3.537038 5.297749 12.405324 0.9927507 -0.11895546 0.008944581 0.014683938
seq1/frame00005.png 3.6167212 5.2912083 12.12938 0.99201226 -0.12051566 -0.012364882 0.035139576
seq1/frame00006.png 2.6745667 5.4967213 12.159573 0.98901224 -0.14716624 0.0129978135 0.005289276
seq1/frame00007.png 2.691945 5.314082 12.222883 0.9942653 -0.1067252 0.006266513 0.0026267248
seq1/frame00008.png 1.872066 5.0707736 12.158294 0.9958626 -0.087125406 -0.019822173 -0.016550865
seq1/frame00009.png 1.0022126 5.030976 11.974589 0.99750507 -0.048661754 -0.035454813 -0.03685984
seq1/frame00010.png 1.7916642 5.402939 11.93714 0.9969228 -0.049244512 -0.060880885 0.0036621
seq1/frame00011.png -0.089564644 4.049243 11.848619 0.9957343 -0.063981935 -0.06468733 0.015333357
seq1/frame00012.png -0.46868333 5.0442533 11.623118 0.9949525 -0.09040272 -0.037815098 0.021608131
seq1/frame00013.png -0.6150622 5.1891775 12.192738 0.99365157 -0.10208518 -0.045203686 0.01385049
seq1/frame00014.png -1.305349 4.975009 11.640119 0.9936062 -0.09983536 -0.047474872 0.02292914
seq1/frame00015.png -2.365902 5.086859 11.59333 0.98763555 -0.133254 -0.07576997 0.03283759
seq1/frame00016.png -2.7147663 5.072049 11.682209 0.9924686 -0.09895282 -0.07215776 0.0027726197
seq1/frame00017.png -3.1786313 4.820264 11.8967705 0.9921106 -0.09535611 -0.080577664 0.011442709
seq1/frame00018.png -4.6029415 4.835355 11.247633 0.99121505 -0.09611734 -0.09071655 -0.0049774637
seq1/frame00019.png -5.082631 5.163825 11.383432 0.98943186 -0.09573417 -0.10759288 -0.016832013
seq1/frame00020.png -6.275696 4.113389 12.124453 0.9893061 -0.08952913 -0.113281034 -0.020626081
seq1/frame00021.png -6.1825085 5.028556 11.677512 0.98349035 -0.097542875 -0.15242079 0.000265787
seq1/frame00022.png -7.0306897 4.7220016 11.402551 0.9765479 -0.09791539 -0.18861549 0.034510165
seq1/frame00023.png -7.7303057 4.6608257 11.547557 0.9820112 -0.09012091 -0.1632211 0.029850766
seq1/frame00024.png -8.559497 4.389645 12.161324 0.98515874 -0.089551106 -0.14078507 0.040278967
seq1/frame00025.png -8.789829 4.655171 11.737776 0.97661 -0.09584228 -0.1908936 0.024633182
seq1/frame00026.png -9.359681 4.893384 11.759885 0.9765234 -0.09586074 -0.18724638 0.046385173
seq1/frame00027.png -10.486349 4.6223207 11.281042 0.978034 -0.09843886 -0.18275984 0.018922005
seq1/frame00028.png -10.897765 5.095343 11.205738 0.97316366 -0.0749943 -0.21318592 0.043360487
seq1/frame00029.png -11.741217 3.319328 11.298502 0.9676258 -0.0536234 -0.24167106 0.04919331
seq1/frame00030.png -11.534555 3.8260622 11.001407 0.9720743 -0.043523848 -0.2236474 0.05620573
seq1/frame00031.png -12.399364 3.30981 11.419329 0.97315097 -0.042634714 -0.21942642 0.054877717
seq1/frame00032.png -13.063556 4.531473 10.3793955 0.9721285 -0.060221516 -0.21618475 0.06785047
seq1/frame00033.png -13.910502 4.3509564 10.117723 0.96850973 -0.07490641 -0.2293034 0.06162699
seq1/frame00034.png -13.677445 4.6108375 9.639647 0.96151876 -0.064971514 -0.25859436 0.0662519
seq1/frame00035.png -14.741324 3.658132 9.369804 0.9599782 -0.040476084 -0.26943251 0.06488198
seq1/frame00036.png -14.95317 3.4358006 8.722172 0.9637388 -0.039678022 -0.25915146 0.049736507
seq1/frame00037.png -15.205292 3.099806 8.611405 0.9649837 -0.023418173 -0.25334594 0.06382638
seq1/frame00038.png -15.349828 3.2579374 7.6954336 0.9690132 -0.03600718 -0.24150884 0.03728815
seq1/frame00039.png -15.727434 2.9941652 7.189237 0.9678106 -0.021437896 -0.24658525 0.045594633
seq1/frame00040.png -15.867153 2.8803215 6.9212008 0.96291584 -0.030563727 -0.26318562 0.050914668
seq1/frame00041.png -16.116161 2.3819017 6.3173375 0.9680191 -0.032847997 -0.23927984 0.067860946
seq1/frame00042.png -16.243309 2.428951 5.6650724 0.96487296 -0.039084762 -0.25545314 0.04728924
seq1/frame00043.png -16.188505 2.3463807 4.932543 0.9606875 -0.027853867 -0.26950702 0.06057798
seq1/frame00044.png -16.000088 1.8273301 4.8385215 0.95064294 -0.041912004 -0.298363 0.07416794
seq1/frame00045.png -16.1478 1.4386293 3.9068491 0.95472974 -0.047527064 -0.2769951 0.09749852
seq1/frame00046.png -16.127226 1.2935655 3.102597 0.9543447 -0.053557847 -0.27517495 0.10313352
seq1/frame00047.png -15.922186 1.0776908 2.746069 0.95579785 -0.049885973 -0.27113968 0.102201246
seq1/frame00048.png -15.8276205 0.7621179 2.321274 0.95406497 -0.03999819 -0.2793555 0.10060143
seq1/frame00049.png -15.991721 0.34688026 1.5826206 0.9537872 -0.047544707 -0.28733054 0.07396409
seq1/frame00050.png -15.984905 0.45422217 0.92937833 0.9532168 -0.066750854 -0.27903756 0.095184535
seq1/frame00051.png -16.000624 0.22884892 0.41561016 0.95514506 -0.051293205 -0.28247488 0.07262843
seq1/frame00052.png -16.120407 -0.13643184 -0.3803926 0.9572482 -0.046502434 -0.27535453 0.07545341
seq1/frame00053.png -16.218866 -0.17462926 -0.88555706 0.9506614 -0.038275268 -0.29815063 0.07670811
seq1/frame00054.png -16.2784 -0.3562688 -1.6425327 0.94852847 -0.032854576 -0.30416417 0.08184438
seq1/frame00055.png -16.184935 -0.7357559 -2.0797346 0.941757 -0.04634225 -0.31998324 0.09250294
seq1/frame00056.png -15.973427 -0.88780737 -2.3803513 0.9418506 -0.03483018 -0.32170898 0.0905964
seq1/frame00057.png -16.161522 -1.2637702 -3.1027186 0.9325247 -0.044742122 -0.34034863 0.11206524
seq1/frame00058.png -15.991152 -1.6063907 -3.689426 0.93917143 -0.039594788 -0.32515424 0.10326682
seq1/frame00059.png -16.096909 -1.8327613 -4.3944173 0.9404125 -0.046216253 -0.31951967 0.10675011
seq1/frame00060.png -16.07278 -2.0066001 -5.0749702 0.9383945 -0.026649235 -0.33360153 0.0861139
seq1/frame00061.png -16.159994 -2.2614758 -5.337996 0.9297565 -0.015823256 -0.351281 0.10910557
seq1/frame00062.png -16.219673 -2.549521 -6.3219852 0.9210545 -0.017594026 -0.36966607 0.12122759
seq1/frame00063.png -16.160969 -2.7860694 -6.6906033 0.91909957 -0.027687728 -0.3700664 0.13243967
seq1/frame00064.png -16.184277 -3.4332864 -7.2292304 0.9224906 -0.020882241 -0.3726271 0.09861116
seq1/frame00065.png -16.139164 -3.121622 -7.971978 0.9219954 -0.027567253 -0.37105972 0.107140936
seq1/frame00066.png -16.13353 -3.476073 -8.282257 0.9112807 -0.0270469 -0.3966848 0.10713096
seq1/frame00067.png -16.04263 -3.6963305 -9.020001 0.9132151 -0.025958745 -0.38977438 0.11593208
seq1/frame00068.png -16.213718 -3.9249127 -9.530533 0.91173434 -0.03317235 -0.38714147 0.13327242
seq1/frame00069.png -16.115805 -4.11995 -10.238976 0.91102904 -0.006974711 -0.38575792 0.14549306
seq1/frame00070.png -16.262527 -4.368146 -10.635882 0.9030493 0.020901691 -0.39991248 0.1553546
seq1/frame00071.png -16.253517 -4.5695715 -11.2175865 0.9000271 0.045206696 -0.41041285 0.13953085
seq1/frame00072.png -16.324896 -4.8693233 -11.865706 0.89891416 0.044579092 -0.4097541 0.14855172
seq1/frame00073.png -16.310623 -5.045644 -12.444443 0.900347 0.027734892 -0.40402585 0.15927699
seq1/frame00074.png -16.35184 -5.2726245 -12.967292 0.8980584 0.038579542 -0.4052371 0.1666903
seq1/frame00075.png -16.261145 -5.466566 -13.531521 0.8916702 0.054397687 -0.42160854 0.15560034
seq1/frame00076.png -16.044788 -5.627306 -14.084586 0.86626744 0.0630161 -0.46345988 0.17554086
seq1/frame00077.png -15.847608 -5.937795 -14.5613165 0.87503856 0.08715636 -0.44167992 0.17784873
seq1/frame00078.png -15.560712 -6.0507703 -14.983334 0.89074117 0.11053926 -0.40523344 0.17362908
seq1/frame00079.png -15.255921 -6.1416054 -15.259867 0.8715829 0.067700975 -0.45454273 0.17073555
seq1/frame00080.png -14.871082 -6.4820194 -15.6934 0.86695033 0.11557404 -0.44753286 0.18642455
seq1/frame00081.png -14.593241 -6.538683 -16.124367 0.86485285 0.13453394 -0.4477012 0.18301313
seq1/frame00082.png -14.333744 -6.9478374 -16.207092 0.8856933 0.20783739 -0.36982438 0.18862896
seq1/frame00083.png -13.944108 -7.1079783 -16.30684 0.8782907 0.19364941 -0.3952743 0.1867178
seq1/frame00084.png -13.358686 -7.1609244 -16.496775 0.8833966 0.16097026 -0.3987574 0.18625645
seq1/frame00085.png -12.750988 -7.1324 -16.629704 0.90784824 0.18736988 -0.33589655 0.16696598
seq1/frame00086.png -12.147483 -7.05669 -16.473427 0.89423573 0.19764856 -0.35355264 0.1904679
seq1/frame00087.png -11.435158 -7.274463 -16.524792 0.8887891 0.22739355 -0.35784286 0.17405313
seq1/frame00088.png -10.867448 -7.191541 -16.534786 0.895996 0.20931971 -0.34325066 0.18856141
seq1/frame00089.png -10.133448 -7.2315946 -16.723482 0.89093006 0.23545276 -0.34633908 0.17565536
seq1/frame00090.png -9.481906 -7.3268504 -16.695621 0.8784791 0.2622394 -0.35092282 0.19067805
seq1/frame00091.png -8.828061 -7.3372602 -16.836342 0.8845034 0.27221334 -0.3337463 0.17935152
seq1/frame00092.png -8.203398 -7.3284645 -16.755953 0.90132993 0.27075905 -0.29886442 0.15803124
seq1/frame00093.png -7.5858207 -7.310584 -16.723845 0.9177062 0.261533 -0.2697945 0.12894489
seq1/frame00094.png -6.9752235 -7.2068515 -16.592012 0.92641413 0.26288807 -0.23851945 0.12551923
seq1/frame00095.png -6.342694 -7.228772 -16.509787 0.91654754 0.27421534 -0.2560508 0.13850835
seq1/frame00096.png -5.676811 -7.1571393 -16.537453 0.9189886 0.2899948 -0.23269166 0.13121599
seq1/frame00097.png -5.0219407 -7.1633306 -16.53267 0.91769165 0.30821016 -0.22239766 0.11570562
seq1/frame00098.png -4.3261757 -7.219814 -16.599712 0.9272372 0.29745093 -0.20314385 0.10240472
seq1/frame00099.png -3.6471 -7.212671 -16.664646 0.9379145 0.26955175 -0.19799045 0.09196724
seq1/frame00100.png -3.0357983 -7.2332873 -16.575436 0.95042557 0.2513069 -0.17016841 0.0676663
seq1/frame00101.png -2.3914733 -7.1699696 -16.496534 0.9652303 0.2023602 -0.15108144 0.06749258
seq1/frame00102.png -1.8617829 -7.07322 -16.160688 0.9738989 0.1889525 -0.11956512 0.039013945
seq1/frame00103.png -1.4180568 -6.8340797 -15.777589 0.953096 0.25094965 -0.14612882 0.08531526
seq1/frame00104.png -1.0401752 -6.6822133 -15.356824 0.9388645 0.29506353 -0.1417954 0.10660586
seq1/frame00105.png -0.6874913 -6.5162864 -14.969764 0.95377564 0.25349194 -0.1143359 0.113935255
seq1/frame00106.png -0.40677965 -6.3604627 -14.475999 0.9525314 0.25745842 -0.107639425 0.121708
seq1/frame00107.png -0.06862419 -6.087985 -13.822812 0.96845144 0.22136754 -0.04812329 0.10383782
seq1/frame00108.png 0.23746139 -5.860944 -13.305633 0.9787574 0.18260387 -0.021265563 0.090761386
seq1/frame00109.png 0.3374735 -5.479477 -12.764971 0.98826987 0.13734627 -0.0027475448 0.066717155
seq1/frame00110.png 0.46863604 -5.1969852 -12.259801 0.9906428 0.13430624 0.005127994 0.023716591
seq1/frame00111.png 0.52240974 -5.054974 -11.697246 0.98470044 0.1670989 0.0106912535 0.048255973
seq1/frame00112.png 1.0296034 -5.1312685 -11.126353 0.9812721 0.18256812 0.039026417 0.047443323
seq1/frame00113.png 1.1627971 -4.692323 -10.5148 0.9823347 0.17728084 0.034966506 0.048655868
seq1/frame00114.png 1.2394761 -4.401829 -10.021278 0.98980284 0.12329173 0.051080827 0.049802348
seq1/frame00115.png 1.4910905 -4.1151633 -9.522395 0.9824057 0.16440254 0.07550258 0.04636942
seq1/frame00116.png 1.7511849 -3.8166811 -8.820519 0.9834841 0.17483073 0.03426537 0.031924915
seq1/frame00117.png 1.8135948 -3.6899958 -8.375663 0.98332417 0.17174292 0.048792884 0.034599897
seq1/frame00118.png 2.1076562 -3.4660008 -7.8298745 0.99229866 0.09482103 0.0772283 0.019700544
seq1/frame00119.png 2.1124153 -3.087094 -7.3461456 0.99470687 0.062407225 0.078353874 0.022896325
seq1/frame00120.png 2.2347631 -2.872355 -6.628763 0.9922624 0.04918763 0.11237317 0.019188317
seq1/frame00121.png 2.7347023 -2.4477813 -6.2355695 0.99644905 0.07702486 0.029518351 0.01688615
seq1/frame00122.png 2.6591656 -2.7458715 -5.623931 0.9963959 0.07653201 -0.03657972 0.00015991364
seq1/frame00123.png 2.491309 -2.9751995 -5.290007 0.99596334 0.08767395 -0.01738786 0.008246649
seq1/frame00124.png 2.3236659 -2.2428164 -4.7208085 0.9947386 0.0941988 -0.03584714 -0.01834916
seq1/frame00125.png 2.478717 -1.8759104 -3.9022386 0.996183 0.073365204 -0.046719622 -0.0073683728
seq1/frame00126.png 2.239037 -1.8624171 -3.2741601 0.9967449 0.07659613 0.007098555 -0.024131645
seq1/frame00127.png 2.7592182 -1.3496426 -3.0171025 0.9986179 0.046236344 0.01069396 -0.022586418
seq1/frame00128.png 2.5978136 -0.84929013 -2.4678829 0.9983661 0.03989451 0.028382983 -0.029460805
seq1/frame00129.png 2.5529652 -0.49339196 -2.0586522 0.997423 0.0050633666 0.040119495 -0.05926327
seq1/frame00130.png 2.8241103 -0.49262297 -1.554791 0.9968705 -0.00586257 0.047397535 -0.062993996
seq1/frame00131.png 3.1932936 0.0008201031 -1.2655126 0.99638146 -0.020186692 0.061400447 -0.055194277
seq1/frame00132.png 2.8737333 0.15204869 -0.60252374 0.99990433 -0.010928039 0.0052143806 0.0066824025
seq1/frame00133.png 2.7811525 -0.21038057 0.07770458 0.9992854 -0.010864181 0.03580293 0.005368219
seq1/frame00134.png 2.9221375 0.06908239 0.5543888 0.9993886 -0.0033251033 0.034736227 0.0022196658
seq1/frame00135.png 2.607622 0.29770708 1.266688 0.9964758 0.008460182 0.08083707 -0.020729959
seq1/frame00136.png 2.6605594 -0.017075822 1.8712835 0.9970194 0.0024154496 0.0767868 -0.0070841266
seq1/frame00137.png 2.7069383 0.9241045 2.0361447 0.99800754 -0.017767306 0.058566544 -0.015337369
seq1/frame00138.png 2.6846445 1.379623 2.6206079 0.99792606 -0.005385892 0.061324254 -0.018810669
seq1/frame00139.png 2.5278864 1.7845055 2.9500682 0.99838305 -0.023532817 0.048757955 -0.017327707
seq1/frame00140.png 2.5507393 2.1277647 3.3385546 0.9969612 -0.028746737 0.06596671 -0.02984138
seq1/frame00141.png 2.678368 2.058324 3.720783 0.99910426 -0.033299472 0.024745615 -0.008336736
seq1/frame00142.png 2.5702515 1.6533018 4.393093 0.9985944 -0.0153351305 0.041848384 -0.028683243
seq1/frame00143.png 2.7352338 1.9763428 5.126372 0.9993376 0.012745237 0.031604536 -0.012767231
seq1/frame00144.png 2.7203796 1.7874534 5.6282854 0.99864376 0.0042833355 0.04717655 -0.02160283
seq1/frame00145.png 2.7363923 2.536152 6.0869775 0.9979607 0.011081756 0.062677294 -0.004811332
seq1/frame00146.png 3.2142305 1.7836701 6.5376544 0.99671906 -0.0049554906 0.07761432 -0.022419091
seq1/frame00147.png 3.3852293 2.9815109 6.5979652 0.99935055 -0.022903658 0.0021251063 -0.027736897
seq1/frame00148.png 3.0917118 3.44662 7.0562716 0.9992958 -0.0214909 0.022552941 -0.02091534
seq1/frame00149.png 3.0289028 2.9033048 8.033721 0.99674535 -0.015546827 0.07687691 -0.018625654
seq1/frame00150.png 4.3162165 1.9119319 8.075356 0.9914087 -0.024248114 0.12518778 -0.02913627
seq1/frame00151.png 3.748057 3.2515454 9.072681 0.9897242 -0.06587847 0.12445681 -0.024829423
seq1/frame00152.png 5.0329814 3.2608469 9.001485 0.9936568 -0.03153191 0.107472464 -0.010073742
seq1/frame00153.png 4.473495 4.449989 9.747351 0.99796367 -0.01101713 0.05524609 0.029915495
seq1/frame00154.png 5.6110387 4.35422 9.882003 0.9902268 -0.018552916 0.13487335 -0.030263146
seq1/frame00155.png 5.5744424 4.494722 10.042967 0.99261844 -0.01171686 0.11699 -0.029743062
seq1/frame00156.png 6.0416636 4.694124 10.443329 0.98621935 -0.039081927 0.15278521 -0.050006807
seq1/frame00157.png 7.070362 4.8523197 10.704987 0.98784673 -0.030540897 0.14595245 -0.04386247
seq1/frame00158.png 7.1371465 4.742602 11.455205 0.98555607 -0.0375024 0.16025229 -0.03990025
seq1/frame00159.png 8.474657 4.752078 10.981325 0.9865819 -0.03294642 0.14728864 -0.062263444
seq1/frame00160.png 8.366539 4.892795 10.864385 0.9889929 -0.020508364 0.13116443 -0.065332234
seq1/frame00161.png 9.548988 4.5384064 11.008617 0.9843969 -0.04318383 0.15572189 -0.06963262
seq1/frame00162.png 9.9801445 4.544167 10.574398 0.99175733 -0.0584545 0.101764925 -0.051423505
seq1/frame00163.png 10.654138 4.5379386 11.016505 0.9910071 -0.06891441 0.111421466 -0.02722222
seq1/frame00164.png 11.0971 4.5613866 10.506377 0.9907224 -0.06149295 0.10774837 -0.055479683
seq1/frame00165.png 11.392776 4.639238 10.628633 0.98327595 -0.056733374 0.15603086 -0.07486042
seq1/frame00166.png 12.15407 4.5726504 10.600314 0.97911286 -0.063652135 0.18111393 -0.06696411
seq1/frame00167.png 12.192846 4.559408 10.6023035 0.97963285 -0.039557554 0.18523182 -0.06666177
seq1/frame00168.png 13.371006 4.4992466 10.57806 0.9739301 -0.020136237 0.21750946 -0.06119064
seq1/frame00169.png 13.81955 4.484555 10.587602 0.9761334 -0.011905928 0.19744982 -0.0896394
seq1/frame00170.png 14.813435 4.506363 10.295618 0.9690369 -0.007975069 0.23536743 -0.07420327
seq1/frame00171.png 14.437026 4.6864986 10.107005 0.95922774 0.0143797835 0.2744181 -0.06610622
seq1/frame00172.png 15.69225 4.236986 10.141605 0.96207255 0.026936915 0.26615262 -0.05341952
seq1/frame00173.png 16.438667 4.477941 9.771817 0.98082334 0.035671547 0.18887052 -0.03226456
seq1/frame00174.png 16.355576 4.4367175 10.105715 0.9839412 0.058357265 0.16816145 -0.013261438
seq1/frame00175.png 16.74479 4.5088277 9.561343 0.97583216 0.04903043 0.21223383 -0.017449275
seq1/frame00176.png 17.111681 3.7916777 9.962434 0.9663759 0.04676254 0.246094 -0.05803989
seq1/frame00177.png 17.319052 4.171376 9.237422 0.9703202 -0.022538943 0.23180643 -0.06508734
seq1/frame00178.png 17.473866 3.8313003 8.662141 0.97259176 -0.016378654 0.22585317 -0.052795645
seq1/frame00179.png 17.623034 3.780633 8.129459 0.9726385 -0.022405636 0.2251751 -0.05261723
seq1/frame00180.png 18.085285 4.169114 7.1298876 0.9728832 -0.012634508 0.22777736 -0.038158733
seq1/frame00181.png 17.932505 3.8821507 6.764837 0.97019774 -0.009494121 0.2353582 -0.05685739
seq1/frame00182.png 17.798971 3.803671 6.5071697 0.963357 -0.013458984 0.25879446 -0.06919266
seq1/frame00183.png 17.608128 3.0564296 5.8852835 0.9657672 -0.015845312 0.25102717 -0.0634672
seq1/frame00184.png 17.381128 3.0550094 5.659077 0.9605954 -0.047763024 0.268973 -0.051270638
seq1/frame00185.png 17.233816 2.4862099 4.9409537 0.9640613 -0.05111352 0.25246868 -0.06505933
seq1/frame00186.png 17.218788 2.1726284 4.0791245 0.9637018 -0.018504418 0.25503206 -0.07677962
seq1/frame00187.png 17.031666 2.296345 3.571483 0.9657323 -0.021847127 0.25161105 -0.059797224
seq1/frame00188.png 16.993252 2.2484944 3.1065457 0.9608171 -0.03380013 0.2649773 -0.073992975
seq1/frame00189.png 17.016224 2.0510347 2.6088748 0.9589182 -0.035530444 0.2744679 -0.06229646
seq1/frame00190.png 16.850956 1.9186623 2.0384636 0.96191716 -0.03892108 0.263518 -0.06130915
seq1/frame00191.png 16.542534 1.2290772 1.6911179 0.9624928 -0.017136361 0.25960425 -0.0769386
seq1/frame00192.png 16.343046 1.1084211 1.1794248 0.96259564 -0.04474976 0.2589059 -0.066142105
seq1/frame00193.png 16.524338 0.52511626 0.6482864 0.95473593 -0.001678806 0.28696692 -0.07827167
seq1/frame00194.png 16.205027 0.9417974 0.17311524 0.9591031 -0.020422159 0.2725832 -0.07350226
seq1/frame00195.png 16.572763 0.541328 -0.7736758 0.95215356 -0.017528666 0.29035115 -0.093768544
seq1/frame00196.png 16.471777 0.8674904 -0.8378724 0.95117265 -0.019186588 0.29375535 -0.092791505
seq1/frame00197.png 16.447025 0.13497953 -1.517583 0.94679815 0.0042300303 0.30731714 -0.09545487
seq1/frame00198.png 16.536055 -0.15894836 -2.1544964 0.9424569 -0.010857797 0.31714672 -0.10523831
seq1/frame00199.png 16.321898 -0.49513218 -2.5077837 0.9439071 -0.011160968 0.31066486 -0.11136526
seq1/frame00200.png 16.317617 -0.57402724 -3.2451935 0.9457428 -0.0018281802 0.30777636 -0.104119785
seq1/frame00201.png 16.29445 -0.82593757 -3.7688584 0.9507781 0.006885421 0.2922989 -0.102639504
seq1/frame00202.png 16.404491 -1.200919 -4.368843 0.94788843 0.014775231 0.30257052 -0.09869267
seq1/frame00203.png 16.083614 -1.1448127 -5.054357 0.9597912 -0.008841303 0.26817858 -0.082480334
seq1/frame00204.png 16.437563 -1.4605969 -5.4680886 0.9520665 0.028547207 0.2804215 -0.1188201
seq1/frame00205.png 16.212927 -1.8275619 -5.9833546 0.95473814 0.022592196 0.2690726 -0.12475813
seq1/frame00206.png 16.199682 -1.8698775 -6.558917 0.95122004 0.035302408 0.2769675 -0.13123687
seq1/frame00207.png 16.330746 -2.2248354 -6.795898 0.9273374 0.07282686 0.33607134 -0.14763995
seq1/frame00208.png 16.396866 -2.718549 -7.583679 0.9241521 0.04637133 0.36198723 -0.11295084
seq1/frame00209.png 16.618689 -2.8340325 -8.07286 0.9356003 0.052890863 0.3298241 -0.11432739
seq1/frame00210.png 16.8206 -2.9556022 -8.742237 0.9481054 0.051838502 0.29153422 -0.11583051
seq1/frame00211.png 17.094236 -3.017254 -9.179842 0.9479819 0.054566313 0.29012966 -0.119069874
seq1/frame00212.png 17.162266 -3.3302186 -9.926362 0.9426232 0.04122218 0.30698806 -0.124581374
seq1/frame00213.png 17.437944 -3.4535625 -10.34063 0.9343412 0.089593925 0.31438687 -0.14191668
seq1/frame00214.png 17.491459 -3.9438164 -10.934013 0.91541 0.095430724 0.3573751 -0.15874687
seq1/frame00215.png 17.396057 -4.161833 -11.544138 0.9153935 0.094427004 0.35600597 -0.16247487
seq1/frame00216.png 17.428389 -4.394027 -12.186954 0.9027161 0.06824228 0.39084175 -0.16640133
seq1/frame00217.png 17.438236 -4.68132 -12.831259 0.91438967 0.07544035 0.36669248 -0.1540678
seq1/frame00218.png 17.57387 -4.980187 -13.355491 0.9077668 0.061089076 0.37624225 -0.17512636
seq1/frame00219.png 17.73594 -5.1314564 -14.037206 0.91327727 0.10894579 0.34960517 -0.17841427
seq1/frame00220.png 17.976374 -5.4272423 -14.431598 0.89705014 0.10508129 0.3987238 -0.15899162
seq1/frame00221.png 18.187967 -5.451179 -15.160251 0.88808936 0.05905154 0.42865983 -0.15511532
seq1/frame00222.png 18.55399 -5.653696 -15.589235 0.86909 0.069418594 0.45770139 -0.17427851
seq1/frame00223.png 18.735537 -5.989051 -16.155071 0.8576537 0.06019137 0.48260117 -0.16704285
seq1/frame00224.png 18.977016 -6.0635476 -16.768402 0.85609144 0.04508191 0.48032245 -0.18537912
seq1/frame00225.png 19.068005 -6.342306 -17.288265 0.83822423 0.05153558 0.50439215 -0.20078062
seq1/frame00226.png 19.111765 -6.610452 -17.963776 0.84886634 0.10137082 0.46816474 -0.22354352
seq1/frame00227.png 19.214584 -6.905676 -18.349913 0.8299404 0.10767777 0.4893892 -0.24515836
seq1/frame00228.png 19.023436 -7.0546265 -19.025726 0.82156354 0.08465826 0.50665134 -0.24732709
seq1/frame00229.png 18.811836 -7.299642 -19.447239 0.77227557 0.085591786 0.57033336 -0.2664287
seq1/frame00230.png 18.380465 -7.4237275 -19.627333 0.75745857 0.094862916 0.5847678 -0.27441597
seq1/frame00231.png 17.884697 -7.3766346 -19.578281 0.7850239 0.058593854 0.54829806 -0.28226486
seq1/frame00232.png 17.417633 -7.245374 -19.340654 0.8079559 0.065565124 0.5221031 -0.26517326
seq1/frame00233.png 17.01592 -7.2002773 -19.098665 0.78973335 0.07980312 0.5387476 -0.2823184
seq1/frame00234.png 16.613882 -7.3635745 -18.838099 0.813847 0.12141044 0.4858829 -0.2946697
seq1/frame00235.png 16.22892 -7.421729 -18.730017 0.78604186 0.14316377 0.49906644 -0.33552197
seq1/frame00236.png 15.661651 -7.563624 -18.63052 0.79633605 0.1427185 0.5014151 -0.30669722
seq1/frame00237.png 15.133965 -7.446694 -18.564047 0.7967825 0.10033299 0.50789434 -0.31163162
seq1/frame00238.png 14.724058 -7.4107656 -18.213675 0.8135576 0.12092772 0.4747032 -0.31330073
seq1/frame00239.png 14.221542 -7.288371 -17.930965 0.8147183 0.15071566 0.47209957 -0.30106625
seq1/frame00240.png 13.802301 -7.194568 -17.502655 0.8271149 0.16116239 0.46638164 -0.26906478
seq1/frame00241.png 13.335326 -7.0002465 -17.226421 0.82208025 0.13477704 0.47725245 -0.2797308
seq1/frame00242.png 12.717844 -6.985924 -17.134829 0.8445048 0.10570304 0.45525396 -0.26150033
seq1/frame00243.png 12.088833 -6.994254 -16.920847 0.8475682 0.03490615 0.48011464 -0.22338223
seq1/frame00244.png 11.445002 -6.9796095 -16.967598 0.8409778 -0.015624187 0.5079787 -0.1856606
seq1/frame00245.png 10.775609 -6.9981174 -16.950993 0.8604551 -0.01484395 0.47984606 -0.17071748
seq1/frame00246.png 10.147047 -7.026019 -16.983896 0.8531211 -0.025239289 0.49160206 -0.17284311
seq1/frame00247.png 9.557035 -7.0540023 -16.918398 0.86205995 -0.046253122 0.47781938 -0.16248645
seq1/frame00248.png 8.910006 -7.0813375 -16.958006 0.860453 -0.06710671 0.4798922 -0.1575461
seq1/frame00249.png 8.268096 -7.1545057 -16.945896 0.8542199 -0.08159792 0.494554 -0.13808158
seq1/frame00250.png 7.6972675 -7.133501 -17.018879 0.8485167 -0.12582177 0.488041 -0.16125824
seq1/frame00251.png 7.071281 -7.1700935 -16.99696 0.8585366 -0.1003698 0.48017678 -0.14923511
seq1/frame00252.png 6.484775 -7.176246 -16.937237 0.895043 -0.11766292 0.41793343 -0.10190728
seq1/frame00253.png 5.9451256 -7.1517816 -16.88128 0.9007582 -0.09536751 0.4165697 -0.07751914
seq1/frame00254.png 5.524297 -7.064945 -16.653551 0.9592775 -0.04077742 0.27414766 -0.054470364
seq1/frame00255.png 4.881093 -6.898755 -16.271204 0.9799603 0.03268124 0.19365501 -0.03327515
seq1/frame00256.png 4.851726 -6.7743177 -15.790551 0.97947246 0.04971388 0.19389014 -0.023851804
seq1/frame00257.png 4.5582047 -6.5656886 -15.296365 0.9737958 0.021708073 0.22161542 -0.0462298
seq1/frame00258.png 4.4315677 -6.4695277 -14.769342 0.9670308 0.012185383 0.24597186 -0.06481322
seq1/frame00259.png 4.2854123 -6.16976 -14.17884 0.9708632 -0.027246805 0.22906458 -0.06489712
seq1/frame00260.png 4.082062 -5.959497 -13.750898 0.9795973 -0.05204944 0.18812959 -0.04782626
seq1/frame00261.png 3.9464867 -5.7022023 -13.236647 0.9895108 -0.06007966 0.13137281 -7.402263e-05
seq1/frame00262.png 3.6648834 -5.385304 -12.806769 0.98764247 -0.07411487 0.1373353 -0.014433306
seq1/frame00263.png 3.5303264 -5.2333727 -12.218204 0.98602074 -0.06504618 0.1533832 0.0023955563
seq1/frame00264.png 3.4644983 -4.8467064 -11.66219 0.9851775 -0.008081218 0.16627507 -0.04138247
seq1/frame00265.png 3.2406957 -4.860746 -10.96088 0.9831796 -0.046382856 0.16884078 -0.051953916
seq1/frame00266.png 3.206361 -4.678182 -10.493296 0.98585296 -0.0801043 0.13978606 -0.04622913
seq1/frame00267.png 3.1207774 -4.4316745 -10.033201 0.99367964 -0.09833452 0.054114245 -0.0016536893
seq1/frame00268.png 3.081737 -4.127871 -9.524247 0.9908969 -0.12594098 0.045294967 -0.014513755
seq1/frame00269.png 3.276038 -3.9937382 -9.005124 0.99177384 -0.12710656 0.0025429947 0.014904698
seq1/frame00270.png 3.0856311 -3.5864177 -8.479269 0.98907465 -0.14263219 0.036996234 -0.0043247617
seq1/frame00271.png 3.1333544 -3.5307767 -7.85922 0.99188673 -0.119847775 0.02673462 0.032901406
seq1/frame00272.png 3.2143953 -3.100289 -7.426156 0.98871017 -0.14733444 0.020098532 0.01846107
seq1/frame00273.png 3.199723 -3.0052786 -6.829453 0.9874712 -0.145794 -0.035813574 0.048600197
seq1/frame00274.png 3.060008 -2.7241967 -6.304616 0.9858931 -0.16574962 -0.014787893 0.017980106
seq1/frame00275.png 3.0736527 -2.511865 -5.721697 0.9831361 -0.17721789 -0.0381023 0.024193848
seq1/frame00276.png 2.912179 -2.1863658 -5.244462 0.9829693 -0.17664652 -0.045039568 0.023213293
seq1/frame00277.png 3.07004 -2.0437424 -4.6889777 0.98209476 -0.18091477 -0.04407669 0.028583055
seq1/frame00278.png 3.0361984 -1.7804325 -4.1429152 0.97973186 -0.18968076 -0.049064755 0.041705538
seq1/frame00279.png 3.0892448 -1.5480849 -3.6498845 0.9788803 -0.18854703 -0.055235818 0.056501128
seq1/frame00280.png 3.057711 -1.2841169 -3.047178 0.98145366 -0.17284407 -0.06279992 0.054128114
seq1/frame00281.png 3.0390387 -1.0687311 -2.534689 0.9797021 -0.19326517 0.011551545 0.05195048
seq1/frame00282.png 2.9121058 -0.8572258 -1.9783634 0.97834885 -0.19455491 -0.009542841 0.069934726
seq1/frame00283.png 2.8406215 -0.6636482 -1.4851123 0.97540027 -0.21371385 -0.00063184166 0.05404
seq1/frame00284.png 2.7711136 -0.43210074 -1.0151318 0.9853194 -0.16302112 -0.042437445 0.027730588
seq1/frame00285.png 2.7964942 -0.12833625 -0.52022886 0.9845943 -0.16899362 -0.03624843 0.026483096
seq1/frame00286.png 2.6179528 -0.08079407 0.25103164 0.990262 -0.13651235 -0.00826733 0.026024321
seq1/frame00287.png 3.1383593 0.44050997 0.39909706 0.99453247 -0.09308163 0.002568994 0.047269423
seq1/frame00288.png 2.9681168 -0.0028665469 1.4009963 0.9984618 -0.036959432 0.02612431 0.032024212
seq1/frame00289.png 3.4043348 0.3871416 1.7309314 0.9945799 -0.08110601 0.06457634 0.007906355
seq1/frame00290.png 3.090215 0.6897653 2.1198287 0.9947281 -0.09064282 0.028114498 -0.038852807
seq1/frame00291.png 2.3805895 1.4109659 2.4613447 0.9934023 -0.10205116 0.031807635 -0.041541424
seq1/frame00292.png 2.1642578 1.5439968 3.0297809 0.9900201 -0.103798464 0.074485734 -0.059480693
seq1/frame00293.png 2.5586529 1.6921535 3.667014 0.9847797 -0.10568684 0.10489409 -0.08964634
seq1/frame00294.png 2.8130662 1.22086 4.161324 0.987133 -0.11177983 0.107136264 -0.039943658
seq1/frame00295.png 2.097708 2.0594103 4.6623445 0.9853594 -0.14366785 -0.091250695 0.009990985
seq1/frame00296.png 1.9946961 2.1718366 4.8386784 0.9857341 -0.1634296 -0.03950788 0.0076237344
seq1/frame00297.png 1.4529488 2.661306 5.0144277 0.9866241 -0.15997644 -0.03112399 -0.0034138896
seq1/frame00298.png 1.6486006 2.9332125 5.6037765 0.98752403 -0.15679537 -0.014498912 -0.0010944178
seq1/frame00299.png 2.0889986 2.991655 6.3122525 0.9903744 -0.13375562 0.035240285 0.005121404
seq1/frame00300.png 2.0695283 3.1003304 6.5017896 0.9887815 -0.14810273 0.018068003 0.0070887534
seq1/frame00301.png 2.1589694 3.2370455 6.8518033 0.9904861 -0.13011923 0.044361874 0.006190229
seq2/frame00001.png 13.470136 4.1048217 7.920231 0.98387164 -0.08255313 0.15370554 -0.039448697
seq2/frame00002.png 13.807937 3.0473337 7.809603 0.98430717 -0.06817169 0.15869522 -0.036163423
seq2/frame00003.png 13.333477 3.7903676 7.920919 0.9847 -0.07935861 0.14922428 -0.042428333
seq2/frame00004.png 13.6645 3.4652426 7.7134085 0.98562676 -0.073075086 0.14495648 -0.04677053
seq2/frame00005.png 13.007918 3.4683666 7.6522584 0.9905784 -0.0764929 0.109789625 -0.02914488
seq2/frame00006.png 12.702212 3.4717855 7.068558 0.9863027 -0.08838486 0.13576883 -0.031013802
seq2/frame00007.png 12.224276 3.4637706 6.941082 0.98459464 -0.07852122 0.14535025 -0.057280626
seq2/frame00008.png 12.181645 2.5828767 6.819758 0.9893129 -0.058370303 0.124569 -0.048326716
seq2/frame00009.png 11.315677 2.7072976 6.3483496 0.9928952 -0.05865798 0.09245025 -0.04659772
seq2/frame00010.png 10.24608 3.2300963 6.5637035 0.9866177 -0.088522874 0.12296016 -0.06025007
seq2/frame00011.png 10.025698 3.1107225 6.266768 0.9890491 -0.08243282 0.12045486 -0.021847993
seq2/frame00012.png 9.483477 3.0408201 6.1293516 0.988518 -0.08834971 0.119427755 -0.0276312
seq2/frame00013.png 8.957171 2.918229 6.0857186 0.9874508 -0.078555584 0.1336905 -0.029946143
seq2/frame00014.png 7.9211082 2.9794285 6.115586 0.99287575 -0.06574046 0.09731811 -0.020127915
seq2/frame00015.png 7.938964 2.8783057 6.0472603 0.9968695 -0.043266155 0.06617107 -0.0007958857
seq2/frame00016.png 6.816673 2.83507 6.3766007 0.9973161 -0.06664179 0.026778547 0.014226619
seq2/frame00017.png 4.958065 3.0889964 6.399745 0.9971743 -0.064038314 -0.02761927 -0.02792033
seq2/frame00018.png 5.2716956 2.545898 6.5588555 0.9968919 -0.07260353 -0.025307694 -0.017168542
seq2/frame00019.png 4.780624 2.0131702 6.3115654 0.9953758 -0.08416534 -0.04605928 -0.004663121
seq2/frame00020.png 3.9099092 2.674995 6.3061886 0.99010503 -0.11562034 -0.073379956 0.030648734
seq2/frame00021.png 3.2147417 3.0065877 6.1023045 0.9920409 -0.115594335 -0.04985655 -0.0026975076
seq2/frame00022.png 2.491122 2.5467227 6.241749 0.993566 -0.09807977 -0.05647345 0.004209742
seq2/frame00023.png 1.6651692 2.8465462 6.1376333 0.9911516 -0.119719885 -0.05531331 0.015037957
seq2/frame00024.png 1.1185877 2.720117 5.9291883 0.99288505 -0.10616545 -0.053482257 0.006919552
seq2/frame00025.png 0.81886464 2.750901 6.1439967 0.99002916 -0.10419154 -0.09081487 0.027186906
seq2/frame00026.png -0.21311046 2.5857534 6.4543924 0.99198335 -0.07750071 -0.096252695 0.026421929
seq2/frame00027.png -0.7017181 2.6711717 6.721289 0.9855023 -0.10456987 -0.1293945 0.033278216
seq2/frame00028.png -1.3445488 2.7500088 6.731765 0.9881114 -0.10936752 -0.10771408 0.008504991
seq2/frame00029.png -2.2168882 2.7934594 6.411683 0.98398167 -0.12202431 -0.12571692 0.032945577
seq2/frame00030.png -3.3054314 2.0125265 6.5480843 0.99277014 -0.08523916 -0.08092494 0.024351021
seq2/frame00031.png -2.9057028 2.3244574 7.0547953 0.9960254 -0.06335814 -0.05180088 0.035154145
seq2/frame00032.png -4.528197 2.3176877 7.0215263 0.99060225 -0.073923096 -0.10939267 0.035719343
seq2/frame00033.png -4.583073 2.802111 6.8208485 0.9919379 -0.053601515 -0.10946998 0.034677386
seq2/frame00034.png -5.9250865 2.7543776 6.783556 0.98633295 -0.06216547 -0.14433348 0.04950365
seq2/frame00035.png -6.7674484 2.7075207 6.4212375 0.9898039 -0.04971385 -0.120564416 0.057279646
seq2/frame00036.png -7.287982 2.344602 6.7677307 0.9860452 -0.043038897 -0.1496928 0.058775708
seq2/frame00037.png -7.712237 2.790896 6.2660365 0.9747618 -0.05227203 -0.20632951 0.06734445
seq2/frame00038.png -7.8770623 2.1543884 6.526254 0.9682691 -0.042189598 -0.22719999 0.095157966
seq2/frame00039.png -8.645736 2.1158724 6.0665708 0.9604901 -0.06699155 -0.25675306 0.08395696
seq2/frame00040.png -9.329928 2.8400073 5.6652703 0.9808793 -0.089990236 -0.16403177 0.053583845
seq2/frame00041.png -9.99947 1.8555111 5.201663 0.983419 -0.09111486 -0.15368573 0.031078098
seq2/frame00042.png -9.8102455 2.0173783 4.8724723 0.9881951 -0.088359244 -0.117632896 0.042726643
seq2/frame00043.png -9.296478 1.8469568 4.471825 0.9853924 -0.108811885 -0.11970591 0.05321939
seq2/frame00044.png -8.680848 1.9388384 4.406637 0.98814523 -0.09018471 -0.086935796 0.08875766
seq2/frame00045.png -8.348827 1.2564744 4.306536 0.98336715 -0.08247373 -0.1086216 0.11995188
seq2/frame00046.png -7.988636 1.3243946 4.0959063 0.9849909 -0.06169348 -0.1380659 0.0832148
seq2/frame00047.png -6.8159137 1.3359271 3.898614 0.9842643 -0.07543592 -0.13921468 0.07843729
seq2/frame00048.png -6.2788653 1.5461462 3.5636497 0.98440033 -0.09692459 -0.14379373 0.029748416
seq2/frame00049.png -5.783993 1.4871353 3.2999794 0.983746 -0.111839265 -0.12822455 0.057396077
seq2/frame00050.png -4.5997753 1.5277483 3.297231 0.9779314 -0.10552081 -0.16000207 0.08315685
seq2/frame00051.png -4.585272 1.2976681 2.9687295 0.9787885 -0.08722892 -0.16088012 0.09209698
seq2/frame00052.png -3.7535431 1.3798656 2.8884912 0.98125476 -0.07580163 -0.16174062 0.07234034
seq2/frame00053.png -2.9129026 1.3238505 3.3276353 0.98014516 -0.058087844 -0.16474307 0.09381373
seq2/frame00054.png -2.679024 1.1911274 2.5101757 0.9778748 -0.06615371 -0.16984603 0.10264934
seq2/frame00055.png -2.2825134 0.6671952 2.7390676 0.98195565 -0.023989255 -0.17292607 0.07269248
seq2/frame00056.png -0.8535015 1.4488871 3.0581267 0.9867269 -0.069022484 -0.12789921 0.072441444
seq2/frame00057.png -0.8488058 1.0140785 2.3876824 0.98484105 -0.05159781 -0.14140996 0.08619144
seq2/frame00058.png -0.47592247 0.90947556 2.148041 0.98566866 -0.064396754 -0.10687265 0.11352785
seq2/frame00059.png 0.4891852 1.2342097 2.1635835 0.98890066 -0.04391181 -0.12227944 0.07207704
seq2/frame00060.png 1.2935282 1.1810832 1.7688552 0.9825113 -0.08090985 -0.14333808 0.08705955
seq2/frame00061.png 1.7744685 0.7674055 2.232592 0.9800678 -0.067973584 -0.18505317 0.024536341
seq2/frame00062.png 1.9971787 1.6008704 2.2478073 0.9927846 -0.10625807 -0.050458804 0.02327748
seq2/frame00063.png 2.9428535 1.093015 2.491159 0.9972596 -0.070824295 0.018070074 0.01143045
seq2/frame00064.png 3.788749 1.0231827 2.489186 0.9951801 -0.06844719 0.06387684 -0.029178139
seq2/frame00065.png 4.66684 1.2054559 2.5472367 0.9936609 -0.024071153 0.10643708 -0.02701089
seq2/frame00066.png 5.4964423 1.1792666 2.4694412 0.9900759 -0.01934477 0.12764707 -0.055513613
seq2/frame00067.png 5.9684515 1.2300316 2.0947165 0.9789042 -0.035441898 0.18979986 -0.066832274
seq2/frame00068.png 6.7943587 0.87591165 2.0061579 0.9829519 -0.025730506 0.16999276 -0.06516072
seq2/frame00069.png 7.354118 0.871823 2.0301478 0.9851732 -0.03680327 0.15888506 -0.05324197
seq2/frame00070.png 8.169947 0.81640637 2.0384166 0.98604065 -0.030763421 0.15372774 -0.05608254
seq2/frame00071.png 8.418148 0.8882771 1.9766524 0.9813022 -0.0508305 0.17735302 -0.05484631
seq2/frame00072.png 9.450496 0.8772924 1.7150846 0.98131084 -0.07154215 0.16631019 -0.06520512
seq2/frame00073.png 9.999456 0.8616105 1.9044228 0.9848158 -0.07970841 0.13491224 -0.074720584
seq2/frame00074.png 10.649982 0.8286427 1.2212384 0.9843169 -0.0830955 0.1480766 -0.047839615
seq2/frame00075.png 11.501324 1.265607 1.4503943 0.98311204 -0.08257772 0.15731792 -0.043848485
seq2/frame00076.png 11.673674 1.622529 1.4297252 0.9716018 -0.09815375 0.20273502 -0.072486825
seq2/frame00077.png 12.643642 0.93654686 1.1147461 0.9704577 -0.08052991 0.21010807 -0.087071046
seq2/frame00078.png 13.227374 -0.054442372 0.5833773 0.96548176 -0.09268546 0.23100054 -0.07676642
seq2/frame00079.png 13.459026 1.00125 0.38894072 0.9696159 -0.13034396 0.19359839 -0.07331494
seq2/frame00080.png 13.838667 0.6623969 0.45364025 0.96477884 -0.06865353 0.23841758 -0.08743896
seq2/frame00081.png 13.985549 0.60108113 0.012157842 0.97317535 -0.061787803 0.21345021 -0.059589922
seq2/frame00082.png 14.146795 0.5026452 -0.6795321 0.9740358 -0.047048714 0.21465334 -0.054448098
seq2/frame00083.png 13.968204 -0.3984034 -1.0642873 0.97347134 -0.0335054 0.22082622 -0.0496659
seq2/frame00084.png 13.3616085 -0.30314344 -1.434494 0.9801948 -0.05410699 0.18289167 -0.053303607
seq2/frame00085.png 12.81746 -0.4175655 -1.7113525 0.98134255 -0.05356532 0.17912143 -0.044866204
seq2/frame00086.png 12.033663 -0.5809088 -1.6280289 0.9824952 -0.0436896 0.17059709 -0.06075434
seq2/frame00087.png 11.523372 -0.6727391 -2.0490682 0.98220116 -0.052242156 0.1677216 -0.06649151
seq2/frame00088.png 11.08494 -0.7540918 -2.1435072 0.990128 -0.04362606 0.12799312 -0.036893394
seq2/frame00091.png 8.600439 -1.75122 -2.2897959 0.9905643 -0.006241913 0.11774759 -0.06984946
seq2/frame00092.png 8.367397 -1.0735327 -2.59474 0.9857343 -0.010152516 0.1563756 -0.06141275
seq2/frame00093.png 7.7525616 -1.2385231 -2.875193 0.98687637 -0.017602792 0.15778363 -0.029487565
seq2/frame00094.png 7.1342845 -1.5724158 -3.3172812 0.9896484 -0.009777005 0.13552567 -0.046187606
seq2/frame00095.png 6.2836466 -1.4183732 -3.21586 0.9893649 -0.0147399325 0.13441947 -0.05358379
seq2/frame00096.png 5.778141 -1.4415954 -3.4145234 0.9845268 -0.0075556147 0.15680766 -0.07785379
seq2/frame00097.png 5.157884 -1.4868351 -3.6205318 0.98900557 -0.04119586 0.1276059 -0.062351383
seq2/frame00098.png 4.477623 -1.5851002 -3.6622152 0.9912096 -0.040033657 0.11602201 -0.04939427
seq2/frame00099.png 3.7754538 -1.5339661 -3.5990283 0.9943809 -0.042491958 0.09534996 -0.0175916
seq2/frame00100.png 3.11209 -1.5971447 -3.6041932 0.99754226 -0.030039808 0.062528156 0.009860506
seq2/frame00101.png 2.3485677 -1.5255734 -3.7035084 0.9982569 -0.02418921 0.051217485 0.016578285
seq2/frame00102.png 1.9492229 -1.5299046 -3.5852048 0.99921715 0.036425643 -0.014923219 0.0039444286
seq2/frame00105.png -0.40465158 -1.62056 -3.9080472 0.9993602 0.02605094 0.02424268 -0.0035843549
seq2/frame00106.png -0.97518146 -1.7057343 -3.7955487 0.9985676 0.047807734 0.023100452 0.0066019194
seq2/frame00107.png -1.5228078 -1.8327923 -3.9643457 0.9984362 0.05187954 0.019929275 0.006032763
seq2/frame00108.png -2.21589 -1.8149631 -3.941982 0.99718666 0.059986632 -0.044705823 -0.004661143
seq2/frame00109.png -3.1611323 -1.9473624 -3.933245 0.99663687 0.06994497 -0.042568587 -0.0032725614
seq2/frame00110.png -3.6122677 -1.8397866 -3.9463453 0.9959352 0.05066364 -0.07377005 -0.010212647
seq2/frame00111.png -4.8223257 -1.7895615 -4.24865 0.99689806 0.046347484 -0.063587226 -0.0016674572
seq2/frame00112.png -4.928582 -2.2932518 -4.137329 0.9959377 0.08814311 -0.01700841 0.0070429384
seq2/frame00113.png -5.6761436 -1.8161484 -4.149008 0.99557805 0.06651852 -0.06553215 0.010253441
seq2/frame00114.png -6.4118295 -1.8263035 -4.5103974 0.9981016 0.042399846 -0.04462519 -0.002002354
seq2/frame00115.png -6.993005 -1.85578 -4.63344 0.9931281 0.044652414 -0.10685576 0.016868588
seq2/frame00116.png -7.8133206 -1.7041274 -4.862714 0.99157155 0.021436127 -0.123198494 0.033889446
seq2/frame00117.png -8.174507 -2.3433752 -4.866855 0.98648494 0.046406437 -0.15546215 0.02292266
seq2/frame00118.png -8.44042 -2.2620313 -5.027481 0.99542224 0.019068846 -0.0914592 0.020155175
seq2/frame00119.png -9.246407 -2.0617337 -5.2486167 0.98558116 0.029632784 -0.15707144 0.055500004
seq2/frame00120.png -9.849704 -2.4592178 -5.7770925 0.9828514 0.017300472 -0.173817 0.059088968
seq2/frame00121.png -9.464076 -1.842945 -5.757317 0.95426416 0.03865115 -0.27660716 0.10665141
seq2/frame00122.png -9.336815 -2.5462313 -6.214064 0.9383874 0.021058548 -0.32167202 0.124550134
seq2/frame00123.png -8.914892 -2.662126 -6.4546547 0.9387004 -0.0042328658 -0.31926295 0.12998036
seq2/frame00124.png -8.520186 -3.1022904 -6.899275 0.9443668 0.05272237 -0.29690015 0.13130878
seq2/frame00125.png -7.916186 -3.1765256 -6.625791 0.9710399 0.051889602 -0.22267595 0.069313996
seq2/frame00126.png -7.447638 -2.8728309 -6.78134 0.9878981 0.040126994 -0.14207187 0.047567427
seq2/frame00127.png -6.687161 -2.7940311 -6.839802 0.9905285 0.030341627 -0.13174348 0.024006417
seq2/frame00128.png -6.1462345 -2.7515926 -7.0013747 0.9928353 0.052862313 -0.10711707 -0.0031012446
seq2/frame00129.png -5.4719753 -3.0502434 -7.1668677 0.99123317 0.070272125 -0.109869175 0.02114932
seq2/frame00130.png -4.9277096 -3.1221297 -7.290882 0.992149 0.079810366 -0.095263295 0.013985457
seq2/frame00131.png -4.1024637 -3.4575336 -7.023673 0.9934704 0.06046811 -0.094967596 0.018476933
seq2/frame00132.png -3.6728308 -3.3369994 -7.0768137 0.99500966 0.04551367 -0.08828248 0.009515959
seq2/frame00133.png -2.557646 -3.1650867 -7.075797 0.99816245 0.045191508 -0.03977808 0.0068659345
seq2/frame00134.png -2.1587567 -3.1671572 -7.114864 0.99639446 0.046554238 -0.07022347 0.0099694915
seq2/frame00135.png -1.5510623 -3.3624423 -7.096227 0.998135 0.03341727 -0.05081958 -0.0052166185
seq2/frame00136.png -1.0123706 -3.5694342 -7.3490605 0.99561137 0.036304314 -0.086252436 -0.000687625
seq2/frame00137.png -0.13588713 -3.2819993 -7.045502 0.9995198 0.024306342 -0.018846633 -0.0037622235
seq2/frame00138.png 0.5428337 -3.1494155 -7.0609465 0.99857974 0.042721134 0.020797748 -0.02410296
seq2/frame00139.png 1.268568 -3.023021 -7.1398296 0.99541533 0.030601483 0.073037975 -0.053641103
seq2/frame00140.png 2.0387423 -3.1051545 -7.434555 0.99739224 0.006926871 0.059053283 -0.040906925
seq2/frame00141.png 2.5003161 -3.2762032 -7.412482 0.9945727 -0.017814422 0.09337179 -0.042303134
seq2/frame00142.png 3.2360475 -3.2919002 -7.6266546 0.9953965 0.011520826 0.09003701 -0.030763628
seq2/frame00143.png 3.9175274 -3.2284298 -7.4263434 0.9892048 0.087972246 0.11344821 -0.029396528
seq2/frame00144.png 4.523121 -3.355255 -7.517249 0.9887848 0.110299766 0.098719634 -0.01982498
seq2/frame00145.png 5.151865 -3.4805844 -7.4907517 0.9814409 0.11252275 0.150184 -0.03946105
seq2/frame00146.png 6.028943 -3.3112333 -7.7232275 0.97871864 0.064293824 0.18652302 -0.05643761
seq2/frame00147.png 6.4830017 -3.3983264 -7.477 0.97705925 0.053490315 0.19479057 -0.067458056
seq2/frame00148.png 7.328988 -3.5083256 -7.898541 0.97280663 0.024576837 0.21076667 -0.09284734
seq2/frame00149.png 7.9991393 -3.4522674 -8.052089 0.9823994 0.027127264 0.165711 -0.0818251
seq2/frame00150.png 8.689881 -3.3659675 -8.102668 0.96764886 0.018698411 0.22759897 -0.10726041
seq2/frame00151.png 9.418227 -3.2629073 -8.448533 0.9742008 -0.0015062949 0.20328584 -0.0980076
seq2/frame00152.png 9.957938 -3.31228 -8.437344 0.9591137 0.0010869527 0.24638505 -0.13926257
seq2/frame00153.png 10.525708 -3.5711048 -8.852416 0.9511756 -0.0102619445 0.2791895 -0.13119832
seq2/frame00154.png 11.167549 -3.585051 -9.039328 0.95268846 0.019538678 0.27487198 -0.12825088
seq2/frame00155.png 11.656392 -3.6114755 -9.309198 0.9555423 0.011530761 0.27012852 -0.1176289
seq2/frame00156.png 12.165093 -3.774745 -9.64457 0.9526884 0.01931337 0.28197142 -0.11182077
seq2/frame00157.png 12.708301 -3.8039653 -9.873757 0.943264 0.02138989 0.30769145 -0.12296972
seq2/frame00158.png 13.029681 -3.8201387 -10.316331 0.9497997 0.019553157 0.289781 -0.11629767
seq2/frame00159.png 13.433505 -4.2806444 -10.6361065 0.9355916 0.0414464 0.33436066 -0.10560989
seq2/frame00160.png 13.590191 -4.2405386 -10.865135 0.9378195 0.044246692 0.3228436 -0.1196199
seq2/frame00161.png 13.85023 -4.203991 -11.247996 0.92343634 0.054373957 0.35228077 -0.14215153
seq3/frame00001.png 13.722717 -4.7639856 -11.958446 0.9142188 0.08835649 0.37030283 -0.13882701
seq3/frame00002.png 13.611598 -4.828814 -11.753379 0.917777 0.083142325 0.36278927 -0.1384077
seq3/frame00003.png 13.639624 -4.6851063 -11.901935 0.9173388 0.06804414 0.36454692 -0.14479293
seq3/frame00004.png 13.707177 -4.405669 -11.843457 0.9052344 0.028454022 0.39609596 -0.15115912
seq3/frame00005.png 13.78355 -4.159852 -11.522277 0.9023871 0.019124469 0.3970846 -0.16629994
seq3/frame00006.png 13.88212 -4.278383 -10.857791 0.9101648 0.028308295 0.3782782 -0.16644624
seq3/frame00007.png 13.784684 -3.5777543 -10.66758 0.93805593 -0.005537433 0.32574022 -0.11795623
seq3/frame00008.png 13.780367 -3.7496383 -9.73217 0.9322594 0.023223663 0.3464101 -0.10175054
seq3/frame00009.png 13.706545 -3.3265047 -9.253506 0.95094985 0.05109595 0.2767195 -0.12849072
seq3/frame00010.png 13.533795 -3.0349267 -8.613893 0.92943984 0.028004682 0.33905944 -0.14281459
seq3/frame00011.png 13.337731 -2.8812315 -7.940044 0.9303576 0.008100663 0.3385098 -0.14064208
seq3/frame00012.png 13.1762495 -2.398044 -7.2735167 0.91332644 -0.00641207 0.37287214 -0.16358514
seq3/frame00013.png 13.171929 -2.2173452 -6.8324018 0.92621046 -0.018052388 0.3386395 -0.1647166
seq3/frame00014.png 13.102545 -2.356862 -6.2917786 0.9202808 -0.012585825 0.3496874 -0.17505267
seq3/frame00015.png 13.152643 -2.0057378 -5.4139667 0.95372194 -0.01756323 0.2620303 -0.14644487
seq3/frame00016.png 12.994986 -1.4651699 -4.589599 0.945808 -0.036354017 0.28963858 -0.14225025
seq3/frame00017.png 12.935747 -1.536381 -3.861597 0.9639685 -0.032572526 0.23515841 -0.12001781
seq3/frame00018.png 12.6065855 0.12512481 -3.0291584 0.95931417 -0.06705239 0.24338622 -0.1264259
seq3/frame00019.png 12.63413 -0.8914844 -2.2367 0.96624684 -0.029103888 0.23686205 -0.097038224
seq3/frame00020.png 12.399992 -0.79520285 -1.767148 0.9782472 -0.037319217 0.17971005 -0.096664295
seq3/frame00021.png 12.455794 0.034880932 -1.5090277 0.97697586 -0.06602969 0.18236764 -0.08888428
seq3/frame00022.png 11.64222 0.36154342 -0.6736414 0.9808918 -0.09045435 0.16632502 -0.04478022
seq3/frame00023.png 11.528773 0.4037427 -0.35325727 0.9647551 -0.063249476 0.2491646 -0.056250013
seq3/frame00024.png 11.102409 0.43299565 0.21663572 0.9664012 -0.059558652 0.2452189 -0.048878655
seq3/frame00025.png 10.952369 1.2928644 0.5899216 0.9588048 -0.04421346 0.26715347 -0.08583458
seq3/frame00026.png 10.50408 0.9411731 1.1474969 0.97431606 -0.028656786 0.21505602 -0.06031548
seq3/frame00027.png 10.201465 0.9471614 1.5424342 0.9738204 -0.013685819 0.22064488 -0.05293785
seq3/frame00028.png 10.1119 1.2882903 2.2260454 0.98879534 -0.052724864 0.13956898 -0.00493182
seq3/frame00030.png 8.961781 2.0056608 4.0050025 0.98967016 0.022132425 0.13570544 -0.040584702
seq3/frame00031.png 9.008476 1.9460092 4.370499 0.98899186 -0.004301052 0.14581269 -0.02480387
seq3/frame00032.png 8.766509 1.7842261 4.8998976 0.9987555 -0.018297395 0.0454347 -0.009395313
seq3/frame00033.png 8.28729 3.1460323 4.1724133 0.9955879 -0.057546478 -0.07144731 0.019710876
seq3/frame00034.png 6.9962716 1.8132045 4.357855 0.9988502 -0.028472824 -0.016845241 0.034694307
seq3/frame00035.png 6.0731673 3.3311572 4.4949923 0.9932525 -0.053140808 0.100970134 -0.02075025
seq3/frame00036.png 6.006963 2.1821163 4.600897 0.9877342 0.01444825 0.14960673 -0.042309858
seq3/frame00037.png 5.8192716 1.7416941 4.6906857 0.9919217 -0.016577603 0.1231684 -0.025417866
seq3/frame00038.png 5.1440005 2.0095794 5.0078073 0.99517226 -0.04715464 0.07724528 -0.03796981
seq3/frame00039.png 4.458576 2.1711442 5.591896 0.99922484 -0.018298985 0.0338594 -0.008270564
seq3/frame00040.png 3.52898 2.799377 5.5094075 0.995587 -0.041190825 0.08069684 -0.02445156
seq3/frame00041.png 3.303724 2.0951385 6.0782576 0.99533737 -0.0060924594 0.09624454 -0.0018372706
seq3/frame00042.png 2.7044044 2.3101087 6.2373357 0.9949455 -0.03224861 0.092395194 -0.022507494
seq3/frame00043.png 2.3848298 2.3727052 6.445897 0.9991431 -0.024904104 0.03267636 -0.005009093
seq3/frame00044.png 1.0360961 2.331007 6.3333864 0.99627876 -0.05488422 -0.058919787 0.030737596
seq3/frame00046.png -0.13875586 2.2091253 6.3573666 0.99852985 -0.0486416 0.005150489 0.023358295
seq3/frame00047.png -0.5068523 2.615231 6.396694 0.996719 -0.057136234 -0.038446903 0.042526435
seq3/frame00048.png -1.4735976 2.6344826 6.226816 0.991738 -0.078169554 -0.09135916 0.04470723
seq3/frame00049.png -1.9159244 2.6340785 6.164622 0.99040145 -0.049783044 -0.11704872 0.054094717
seq3/frame00050.png -2.7846382 2.9797242 6.345042 0.9858187 -0.050126027 -0.13051271 0.09281853
seq3/frame00051.png -3.414444 2.5987523 6.2930975 0.98702705 -0.049417313 -0.12825224 0.0829872
seq3/frame00052.png -4.395973 2.5222268 6.392915 0.9891998 -0.033436805 -0.12967248 0.05958853
seq3/frame00053.png -5.0691824 2.315545 5.9610915 0.99290645 -0.04115377 -0.10799403 0.027936934
seq3/frame00054.png -5.2899446 2.660078 6.0683784 0.9948166 -0.035816938 -0.084328994 0.044110473
seq3/frame00055.png -6.1263576 2.4728801 5.745923 0.9812473 -0.040020403 -0.17504005 0.070093356
seq3/frame00056.png -6.334318 2.0355 5.414859 0.9864377 -0.037396837 -0.14737232 0.061835416
seq3/frame00057.png -7.4628234 2.0275388 5.082767 0.98813444 -0.05357452 -0.13734101 0.0430982
seq3/frame00058.png -7.663294 1.4773265 4.577234 0.9914259 -0.045400076 -0.11775831 0.033860132
seq3/frame00059.png -7.589688 1.7695765 4.449163 0.9914175 -0.026895981 -0.12108484 0.041308567
seq3/frame00060.png -7.7678466 1.3651233 3.806707 0.99096435 -0.037503153 -0.12018197 0.046254285
seq3/frame00061.png -7.866356 1.7054229 3.186819 0.9875847 -0.06077159 -0.12998758 0.06392517
seq3/frame00062.png -8.005288 1.109555 2.6488616 0.981431 -0.071995586 -0.1661864 0.06318194
seq3/frame00063.png -7.919049 0.8991164 2.0855093 0.98354715 -0.05627403 -0.16047096 0.060968377
seq3/frame00064.png -7.70134 0.45558506 1.4886657 0.98430294 -0.055018585 -0.15663975 0.059871666
seq3/frame00065.png -8.042457 0.59983486 0.9274779 0.992416 0.001918603 -0.11722691 0.036940493
seq3/frame00066.png -7.4797773 -0.37140203 0.32353038 0.9917827 0.0314115 -0.11870659 0.0359041
seq3/frame00067.png -7.6152864 0.06597009 -0.33142677 0.98842514 0.012494169 -0.14227557 0.051160995
seq3/frame00068.png -7.137735 -0.5059406 -0.71750104 0.98663414 0.040641945 -0.14688684 0.057667304
seq3/frame00069.png -7.1805034 -0.44699806 -1.2626045 0.98980546 0.029064765 -0.1317719 0.0455697
seq3/frame00070.png -7.1959133 -0.8393406 -1.9538442 0.9917254 0.029788923 -0.11710598 0.043354787
seq3/frame00071.png -7.2203274 -1.194046 -2.6239913 0.9899647 0.012045763 -0.1360405 0.03630098
seq3/frame00072.png -7.022374 -1.4027656 -3.2355373 0.99045306 0.010929724 -0.12683174 0.052886162
seq3/frame00073.png -6.9325995 -1.785334 -3.814603 0.9893593 0.016113065 -0.13647242 0.047789074
seq3/frame00074.png -7.0415735 -1.8356435 -4.509074 0.9926671 0.02697118 -0.11124502 0.03884702
seq3/frame00075.png -6.9150515 -2.3789098 -5.007188 0.98938936 0.062084712 -0.12302075 0.046044346
seq3/frame00076.png -6.958085 -2.3167398 -5.497358 0.987196 0.07192395 -0.13651441 0.04043277
seq3/frame00077.png -6.8134933 -2.6577914 -6.0838194 0.98336715 0.06580579 -0.15521464 0.067579895
seq3/frame00078.png -7.0453258 -2.951174 -6.665861 0.98296154 0.03693342 -0.16876124 0.06278645
seq3/frame00079.png -7.3487506 -2.9672384 -7.4657073 0.98374957 0.010213313 -0.16626357 0.06700021
seq3/frame00080.png -7.3660173 -3.3212593 -7.977911 0.97883624 0.00561458 -0.18839517 0.07972026
seq3/frame00081.png -7.309923 -3.7502766 -8.513615 0.9812649 0.012727091 -0.17548136 0.07850829
seq3/frame00082.png -7.466235 -3.8670888 -9.220234 0.97640675 -0.005978569 -0.1970451 0.088132694
seq3/frame00083.png -7.3847795 -4.109361 -9.660585 0.975489 -0.027560808 -0.19827569 0.09136885
seq3/frame00084.png -7.489503 -4.4007983 -10.233602 0.9654001 -0.021887556 -0.24354099 0.09061701
seq3/frame00085.png -7.5881767 -4.6108046 -10.789488 0.960595 -0.021482898 -0.26622942 0.0769261
seq3/frame00086.png -7.664816 -4.843659 -11.332226 0.9570955 -0.02968452 -0.2735896 0.09075185
seq3/frame00087.png -7.59857 -5.095556 -11.712391 0.947892 -0.050243646 -0.30059272 0.09284578
seq5/frame00001.png -7.5548067 -4.750231 -11.45435 0.94965094 0.09669638 -0.27717516 0.10948445
seq5/frame00002.png -7.5193677 -4.7562346 -11.470894 0.9500283 0.09605824 -0.27625328 0.10910165
seq5/frame00003.png -7.512217 -4.7661085 -11.399851 0.9501985 0.094372034 -0.27472472 0.11288559
seq5/frame00004.png -7.620455 -4.258483 -11.366192 0.9446266 0.09530948 -0.25992894 0.1761636
seq5/frame00005.png -7.0881114 -4.6627483 -10.901466 0.9399287 0.12591884 -0.24504168 0.20157637
seq5/frame00006.png -6.6003785 -4.654132 -10.407753 0.94016105 0.07528891 -0.24030545 0.22952582
seq5/frame00007.png -6.5150676 -4.0550737 -10.068317 0.9280707 0.07150383 -0.26804492 0.24844274
seq5/frame00008.png -6.201425 -4.0021396 -9.825684 0.9354603 0.069989175 -0.26387182 0.22447081
seq5/frame00009.png -5.7222977 -3.883588 -9.143926 0.95836127 0.061028432 -0.21628214 0.17618524
seq5/frame00010.png -5.3108416 -3.5567746 -8.79314 0.94172543 0.043352306 -0.2772904 0.18542874
seq5/frame00011.png -4.7800584 -3.8415902 -8.464525 0.9548747 0.044066105 -0.24718787 0.1586527
seq5/frame00012.png -4.301698 -3.6505353 -8.252563 0.9609059 0.042483572 -0.2318304 0.14529146
seq5/frame00013.png -3.6628063 -3.5727727 -7.8706264 0.9667578 0.06290216 -0.2205093 0.113130085
seq5/frame00014.png -2.9010088 -3.6008956 -7.8308163 0.9705116 0.06369206 -0.1953633 0.12603088
seq5/frame00015.png -2.4821298 -3.7469087 -7.720394 0.9814978 0.08425492 -0.14157312 0.097571515
seq5/frame00016.png -1.4628236 -3.457599 -7.5248456 0.98867583 0.056412425 -0.13016048 0.048949763
seq5/frame00017.png -0.9730673 -4.314185 -7.995393 0.9929271 0.077969834 -0.08952807 0.0010871042
seq5/frame00018.png -0.2692286 -3.4835906 -7.812594 0.9986156 0.049566813 -0.017587295 -0.0008090622
seq5/frame00019.png 0.5460752 -3.180844 -7.96161 0.9976032 0.0683975 -0.010439381 -0.00083437853
seq5/frame00020.png 1.2596935 -3.1210077 -8.028914 0.99594223 0.08790868 0.019123435 0.0023263097
seq5/frame00021.png 1.8882277 -3.5341003 -8.186772 0.9928903 0.11821695 -0.0022125046 0.013737333
seq5/frame00022.png 2.5208046 -3.6599247 -8.230114 0.99501836 0.07513793 0.059158787 -0.028158816
seq5/frame00023.png 3.2622333 -3.5429637 -8.350832 0.99435335 0.061708223 0.08443071 -0.018029425
seq5/frame00024.png 3.9463847 -3.605593 -8.38428 0.99012405 0.04875256 0.12786146 -0.030479593
seq5/frame00025.png 4.7576623 -3.7511628 -8.587713 0.9854659 0.06743465 0.14725187 -0.05124841
seq5/frame00026.png 5.420546 -3.9617758 -8.61077 0.98276335 0.064511985 0.15988941 -0.066706724
seq5/frame00027.png 6.2666807 -3.6724184 -8.923909 0.97030467 0.06371163 0.21367922 -0.09375933
seq5/frame00028.png 6.869565 -3.867587 -8.848203 0.96035576 0.056312576 0.25938746 -0.085228615
seq5/frame00029.png 7.5775886 -3.8783758 -9.062271 0.96814716 0.043145347 0.23440054 -0.07671968
seq5/frame00030.png 8.30832 -3.7683132 -9.072246 0.9821108 0.038176905 0.17376472 -0.061698534
seq5/frame00031.png 8.810411 -3.6046383 -9.13173 0.99004227 0.027014222 0.12857814 -0.050539464
seq5/frame00032.png 9.133306 -3.6381292 -8.945124 0.98294586 0.034185212 0.17140037 -0.057190306
seq5/frame00033.png 9.220342 -3.2797823 -8.460235 0.9744693 0.030974664 0.21052945 -0.07160624
seq5/frame00034.png 9.122113 -3.1624935 -8.057173 0.9653166 -0.012621196 0.22684543 -0.12863012
seq5/frame00035.png 8.733018 -3.2986581 -8.034411 0.96252626 -0.0066591133 0.24024686 -0.12561984
seq5/frame00036.png 8.441341 -2.8091257 -7.4481673 0.97429055 0.01873407 0.212338 -0.072934836
seq5/frame00037.png 7.645938 -2.5050037 -6.9477344 0.9725337 0.027239643 0.22325335 -0.059951425
seq5/frame00038.png 7.0107923 -3.046954 -6.697281 0.9799929 0.047522657 0.18574539 -0.05342321
seq5/frame00039.png 6.3961625 -3.0305738 -6.529375 0.9955094 0.03195246 0.066931136 -0.058824677
seq5/frame00040.png 5.4801216 -2.4348574 -5.4615755 0.99590343 0.010962593 -0.00026645797 -0.08975568
seq5/frame00041.png 5.0414453 -2.401604 -5.677052 0.9964379 -0.03388994 0.036988817 -0.067785144
seq5/frame00042.png 4.3560023 -2.5385184 -4.815477 0.99829495 -0.0002658047 0.030086536 -0.05001993
seq5/frame00043.png 3.9904392 -1.9893199 -4.5328035 0.9997737 -0.0026404269 0.020135157 -0.0063380306
seq5/frame00044.png 3.685052 -1.5790452 -4.1975255 0.9994118 0.025140101 0.022748025 -0.0051542586
seq5/frame00045.png 3.457886 -1.5598636 -3.5771852 0.999555 0.022511147 0.017830798 -0.008070527
seq5/frame00046.png 2.5938983 -1.3534992 -3.2589648 0.9992409 0.010771552 0.015398146 -0.034124874
seq5/frame00047.png 2.2612197 -0.9838606 -2.8056505 0.9989264 -0.00869889 -0.045495436 0.0006987149
seq5/frame00048.png 1.6002562 -0.8129922 -2.459084 0.9996153 0.0021791877 -0.024958389 0.011898597
seq5/frame00049.png 1.1983085 -0.75332445 -1.8826208 0.999615 -0.0041420483 -0.011665601 0.024830893
seq5/frame00050.png 0.75665957 -0.43502036 -1.4165722 0.9997451 -0.020772409 -0.006575103 0.005917142
seq5/frame00051.png 0.3333553 -0.1118997 -0.93593776 0.9983525 -0.021453572 -0.04574572 0.027188584
seq5/frame00052.png -0.124342255 -0.106458925 -0.32302293 0.99843687 -0.021943407 -0.048168752 0.017945841
seq5/frame00053.png -0.5699716 0.18092345 0.32007357 0.99674445 -0.025264356 -0.06661611 0.03774225
seq5/frame00054.png -1.3226353 0.38131365 0.6453969 0.9922124 -0.027202478 -0.1188464 0.025495982
seq5/frame00055.png -1.884843 0.12117457 0.945667 0.9930894 0.0050998023 -0.10939638 0.042188734
seq5/frame00056.png -2.53465 -0.18984096 1.7402387 0.993432 0.03270135 -0.095946245 0.05308234
seq5/frame00057.png -3.179368 0.16909474 2.5973194 0.9968524 0.03878455 -0.069145866 -6.85532e-05
seq5/frame00058.png -3.3627243 0.46815228 3.0188568 0.99721867 -0.0025659662 -0.07140526 -0.02120496
seq5/frame00059.png -4.3242955 1.0630817 3.0102742 0.99412066 0.003488301 -0.108220056 0.0005912658
seq5/frame00060.png -4.8930306 1.6528288 3.5593374 0.9890636 0.0047834115 -0.13884349 0.049526203
seq5/frame00061.png -5.7008367 1.4624425 3.447435 0.9854475 -0.0018881102 -0.16599947 0.03652131
seq5/frame00062.png -6.162279 1.5687209 3.6785405 0.98475564 -0.005533146 -0.16144268 0.06451373
seq5/frame00063.png -7.197184 1.4137121 3.7625656 0.9834149 -0.015112254 -0.17131028 0.057615656
seq5/frame00064.png -7.711245 1.8187257 4.3252635 0.9881811 -0.025683712 -0.14584757 0.039584246
seq5/frame00065.png -7.9987054 1.3891599 4.6112437 0.9944592 -0.05029114 -0.092310496 0.00061035436
seq5/frame00066.png -8.900851 1.7517576 4.7189255 0.99290067 -0.055627014 -0.10511367 0.0022321763
seq5/frame00067.png -8.61057 2.4353464 4.7788076 0.9940091 -0.08124705 -0.07310358 -0.00084275816
seq5/frame00068.png -10.579622 2.0694478 4.890242 0.9928939 -0.05809074 -0.10294169 -0.013792286
seq6/frame00001.png -10.819316 1.3220896 4.0457506 0.980182 -0.074136354 -0.18062793 0.033476014
seq6/frame00002.png -10.69999 1.7178271 4.1486945 0.9807632 -0.08047795 -0.17460732 0.033750385
seq6/frame00003.png -10.781699 1.4923745 4.0090694 0.98087436 -0.07756033 -0.17587602 0.030619863
seq6/frame00004.png -10.866484 1.208099 3.548825 0.98581797 -0.07457955 -0.15023537 0.005490296
seq6/frame00005.png -10.513924 1.8445451 3.105437 0.9877177 -0.07959034 -0.13265043 0.021977684
seq6/frame00006.png -10.979317 1.1273907 2.8736162 0.9842216 -0.053343996 -0.16596879 0.030276041
seq6/frame00007.png -11.142902 1.2577207 2.0458605 0.9858791 -0.036993563 -0.15648474 0.046758585
seq6/frame00008.png -11.211229 0.4450092 1.595501 0.9802756 -0.044787087 -0.18076263 0.066172495
seq6/frame00009.png -11.111386 0.23631184 1.0400575 0.9791813 -0.04127528 -0.19212167 0.05088815
seq6/frame00010.png -11.346598 0.21245673 0.37050885 0.9769309 -0.040770672 -0.20085466 0.06000882
seq6/frame00011.png -11.267399 -0.4360036 -0.4217693 0.97822326 -0.0194597 -0.19897774 0.055753246
seq6/frame00012.png -11.461938 -0.39289343 -1.0603215 0.9783378 -0.013550282 -0.19926783 0.05444068
seq6/frame00013.png -11.962933 -0.48420766 -2.1012619 0.9780877 -0.021499125 -0.20327151 0.039533485
seq6/frame00014.png -11.743126 -1.4511737 -2.301103 0.98383665 -0.0038063177 -0.1713334 0.051920503
seq6/frame00015.png -11.391467 -0.7751012 -2.7623353 0.9878088 -0.010952077 -0.15240817 0.029757967
seq6/frame00016.png -11.311895 -1.2997572 -3.2346296 0.9920762 0.030128036 -0.11967965 0.023533292
seq6/frame00017.png -10.573355 -1.0900862 -3.622414 0.9960951 0.0022681872 -0.08690736 0.015378116
seq6/frame00018.png -9.815283 -1.4443555 -3.8011372 0.99865943 0.030836461 -0.03710218 0.01875796
seq6/frame00019.png -9.051657 -1.574965 -3.816712 0.9948713 0.037394974 -0.084803216 0.040510476
seq6/frame00020.png -8.340646 -1.9796877 -3.891671 0.9969609 0.048158374 -0.024963303 0.055917095
seq6/frame00021.png -7.6847696 -1.6759498 -3.7137244 0.9971775 0.018707322 -0.06423861 0.034066103
seq6/frame00022.png -7.4071965 -1.2569242 -3.2586954 0.9961442 0.030846467 -0.06619512 0.048615534
seq6/frame00023.png -6.072108 -1.3518083 -3.1671307 0.9935432 0.021299887 -0.09409341 0.059704624
seq6/frame00024.png -5.9919205 -1.3749892 -2.5867076 0.9850089 0.025025334 -0.15438418 0.07277866
seq6/frame00025.png -5.2687774 -1.0202174 -2.4744287 0.98962826 0.010521234 -0.11507569 0.08533982
seq6/frame00026.png -4.6283336 -0.78411514 -1.7169247 0.9884924 0.021064991 -0.12535618 0.08200497
seq6/frame00027.png -3.8260171 -0.7098368 -1.6953193 0.9877677 0.015603139 -0.13033217 0.08417246
seq6/frame00028.png -3.128689 -0.7396023 -1.5630609 0.9914018 0.0041528903 -0.1177665 0.056888446
seq6/frame00029.png -2.358977 -0.7139143 -1.6519063 0.99019486 -0.031958237 -0.12553354 0.052289244
seq6/frame00030.png -1.7809083 -0.79451966 -1.5989274 0.9847013 -0.023520553 -0.15368366 0.078686364
seq6/frame00031.png -1.4784533 -0.7134884 -2.150139 0.99392366 -0.036340937 -0.08970767 0.052416924
seq6/frame00032.png -0.6090157 -1.199168 -2.4003963 0.99749476 -0.0079992 -0.06695477 0.021382965
seq6/frame00033.png -0.270014 -1.5949689 -2.9204888 0.99942046 -0.0150374565 0.030471925 -0.00200836
seq6/frame00034.png 0.108511925 -1.3601652 -3.5860744 0.9978208 -0.03598237 0.054405242 -0.0099504115
seq6/frame00035.png 0.6147214 -1.8998448 -4.2145715 0.9967547 0.011798176 0.07795657 -0.016235784
seq6/frame00036.png 0.79892933 -2.0332294 -4.783647 0.9983728 0.0285169 0.04827558 -0.010393077
seq6/frame00037.png 0.80504584 -2.4709044 -5.396682 0.9969567 0.042119928 0.059052587 -0.028566653
seq6/frame00038.png 1.3561037 -2.6435726 -5.9054537 0.99705094 0.051220078 0.051819444 -0.024096733
seq6/frame00039.png 1.6277964 -3.1918433 -6.6259627 0.9991436 0.04030516 -0.0075325663 -0.005554079
seq6/frame00040.png 1.8062311 -3.3607635 -7.270015 0.9963334 0.07669545 0.00026457605 0.03791333
seq6/frame00041.png 2.124773 -3.3290715 -7.672671 0.9936997 0.10220309 0.025360387 0.038369846
seq6/frame00042.png 2.4821706 -3.5952492 -8.223024 0.99227947 0.107019044 0.059877127 0.01852304
seq6/frame00043.png 2.8836138 -3.9282656 -8.611656 0.9950984 0.047994934 0.085854605 -0.010223088
seq6/frame00044.png 3.5095325 -4.0096006 -8.711715 0.9891203 -0.011076466 0.14618486 -0.012179506
seq6/frame00045.png 4.1215963 -4.064046 -8.880277 0.99516344 -0.016268535 0.09664783 -0.006656608
seq6/frame00046.png 4.720917 -3.7048929 -8.8701 0.9931651 -0.045239594 0.107576475 -0.0019492867
seq6/frame00047.png 5.4038343 -3.673953 -8.750419 0.98815644 -0.043896575 0.14703706 1.0225962e-06
seq6/frame00048.png 6.070441 -3.6734264 -8.314257 0.9920092 -0.036807455 0.12044611 0.0074554095
seq6/frame00049.png 6.9484606 -3.5285704 -8.24178 0.99801326 -0.045736924 0.039445255 0.017938871
seq6/frame00050.png 7.333873 -3.3104973 -7.678805 0.9964288 -0.07644343 -0.0027833078 0.035754338
seq6/frame00051.png 7.7901177 -2.8470392 -7.489591 0.9947121 -0.099339485 -0.0087324 0.024561279
seq6/frame00052.png 8.3199835 -2.6526937 -6.932479 0.99498796 -0.096193954 -0.015116155 0.022740534
seq6/frame00053.png 8.74188 -2.5385847 -6.415171 0.998377 -0.056275614 -0.0068918867 0.005369765
seq6/frame00054.png 8.998909 -1.957382 -6.1147785 0.99149954 -0.03519982 0.12352576 0.020761356
seq6/frame00055.png 9.118333 -2.1396148 -5.3806906 0.9670828 -0.05915364 0.24726424 -0.010592473
seq6/frame00056.png 9.129382 -1.6151816 -4.7087116 0.9430996 -0.09852883 0.30993804 -0.06923587
seq6/frame00057.png 9.059081 -1.6596261 -4.2541633 0.93757784 -0.105569564 0.31349516 -0.10734859
seq6/frame00058.png 8.392584 -1.5641174 -3.9376545 0.928355 -0.12854487 0.32439256 -0.12807323
seq6/frame00059.png 8.08195 -2.0165966 -2.90952 0.95255524 -0.043101944 0.29324904 -0.06917942
seq6/frame00060.png 7.5241623 -1.0660564 -2.6863732 0.9661929 -0.06944878 0.23862678 -0.06859569
seq6/frame00061.png 6.88239 -0.8456829 -2.1751394 0.9807013 -0.09159995 0.16902092 -0.035583716
seq6/frame00062.png 6.3710275 -0.7980299 -1.686242 0.97991925 -0.08481254 0.16288248 -0.07768069
seq6/frame00063.png 6.09967 -0.601285 -1.4633491 0.9835395 -0.09421905 0.12946819 -0.08373022
seq6/frame00064.png 5.606524 -0.26317883 -0.9411864 0.9695334 -0.10287134 0.17367381 -0.13878009
seq6/frame00065.png 4.8615904 0.15048458 0.2170417 0.96776813 -0.115678795 0.19662315 -0.10668941
seq6/frame00066.png 4.8049 0.2302148 0.23385924 0.9772294 -0.10334349 0.16123928 -0.09134916
seq6/frame00067.png 4.734691 0.28940636 0.56562346 0.9919683 -0.04733884 0.11570862 -0.019220859
seq6/frame00068.png 3.9844162 0.5808672 1.1374409 0.9933602 -0.070526354 0.08501733 -0.03214893
seq6/frame00069.png 3.3330135 0.7234419 1.821986 0.9934499 -0.046350904 0.09574184 -0.041742235
seq6/frame00070.png 3.1906977 0.7479761 2.2225273 0.97518885 -0.046396986 0.19040063 -0.10296409
seq6/frame00071.png 3.3466153 1.2877337 2.7180667 0.97918046 -0.05618114 0.15844464 -0.113774374
seq6/frame00072.png 2.8811204 1.6826389 3.2266219 0.9829474 -0.04922156 0.14268391 -0.10503801
seq6/frame00073.png 3.9898953 1.6533505 3.6870346 0.98678905 -0.026803682 0.1257079 -0.09862269
seq6/frame00074.png 3.0421934 2.3418555 4.296478 0.99779654 -0.03099438 0.016175093 -0.056390025
seq6/frame00075.png 3.543631 2.7765644 4.7634945 0.9931908 -0.050268166 0.078934036 -0.06938655
seq6/frame00076.png 4.344581 2.6333594 4.887528 0.99422824 -0.048920583 0.067309536 -0.06772294
seq6/frame00077.png 4.3895993 2.4008183 5.6895456 0.99073946 -0.04308353 0.112481244 -0.06266686
seq6/frame00078.png 5.4963613 1.9061837 5.5359864 0.99176306 -0.04319933 0.108128674 -0.053367466
seq6/frame00079.png 4.4719925 3.789186 7.392851 0.99304813 -0.03849416 0.09142553 -0.063364185
seq6/frame00080.png 5.8704705 1.866216 6.7482715 0.9782924 -0.02485238 0.18952124 -0.08004988
seq6/frame00081.png 7.2517676 2.617382 6.5324135 0.98621154 0.007885421 0.14499564 -0.07937853
seq6/frame00082.png 7.9978037 2.774919 6.839331 0.9921311 -0.008524523 0.115703925 -0.04707251
seq6/frame00083.png 8.624878 2.7411335 6.6326137 0.99212694 -0.016262816 0.11944791 -0.03393839
seq6/frame00084.png 8.895803 3.3269868 7.2436056 0.97749645 -0.030935267 0.20092112 -0.05634123
seq6/frame00085.png 10.251815 3.2388172 6.7496367 0.972066 -0.008539426 0.2294685 -0.048569605
seq6/frame00086.png 10.189477 2.5127525 7.0206313 0.9728362 -0.0058888556 0.22777805 -0.040892866
seq6/frame00087.png 10.832248 2.9435124 6.787404 0.9933933 -0.052428886 0.10198314 -0.004515576
seq7/frame00001.png 11.0795555 3.4899533 7.632893 0.98523974 -0.05532478 0.15784559 -0.03642249
seq7/frame00002.png 11.100666 3.4389207 7.609536 0.985296 -0.05572701 0.15630555 -0.040680245
seq7/frame00003.png 11.062528 3.4546735 7.5973673 0.9853532 -0.056773596 0.15435709 -0.04505312
seq7/frame00004.png 10.674681 3.6417797 7.517883 0.98308545 -0.057854094 0.1446409 -0.09630646
seq7/frame00005.png 10.066343 3.5404303 7.6613703 0.97944057 -0.06965112 0.16301006 -0.096294194
seq7/frame00006.png 9.512319 3.7819023 7.8475056 0.9800698 -0.064862035 0.16158298 -0.09563992
seq7/frame00007.png 9.208363 3.6981685 7.627435 0.97148204 -0.07603879 0.20027564 -0.10163863
seq7/frame00008.png 8.097686 3.7358205 8.120801 0.97456074 -0.08790978 0.1800583 -0.10041052
seq7/frame00009.png 7.320596 3.7795413 8.135419 0.97155803 -0.087329976 0.17668161 -0.13127089
seq7/frame00010.png 6.856437 3.854107 8.354255 0.97308886 -0.089800626 0.17109889 -0.12553538
seq7/frame00011.png 6.264194 3.8490357 8.500526 0.9595141 -0.1043327 0.21062043 -0.15519828
seq7/frame00012.png 6.1430597 3.8336549 8.568787 0.9809358 -0.070696935 0.14577807 -0.1073108
seq7/frame00013.png 4.258228 3.885684 9.44351 0.99637103 -0.031818844 0.06904708 -0.03827325
seq7/frame00014.png 4.7615485 4.0807734 9.724919 0.99494857 -0.03101226 0.09369087 -0.01837397
seq7/frame00015.png 3.7167659 6.041673 9.479877 0.9946921 -0.051448673 0.075828664 -0.046804108
seq7/frame00016.png 4.1429806 4.392695 10.100769 0.9985102 -0.044887066 0.016510053 -0.026265725
seq7/frame00017.png 2.0394351 4.3226633 10.413192 0.9950144 -0.064757966 0.07224814 -0.02308325
seq7/frame00018.png 1.2838923 4.5188236 10.69812 0.9968983 -0.04917219 0.0548548 -0.027692052
seq7/frame00019.png 1.3224089 4.578763 11.055544 0.9962151 -0.05994066 0.05676391 -0.027211523
seq7/frame00020.png 1.0575042 5.085577 11.151141 0.9952904 -0.07327134 0.053872425 -0.03355637
seq7/frame00021.png 0.46368912 5.0140734 11.464244 0.99679345 -0.07704499 0.018516313 -0.011137491
seq7/frame00022.png -2.2959328 3.0938058 11.156509 0.99788684 -0.050484877 0.021112286 -0.03503561
seq7/frame00023.png -0.6238898 4.83857 12.021955 0.9972953 -0.064071275 0.036009558 0.00046477362
seq7/frame00024.png -1.6919653 4.666759 12.230171 0.9981474 -0.042185146 0.04014555 -0.017619876
seq7/frame00025.png -2.2501416 4.974537 12.371754 0.9981854 -0.047063764 0.034375355 -0.015143192
seq7/frame00026.png -4.261259 5.7697186 12.54047 0.9971202 -0.05573925 0.036425002 -0.03629898
seq7/frame00027.png -3.9423249 4.418817 12.649684 0.9989239 -0.025386024 0.025801554 -0.028997915
seq7/frame00028.png -3.826654 4.3866925 12.856009 0.9988343 -0.028148804 -0.032978643 -0.021215318
seq7/frame00029.png -4.8214345 3.7760656 12.553423 0.99951005 -0.017524825 -0.020502897 -0.015879707
seq7/frame00030.png -5.7057815 5.471871 12.605996 0.99831706 -0.024907963 -0.050835352 -0.012588471
seq7/frame00031.png -5.684637 4.1947374 12.850091 0.998939 -0.023279015 -0.03957312 -0.0035968155
seq7/frame00032.png -7.159256 5.6752424 13.518234 0.99046516 -0.04953322 -0.12563458 0.027224096
seq7/frame00033.png -8.295452 5.277776 13.725159 0.9978305 -0.047888134 -0.042802364 0.014456184
seq7/frame00034.png -8.745093 5.8265667 14.073797 0.9970233 -0.055967987 -0.052947413 0.0029512008
seq7/frame00035.png -9.364416 6.341219 14.305032 0.9964277 -0.07996256 -0.02585376 -0.008326145
seq7/frame00036.png -10.371781 6.948299 14.563228 0.9921161 -0.10504698 -0.067479566 0.010826937
seq7/frame00037.png -7.9983664 5.4864306 14.921081 0.9937097 -0.06972699 -0.084301166 0.023927977
seq7/frame00038.png -8.255717 6.1172595 14.690342 0.9954066 -0.0674472 -0.06397454 0.022888886
seq7/frame00039.png -8.385637 6.1137285 15.756584 0.9963782 -0.03862011 -0.07542154 -0.0071086823
seq7/frame00040.png -7.492843 5.433621 15.237886 0.9981056 -0.041830294 0.043018226 -0.01359656
seq7/frame00041.png -6.331142 5.460292 14.896192 0.99850506 -0.02133453 0.049214892 -0.010503085
seq7/frame00042.png -5.7711034 6.0316095 15.304405 0.9970923 -0.030185882 0.06877155 -0.012890422
seq7/frame00043.png -4.90263 4.2146497 14.7638235 0.9972855 -0.016655711 0.06671554 -0.02633129
seq7/frame00044.png -4.609807 5.5449815 14.893667 0.99790746 -0.0110878 0.06212303 -0.014088648
seq7/frame00045.png -3.55196 5.795343 14.731729 0.9988108 -0.0058261724 0.048396345 -0.00090572634
seq7/frame00046.png -3.3709376 6.6161838 14.801519 0.9984021 -0.011343838 0.04941036 0.02496308
seq7/frame00047.png -1.9622502 5.901388 14.92518 0.99891347 0.012508824 0.044875283 0.0012364839
seq7/frame00048.png -1.0991864 6.0251336 15.099398 0.99928963 0.010837657 0.024314402 0.026676066
seq7/frame00049.png -0.48702708 5.732492 14.614354 0.99906385 0.0010572481 0.037952155 0.020736322
seq7/frame00050.png 0.24810511 5.9411616 15.036971 0.99774987 0.011606481 0.0604261 0.02662999
seq7/frame00051.png 1.4995875 5.8478255 15.006542 0.99677557 0.014625337 0.0786206 0.0065843724
seq7/frame00052.png 1.730129 5.7670946 14.866939 0.99779403 0.022410566 0.061802488 0.009237551
seq7/frame00053.png 2.4683335 5.767907 14.451775 0.99476385 0.009279421 0.10135586 0.009261119
seq7/frame00054.png 2.7044203 5.766975 14.806129 0.9935504 0.014520486 0.110230885 -0.02226784
seq7/frame00055.png 4.090377 5.8007665 14.379588 0.98688626 -0.0014373424 0.15660869 -0.039077893
seq7/frame00056.png 4.7349887 5.8235655 13.672459 0.99515617 -0.0014329355 0.09530506 -0.024062999
seq7/frame00057.png 5.4917107 5.893823 14.039737 0.9939719 -0.016288651 0.10419354 -0.029970307
seq7/frame00058.png 5.7096057 6.0610905 14.063436 0.99738204 -0.015996406 0.07025678 -0.006106656
seq7/frame00059.png 6.287114 5.8309617 14.036105 0.99265236 -0.030326853 0.11222468 -0.033573467
seq7/frame00060.png 7.850561 5.918328 13.847999 0.99597687 -0.037399184 0.07860207 -0.021286715
seq7/frame00061.png 7.9762135 5.6539354 13.685935 0.9942186 -0.036766212 0.09733742 -0.02651629
seq7/frame00062.png 8.784804 5.9060154 13.431304 0.99603134 -0.008878384 0.08666862 -0.01820071
seq7/frame00063.png 9.254883 5.238094 13.215229 0.996043 -0.0020655305 0.088013224 -0.0121537885
seq7/frame00064.png 9.510951 5.214054 13.559197 0.99759793 -0.02278569 0.064533815 -0.010704087
seq7/frame00065.png 10.412105 5.2398996 13.061507 0.996506 0.010027866 0.08221059 -0.0108065875
seq7/frame00066.png 11.447571 5.3956137 13.102346 0.9912045 0.0029808548 0.13059771 -0.021190409
seq7/frame00067.png 12.300006 5.153186 13.017726 0.9899914 0.015207596 0.1359644 -0.034631863
seq7/frame00068.png 12.396598 5.2417564 12.808885 0.9902786 0.004724345 0.13458166 -0.034839842
seq7/frame00069.png 12.558641 5.2432833 12.665303 0.98675644 -0.0016897559 0.15044497 -0.060622834
seq7/frame00070.png 13.923249 5.317258 12.475872 0.981599 -0.03356868 0.18218647 -0.046310835
seq7/frame00071.png 14.703557 5.185848 11.798631 0.9846633 -0.08894819 0.1481497 -0.024042327
seq7/frame00072.png 14.73495 5.0308456 11.862708 0.98707193 -0.0898037 0.13031457 -0.025344646
seq7/frame00073.png 14.515103 4.9459453 11.302358 0.9885289 -0.084782995 0.12386358 -0.016739907
seq7/frame00074.png 13.944274 5.48763 10.827329 0.9871241 -0.0838303 0.13278197 -0.030455083
seq7/frame00075.png 13.365989 4.8807154 10.891394 0.98507196 -0.0807772 0.14835785 -0.033139188
seq7/frame00076.png 13.729125 4.534096 10.48269 0.9788613 -0.08035113 0.18221843 -0.046590954
seq9/frame00001.png -28.219824 -3.6850703 -8.544744 0.86466 -0.06366092 -0.46723205 0.17321809
seq9/frame00002.png -28.225712 -3.5820677 -8.549877 0.85923284 -0.06461173 -0.4746492 0.17958945
seq9/frame00003.png -28.232069 -3.5465667 -8.485839 0.85443914 -0.0624312 -0.48255652 0.18214095
seq9/frame00004.png -28.033398 -3.9318812 -8.182232 0.84343183 -0.04292322 -0.5035086 0.18237151
seq9/frame00005.png -27.555582 -3.7469063 -8.060221 0.8543257 -0.05148676 -0.48877394 0.16904667
seq9/frame00006.png -27.235138 -3.606238 -7.613089 0.88984936 -0.049235966 -0.4161514 0.18044895
seq9/frame00007.png -26.856812 -3.223545 -7.289556 0.90306413 -0.039192535 -0.38427442 0.18780923
seq9/frame00008.png -26.584856 -3.120157 -6.634576 0.9086027 -0.023344884 -0.36702767 0.19795659
seq9/frame00009.png -26.46702 -2.1266563 -6.1539035 0.9056708 -0.036323547 -0.372021 0.20010336
seq9/frame00010.png -26.311779 -2.59246 -4.8253136 0.8996308 -0.02554406 -0.39797252 0.17784776
seq9/frame00011.png -26.221275 -2.1866112 -4.9743724 0.88149124 -0.05900456 -0.4277441 0.19111964
seq9/frame00012.png -26.031311 -2.4172647 -4.4519544 0.8853384 -0.023789836 -0.42868915 0.17842506
seq9/frame00013.png -26.12571 -1.8691988 -3.6869898 0.88176227 -0.030817695 -0.42528164 0.20169544
seq9/frame00014.png -25.997688 -1.6755481 -3.2236784 0.8762059 -0.017216481 -0.43619743 0.20420235
seq9/frame00015.png -26.01664 -1.0510046 -2.3521445 0.88023025 -0.029880682 -0.43090776 0.19652078
seq9/frame00016.png -25.90346 -1.0012684 -1.9490385 0.87443167 -0.026395107 -0.4421267 0.19798121
seq9/frame00017.png -26.059214 -1.1990416 -1.1343989 0.8844534 -0.019454125 -0.43366325 0.17117219
seq9/frame00018.png -25.965857 -0.67173076 -0.521008 0.90946835 -0.03872619 -0.3891326 0.14122131
seq9/frame00019.png -25.961777 -0.2710216 -0.013497141 0.912805 -0.080713585 -0.37914634 0.12853165
seq9/frame00020.png -25.801056 0.015038079 0.7210306 0.912702 -0.091105655 -0.38115188 0.11574983
seq9/frame00021.png -26.037277 0.059219588 1.3080626 0.91751057 -0.058749918 -0.37414175 0.12141161
seq9/frame00022.png -25.583336 0.14651084 1.9202203 0.90176433 -0.043741204 -0.40112606 0.15493783
seq9/frame00023.png -25.58016 1.0349519 3.1351542 0.90047973 -0.03935701 -0.39570856 0.17607388
seq9/frame00024.png -25.351189 0.4650862 3.634003 0.91145796 -0.06934977 -0.36979336 0.16639686
seq9/frame00025.png -25.675585 1.5002773 5.0452685 0.8995609 -0.06205818 -0.39680082 0.17172089
seq9/frame00026.png -25.632963 1.5800482 4.9542212 0.8774928 -0.080582194 -0.43253225 0.19086331
seq9/frame00027.png -25.900185 1.7291028 5.1286526 0.8591781 -0.051792376 -0.470117 0.19524479
seq9/frame00028.png -25.945711 2.8518116 5.8041778 0.8624766 -0.074066184 -0.46214727 0.19253132
seq9/frame00029.png -25.855082 2.2634122 6.7504387 0.8626078 -0.048345428 -0.46946657 0.18213062
seq9/frame00030.png -25.34931 2.3332992 7.148304 0.89724135 -0.073768504 -0.40984473 0.1467774
seq9/frame00031.png -25.580063 3.2588933 7.079906 0.88613874 -0.087650314 -0.43122518 0.14532842
seq9/frame00032.png -24.925657 3.0351887 8.595091 0.8975121 -0.082296744 -0.40960547 0.14114782
seq9/frame00033.png -25.086723 3.5274138 8.642067 0.8927119 -0.08675179 -0.42082036 0.13583013
seq9/frame00034.png -24.49431 2.2102437 9.297299 0.91095424 -0.07658263 -0.38866004 0.11506886
seq9/frame00035.png -23.828869 3.5890093 9.577245 0.92864174 -0.0997882 -0.33774564 0.11659621
seq9/frame00036.png -23.840748 3.8906136 9.862681 0.9415869 -0.09732668 -0.30354765 0.10862966
seq9/frame00037.png -23.078697 2.8867779 10.166433 0.9572888 -0.08318277 -0.2585484 0.099153936
seq9/frame00038.png -22.237286 4.0213995 10.83667 0.9507771 -0.062365334 -0.2856628 0.10261646
seq9/frame00039.png -22.13033 3.1050408 10.555904 0.95195454 -0.07819946 -0.28009477 0.09599132
seq9/frame00040.png -20.868816 4.3653274 10.978909 0.9501043 -0.07076391 -0.2886972 0.09459465
seq9/frame00041.png -20.566418 4.7425923 11.507721 0.941741 -0.10351164 -0.30286208 0.10336221
seq9/frame00042.png -20.154306 4.349923 11.809515 0.9431929 -0.07132782 -0.30711758 0.10477733
seq9/frame00043.png -19.900528 4.999765 11.927012 0.9408935 -0.09792458 -0.30512702 0.10967147
seq9/frame00044.png -19.133587 4.89195 12.358582 0.93885624 -0.09216389 -0.32037374 0.08611342
seq9/frame00045.png -18.163343 7.0723624 13.2740345 0.91678923 -0.12640928 -0.3628684 0.10883343
seq9/frame00046.png -18.27762 3.9796576 12.660471 0.8928416 -0.07504145 -0.4269516 0.122127265
seq9/frame00047.png -18.00047 5.589459 14.938545 0.9370001 -0.08567275 -0.3201773 0.11035183
seq9/frame00048.png -18.443138 5.262047 15.265143 0.94148624 -0.09558765 -0.30918267 0.0941957
seq9/frame00049.png -17.738514 6.610879 16.735077 0.9387784 -0.122029655 -0.3105062 0.08596327
seq9/frame00050.png -18.00329 6.5543485 16.93728 0.9203422 -0.13819772 -0.35573426 0.08558444
seq9/frame00051.png -18.3345 6.309672 16.63551 0.9156765 -0.10654243 -0.37433264 0.10030148
seq9/frame00052.png -18.962719 5.71566 17.2633 0.9344562 -0.12493462 -0.32292417 0.08308345
seq9/frame00053.png -18.311523 7.006867 17.820307 0.953227 -0.10617338 -0.2702144 0.08408163
seq9/frame00054.png -18.79941 6.478815 18.10074 0.9698481 -0.10955006 -0.2101883 0.056694653
seq9/frame00055.png -17.977657 7.5287757 17.88484 0.96740323 -0.11907413 -0.21877241 0.04572654
seq9/frame00056.png -17.198536 6.4914813 18.4162 0.97124076 -0.116824806 -0.20313677 0.042175367
seq9/frame00057.png -16.002592 7.4718456 18.22991 0.96764135 -0.13455752 -0.20926355 0.042109903
seq9/frame00058.png -15.820671 6.4442697 17.99757 0.9697915 -0.10904579 -0.21371272 0.04404873
seq9/frame00059.png -15.883442 5.888142 17.035595 0.9719978 -0.095446 -0.21101493 0.03978715
seq9/frame00060.png -15.55978 5.698815 16.589096 0.96711147 -0.091221295 -0.23333478 0.04391924
seq9/frame00061.png -15.079138 5.4528522 16.003735 0.9693107 -0.093546316 -0.22432277 0.03694712
seq9/frame00062.png -14.557174 5.5878344 15.969315 0.96792066 -0.094614595 -0.23037705 0.033227332
seq9/frame00063.png -14.848217 5.8177247 15.107095 0.9727515 -0.083068535 -0.21085732 0.04892179
seq9/frame00064.png -14.147475 5.8540716 14.7551775 0.9669519 -0.09661326 -0.23379311 0.03179151
seq9/frame00065.png -13.399688 5.588769 14.693368 0.9709253 -0.0981463 -0.21445172 0.04101206
seq9/frame00066.png -13.113136 5.1796894 13.501195 0.9700546 -0.085457824 -0.2233024 0.042742126
seq9/frame00067.png -13.1589155 5.767832 13.553657 0.9695339 -0.08845232 -0.22212331 0.05330524
seq9/frame00068.png -12.103965 5.1405573 12.808735 0.973651 -0.09431216 -0.20211038 0.047542598
seq9/frame00069.png -11.368871 4.785154 13.118458 0.97260773 -0.092134684 -0.20749865 0.049897898
seq9/frame00070.png -11.442529 5.488355 12.442781 0.96863115 -0.10988895 -0.2133421 0.06452362
seq9/frame00071.png -10.796721 4.467521 12.421701 0.9792832 -0.10849649 -0.1665685 0.038570475
seq9/frame00072.png -9.799593 4.895836 12.080389 0.9721593 -0.11731529 -0.19234939 0.064382344
seq9/frame00073.png -8.899227 4.772882 12.446813 0.9765812 -0.104412735 -0.18272144 0.044720985
seq9/frame00074.png -8.503124 4.947209 12.329751 0.977304 -0.12628393 -0.16320086 0.047903694
seq9/frame00075.png -7.7766027 4.733711 11.825464 0.9746457 -0.12409911 -0.18206908 0.038935818
seq9/frame00076.png -7.2926683 4.755865 11.682899 0.97851366 -0.1340646 -0.15232927 0.036516093
seq9/frame00077.png -6.3366446 4.7050495 11.724071 0.9727199 -0.12843789 -0.18956834 0.037195604
seq9/frame00078.png -5.691217 4.661177 11.485122 0.9802415 -0.13619511 -0.13336591 0.05283049
seq9/frame00079.png -4.556223 4.538695 11.234104 0.9799143 -0.120372646 -0.1470775 0.06038693
seq9/frame00080.png -4.410064 4.5577555 11.222567 0.9837393 -0.11424032 -0.13278429 0.03967922
seq9/frame00081.png -3.7005148 4.3974786 10.837081 0.98387384 -0.10271877 -0.13738114 0.050671462
seq9/frame00082.png -3.1801136 4.3620768 10.707159 0.9891483 -0.11112445 -0.090599835 0.032072764
seq9/frame00083.png -2.2138913 4.257784 10.407342 0.98887 -0.11492249 -0.0892614 0.031004423
seq9/frame00084.png -1.8961786 4.129406 10.205929 0.9880222 -0.12727322 -0.08478772 0.020608192
seq9/frame00085.png -1.2071811 4.1123676 9.969967 0.98819077 -0.13085042 -0.07505184 0.026914576
seq9/frame00086.png -0.56481934 3.9905097 9.642373 0.9873642 -0.13751432 -0.073793285 0.02750263
seq9/frame00087.png -0.2270157 3.6052227 9.086427 0.99133146 -0.11107872 -0.058231942 0.03914728
seq9/frame00088.png -0.7382275 3.1561635 8.1424055 0.99268675 -0.09459694 -0.06752937 0.032622255
seq9/frame00089.png 0.09507104 3.4438195 7.8671193 0.9957361 -0.089050554 -0.012736048 0.020428957
seq9/frame00090.png 0.34848845 2.5362947 7.4835052 0.99878293 -0.04378956 -0.018289769 0.013441768
seq9/frame00092.png 0.65418816 2.5157752 6.0391884 0.9970286 -0.07607364 0.010366587 -0.0062744278
seq9/frame00093.png 1.0855465 2.176999 5.588339 0.9954684 -0.08241836 0.04506845 -0.0147918705
seq9/frame00094.png 1.2299101 1.9469905 4.970663 0.99544585 -0.08902714 0.032390382 -0.010612182
seq9/frame00095.png 1.6068928 1.9745605 4.3102713 0.99497825 -0.08081693 0.055144105 -0.021118974
seq9/frame00096.png 1.9581792 1.7079378 3.4071953 0.9922861 -0.099248625 0.06971942 -0.025636667
seq9/frame00097.png 1.9097906 1.3919369 3.0774841 0.9900087 -0.088613935 0.10491982 -0.031971235
seq9/frame00098.png 2.0558217 1.0319176 2.4754066 0.99078995 -0.09545667 0.08909243 -0.035858177
seq9/frame00099.png 2.4431539 1.1056492 1.7486176 0.99166846 -0.08427057 0.09162725 -0.033113584
seq9/frame00100.png 3.2243164 0.34342325 1.1178445 0.9966694 -0.035314936 0.073123 -0.0074786553
seq9/frame00101.png 2.8681571 0.3058375 0.75582 0.9970262 -0.01978997 0.072869875 -0.015396258
seq9/frame00102.png 2.9934573 -0.3361017 0.2473496 0.99868274 -0.0016096623 0.049913913 -0.011783559
seq9/frame00103.png 3.3631628 -0.30062687 -0.34773606 0.9984283 0.013073475 0.050877832 -0.019532265
seq9/frame00104.png 3.3604045 -0.59081656 -0.907419 0.99540347 0.003966743 0.091569774 -0.027768612
seq9/frame00105.png 3.6345227 -0.8121447 -1.4976547 0.9951615 -0.0024009543 0.08785837 -0.043918252
seq9/frame00106.png 3.7838588 -1.0586138 -2.1779857 0.9941364 -0.0040435623 0.10220762 -0.03507264
seq9/frame00107.png 4.149155 -1.4902967 -2.6359465 0.9950582 -0.009305416 0.09073478 -0.039240737
seq9/frame00108.png 4.5244346 -1.5349694 -3.2300286 0.99404186 -0.011440966 0.10772746 -0.01202718
seq9/frame00109.png 4.8161616 -1.7415514 -3.9519682 0.9955847 -0.010326084 0.08892238 -0.028236188
seq9/frame00110.png 4.8909636 -1.8742362 -4.4865217 0.992253 -0.010251638 0.120281056 -0.029348897
seq9/frame00111.png 5.34511 -2.073152 -4.930165 0.9911116 -0.023413846 0.121913664 -0.04781922
seq9/frame00112.png 5.606967 -2.519732 -5.3935747 0.982626 -0.026223984 0.17685336 -0.049812958
seq9/frame00113.png 5.9606113 -2.5946639 -6.293875 0.9787819 -0.034664884 0.18916473 -0.0707183
seq9/frame00114.png 6.177168 -2.8631394 -6.883461 0.97232896 -0.03362662 0.21595334 -0.08252135
seq9/frame00115.png 6.382863 -3.320615 -7.4832287 0.97529596 -0.025915531 0.2032369 -0.08258948
seq9/frame00116.png 6.605854 -3.4705772 -8.098479 0.96376324 -0.026192416 0.24856715 -0.09321389
seq9/frame00117.png 7.055878 -3.9552293 -8.754403 0.9728936 -0.032690022 0.2153125 -0.077780865
seq9/frame00118.png 7.289997 -3.973819 -9.27896 0.9817767 -0.011302259 0.17490435 -0.07345242
seq9/frame00119.png 7.775 -4.0725846 -9.88146 0.984207 0.025568288 0.17047034 -0.040283345
seq9/frame00120.png 8.032625 -4.3486686 -10.353859 0.9862266 0.043969877 0.15384889 -0.041883793
seq9/frame00121.png 8.365099 -4.583521 -10.915733 0.98350674 0.045782447 0.16858771 -0.046869278
seq9/frame00122.png 8.560199 -4.530209 -11.332045 0.9845502 0.09086448 0.14202923 -0.047246605
