seq4/frame00001.png -8.828379 -4.9093966 -11.800441 0.93769073 0.03539559 -0.3079324 0.1570376
seq4/frame00002.png -8.788273 -4.9234967 -11.825922 0.93861747 0.033069618 -0.30843186 0.15090893
seq4/frame00003.png -8.786251 -4.9006877 -11.757651 0.9389857 0.02727273 -0.30765086 0.15137039
seq4/frame00004.png -8.592161 -4.8756185 -11.709573 0.94480604 0.004992094 -0.30041838 0.13063474
seq4/frame00005.png -8.124609 -4.809594 -11.391025 0.9678134 -0.01596731 -0.22369666 0.114202425
seq4/frame00006.png -7.8233247 -4.7016315 -10.947905 0.9722717 -0.011087796 -0.20569795 0.11069432
seq4/frame00007.png -7.143073 -4.5029473 -10.359674 0.9775638 -0.007532926 -0.19282615 0.084442124
seq4/frame00008.png -6.784453 -4.2493815 -9.908246 0.98190933 -0.010147391 -0.17160277 0.07939531
seq4/frame00009.png -4.548504 -4.534075 -10.226068 0.9851415 -0.008997254 -0.1590559 0.06415991
seq4/frame00010.png -5.7417617 -3.9708812 -9.145097 0.9897217 -0.009842275 -0.12876025 0.061439313
seq4/frame00011.png -5.3563766 -3.724179 -8.493204 0.9960373 0.011880097 -0.081540905 0.03346152
seq4/frame00012.png -1.8277225 -4.369844 -9.777545 0.9966026 0.037041064 -0.060661122 0.041610703
seq4/frame00013.png 4.1793165 -3.0178072 -7.4743958 0.9995093 -0.017298507 -0.004476211 0.025728099
seq4/frame00014.png -3.7368164 -3.3623564 -7.3499804 0.9962112 -0.0143152 -0.08377794 0.01843063
seq4/frame00015.png 2.4250622 -2.9502754 -6.7727575 0.99990606 -0.013619704 -0.0015163133 -0.0002112962
seq4/frame00016.png 0.0452919 -2.8063705 -6.3365703 0.9995513 -0.02780844 -0.0034451168 -0.010585457
seq4/frame00017.png 3.9704237 -2.6374507 -6.1991973 0.99825233 -0.03138891 0.04267805 -0.026184194
seq4/frame00018.png -1.595417 -2.3928134 -5.379439 0.99887663 -0.043397736 0.01739418 -0.007723258
seq4/frame00019.png -0.3558054 -2.2489126 -4.9806423 0.9959225 -0.059600007 0.05776161 -0.035352096
seq4/frame00020.png 0.20377922 -2.1389966 -4.798046 0.9952291 -0.076956056 0.056666195 -0.019637665
seq4/frame00021.png 0.0018196106 -1.7932265 -4.0388103 0.9933255 -0.093400545 0.06760981 -0.0031182328
seq4/frame00022.png 1.7824383 -1.3926135 -3.5061755 0.99393964 -0.09652622 0.051420406 -0.011073202
seq4/frame00023.png 1.3298903 -1.3490628 -3.19328 0.9952564 -0.06448884 0.072776474 0.0030525723
seq4/frame00024.png 1.8534336 -1.1830251 -2.813995 0.99479437 -0.05531498 0.08553941 0.0027428393
seq4/frame00025.png 2.0982208 -0.96528864 -2.1778495 0.9981954 -0.034627356 0.04779924 -0.011051876
seq4/frame00026.png 2.5367317 -0.67917866 -1.7280574 0.9935439 -0.02810246 0.10639797 -0.027570505
seq4/frame00027.png 2.8598204 -0.4432847 -1.1532196 0.9971741 -0.011279704 0.07375588 -0.008761868
seq4/frame00028.png 3.164112 -0.2614988 -0.55907476 0.9944703 -0.030549731 0.09953193 -0.01374545
seq4/frame00029.png 3.84906 -0.051811755 -0.2279723 0.9881464 -0.046712548 0.14008155 -0.0419728
seq4/frame00030.png 4.3441143 0.21825063 0.30541545 0.98608744 -0.07255707 0.14458944 -0.038221247
seq4/frame00031.png 4.973316 0.40344203 0.66311616 0.9883976 -0.03342811 0.14357802 -0.036580283
seq4/frame00032.png 5.588232 0.5481868 0.9028398 0.98790884 -0.0301667 0.14879851 -0.031384565
seq4/frame00033.png 6.6697273 0.8383627 1.8767036 0.99047256 -0.009996782 0.13088623 -0.041628856
seq4/frame00034.png 6.675084 0.89164054 1.9284812 0.9780531 -0.04357886 0.19925831 -0.042532872
seq4/frame00035.png 7.503788 1.0415351 2.1808448 0.9880177 -0.04676835 0.14571317 -0.020036614
seq4/frame00036.png 7.5467176 1.4439135 2.8886771 0.9889306 -0.04727704 0.14049096 -0.0065968917
seq4/frame00037.png 8.484112 1.3489397 3.1325836 0.99002934 -0.042999588 0.13240132 -0.02151347
seq4/frame00038.png 9.2807865 2.1012194 3.8630385 0.98581964 -0.034091916 0.1636995 -0.01413415
seq4/frame00039.png 9.705988 1.9892597 3.858392 0.9773778 -0.03162771 0.20675156 -0.0314037
seq4/frame00040.png 10.064353 1.9271697 4.4856615 0.98153985 -0.0067659533 0.18392114 -0.05202588
seq4/frame00041.png 10.758478 2.089874 4.4169745 0.9758423 -0.024665063 0.20926727 -0.05771112
seq4/frame00042.png 11.297642 2.1272428 4.2673054 0.9774474 -0.040988393 0.19826606 -0.060059257
seq4/frame00043.png 11.982777 2.1285641 4.2869463 0.9801004 -0.03303541 0.19004019 -0.046867654
seq4/frame00044.png 12.0536585 1.9090767 3.6139858 0.9804533 -0.04417799 0.18353541 -0.055445865
seq4/frame00045.png 12.283432 1.6670121 3.089986 0.96835417 -0.058481403 0.22851719 -0.08154719
seq4/frame00046.png 12.282397 1.6545434 2.7818391 0.9784433 -0.042810448 0.19123417 -0.06515701
seq4/frame00047.png 12.08255 1.3698516 2.1743722 0.9734951 -0.043670587 0.20194642 -0.09806982
seq4/frame00048.png 11.687748 1.248068 2.0308318 0.97231615 -0.055785745 0.21227124 -0.08018787
seq4/frame00049.png 11.081924 1.1207672 1.6527035 0.97644454 -0.07096606 0.19124112 -0.070333004
seq4/frame00050.png 10.531223 0.93469375 1.4059744 0.9680034 -0.0833026 0.21904413 -0.0897201
seq4/frame00051.png 9.772497 0.7370158 1.2465576 0.9616537 -0.10974596 0.23519333 -0.08866819
seq4/frame00052.png 8.616643 0.45238036 1.1792638 0.9633931 -0.10879945 0.22502418 -0.0969558
seq4/frame00053.png 6.7781935 1.141866 2.7322133 0.96488494 -0.10601062 0.22110248 -0.09419398
seq4/frame00054.png 6.9825954 0.92313707 1.7104938 0.9673565 -0.07717458 0.23268728 -0.06420368
seq4/frame00055.png 7.348963 0.468157 0.83611226 0.97354907 -0.0659712 0.21150881 -0.055803142
seq4/frame00056.png 6.289877 0.37405658 0.22983444 0.98025197 -0.035543047 0.17887524 -0.076461785
seq8/frame00001.png 1.7428265 4.420766 10.238483 0.9990941 -0.03603945 0.022489198 -0.002518144
seq8/frame00002.png 1.6531525 4.2525735 9.959412 0.9992137 -0.033293452 0.021528035 -4.740224e-05
seq8/frame00003.png 1.6024151 4.2428083 10.254469 0.9992886 -0.031571288 0.02061819 0.0006448483
seq8/frame00004.png 1.6249189 4.608578 9.896214 0.999126 -0.02253729 -0.004335459 0.034936193
seq8/frame00005.png 1.2873564 4.8862295 10.936275 0.9940042 -0.02693542 -0.104787715 0.01579582
seq8/frame00006.png 0.13469124 4.607094 10.430786 0.9950615 -0.041832916 -0.089225665 -0.011887819
seq8/frame00007.png -0.22377872 4.623955 10.881079 0.9924692 -0.022337196 -0.11722793 -0.02763015
seq8/frame00008.png 9.927088 5.119548 11.452577 0.9990548 -0.011983575 -0.0049319346 -0.041492768
seq8/frame00009.png -0.5301056 6.585396 14.920301 0.9993182 -0.012395802 -0.012896819 -0.032297786
seq8/frame00010.png -1.06281 5.475238 12.677469 0.99071825 -0.01879986 -0.13413416 -0.011485303
seq8/frame00011.png -3.4090862 5.378331 12.088389 0.9898332 -0.0061611556 -0.14150567 0.012979967
seq8/frame00012.png -4.3293915 4.7233295 11.59864 0.99020284 -0.0030805075 -0.13905007 0.012404238
seq8/frame00013.png -5.075164 4.4746923 11.326254 0.9935172 0.013325232 -0.11266257 0.007290757
seq8/frame00014.png -5.7915325 4.761282 11.379381 0.9916392 -0.0017666254 -0.12902786 0.00056168804
seq8/frame00015.png -6.6233797 4.9110174 11.059802 0.99281114 0.013972601 -0.1186451 -0.007359094
seq8/frame00016.png -7.3158846 4.806699 11.341844 0.99119633 -0.00813549 -0.13166058 0.011361953
seq8/frame00017.png -6.159062 4.9051504 12.199067 0.9963047 0.005162257 -0.07061657 -0.048616916
seq8/frame00018.png 5.606288 5.5930915 13.125544 0.9984625 -0.008991244 0.030232115 -0.045581274
seq8/frame00019.png -7.8797827 5.464897 12.33373 0.99679005 -0.008044397 -0.07126666 -0.035580292
seq8/frame00020.png -8.534865 5.2805624 12.462351 0.994222 -0.012611024 -0.10277336 -0.028307086
seq8/frame00021.png -9.010299 5.317939 12.376367 0.99494547 -0.018980214 -0.09196334 -0.035581566
seq8/frame00022.png -9.606804 5.525665 12.545762 0.9956256 -0.028050115 -0.08740991 -0.01738904
seq8/frame00023.png -8.872874 5.3060956 12.843091 0.9976321 -0.020248124 -0.045132775 -0.047783706
seq8/frame00024.png -10.6945095 5.488821 13.592881 0.9856285 -0.045151707 -0.16262034 0.0072467476
seq8/frame00025.png -12.395555 5.2223682 13.512681 0.98983264 -0.03964123 -0.13556547 0.016790489
seq8/frame00026.png -12.2681875 6.103159 14.831361 0.99405634 -0.051632356 -0.095663615 0.0058751204
seq8/frame00027.png -13.83747 5.4078045 14.496383 0.98544455 -0.07789763 -0.15103495 0.004412088
seq8/frame00028.png -6.9003544 5.6378202 14.596467 0.9972607 -0.024260646 -0.047603168 -0.051151596
seq8/frame00029.png 10.85572 4.8280373 12.026836 0.9955035 -0.02911021 0.03610454 -0.082594
seq8/frame00030.png 10.566787 5.978587 14.16202 0.99574906 -0.043640487 0.03660389 -0.072384015
seq8/frame00031.png -14.921881 6.2050776 17.239115 0.99638253 -0.05000928 -0.056483734 -0.03912232
seq8/frame00032.png -13.701215 6.631674 18.389639 0.9963667 -0.034980927 -0.07666378 -0.012343522
seq8/frame00033.png -15.002919 7.0329328 18.714863 0.9941138 -0.042752974 -0.09879628 -0.0122119915
seq8/frame00034.png -13.526519 7.5317965 20.608864 0.9890792 -0.03195359 -0.14357576 -0.00934683
seq8/frame00035.png -13.5342865 7.4876776 18.951263 0.983802 -0.031488635 -0.17550823 -0.018410023
seq8/frame00036.png -15.23876 7.587632 19.621183 0.97973424 -0.031568125 -0.19767417 -0.00701253
seq8/frame00037.png -19.04972 6.5048018 18.52139 0.9796813 -0.07333453 -0.18511656 0.024053063
seq8/frame00038.png -16.858343 6.507004 19.637142 0.98482853 -0.106395386 -0.13706438 0.002474396
seq8/frame00039.png -15.189858 6.6114864 19.422888 0.9893296 -0.11207036 -0.09171701 -0.015977165
seq8/frame00040.png -17.108524 6.731844 19.494677 0.99189776 -0.07167675 -0.084622234 -0.061970826
seq8/frame00041.png -16.519478 8.417574 21.264292 0.9706128 -0.0754475 -0.22824307 -0.011114612
seq8/frame00042.png -19.58624 6.805382 19.389252 0.95641196 -0.04173885 -0.2886296 0.015065963
seq8/frame00043.png -19.766472 6.648032 18.516945 0.96324855 -0.05230122 -0.26137084 0.033197794
seq8/frame00044.png -21.884476 5.639902 17.096455 0.94120127 -0.042532038 -0.3285544 0.0662059
seq8/frame00045.png -21.483372 6.0328236 17.113787 0.95486856 -0.051733013 -0.28668204 0.057993043
seq8/frame00046.png -22.006832 5.192765 15.948481 0.94167 -0.04619181 -0.3254225 0.07227807
seq8/frame00047.png -22.444147 5.6780863 15.671405 0.95362264 -0.080595806 -0.2788763 0.079599954
seq8/frame00048.png -22.655506 4.8609066 14.581848 0.9617813 -0.09764003 -0.24589305 0.07056647
seq8/frame00049.png -21.352242 5.0728097 14.813044 0.9746395 -0.11180273 -0.1847523 0.058691736
seq8/frame00050.png -22.022377 4.7012315 14.315675 0.97533065 -0.093125105 -0.19175626 0.057334993
seq8/frame00051.png -22.290775 4.50564 13.860851 0.9724734 -0.09548681 -0.2071893 0.047438625
seq8/frame00052.png -22.787476 4.218318 13.62946 0.9674365 -0.096350454 -0.22683008 0.057718452
seq8/frame00053.png -15.780638 5.131011 13.69572 0.9773888 -0.0849863 -0.19029851 -0.03570716
seq8/frame00054.png -22.058525 3.888206 13.8924265 0.983022 -0.11199853 -0.14076644 0.036179215
seq8/frame00055.png -17.288662 4.053053 10.994316 0.9773986 -0.07868438 -0.19384798 0.030392045
seq8/frame00056.png -23.612438 3.4676306 12.531361 0.97882617 -0.075975746 -0.18655208 0.036404274
seq8/frame00057.png -24.58562 3.584356 12.401754 0.9719788 -0.0808288 -0.2139493 0.054310054
seq8/frame00058.png -22.85545 3.450233 11.164284 0.97396725 -0.08491315 -0.20535669 0.04479064
seq8/frame00059.png -24.873648 3.2964923 11.518765 0.9608287 -0.10686388 -0.24947685 0.056121163
seq8/frame00060.png -26.460644 3.3738859 10.422958 0.9612284 -0.078426674 -0.2520979 0.07959882
seq8/frame00061.png -20.096851 2.8594747 9.459424 0.95929575 -0.09392372 -0.2606138 0.054866344
seq8/frame00062.png -25.568195 2.7537205 10.784758 0.9736623 -0.07613718 -0.20733908 0.05652692
seq8/frame00063.png -26.202026 2.803627 10.237255 0.97487754 -0.07819118 -0.1959613 0.07140843
seq8/frame00064.png -26.245525 2.4199443 8.570391 0.9748567 -0.05346829 -0.20838289 0.058069855
seq8/frame00065.png -20.212433 2.6635942 7.222217 0.9575169 -0.04753304 -0.27333647 0.07867131
seq8/frame00066.png -27.781612 2.0630968 7.318042 0.9500694 -0.01129929 -0.29445755 0.10264074
seq8/frame00067.png -26.8522 2.118308 7.8805056 0.95294553 -0.025316902 -0.29047772 0.08292498
seq8/frame00068.png -26.576717 2.0309067 6.990278 0.9444341 -0.043304887 -0.3157128 0.08058688
seq8/frame00069.png -25.737585 1.9566951 6.485318 0.9517183 -0.05992974 -0.2905526 0.07886692
seq8/frame00070.png -25.396835 1.7836595 5.652004 0.94418716 -0.04317973 -0.31584272 0.08300317
seq8/frame00071.png -25.166958 1.6686238 4.9945397 0.94508636 -0.053651363 -0.3094992 0.090240866
seq8/frame00072.png -24.171703 1.7969241 5.1944146 0.9378073 -0.0677275 -0.32945305 0.085971594
seq8/frame00073.png -23.903267 1.6926923 5.3402233 0.9378909 -0.081591286 -0.32567483 0.087403856
seq8/frame00074.png -21.893494 1.8264263 6.344155 0.936739 -0.110001825 -0.32543018 0.067191996
seq8/frame00075.png -22.136816 2.1187487 5.4678726 0.92994064 -0.0832584 -0.34735668 0.087303594
seq8/frame00076.png -22.851494 2.6674552 5.950574 0.9255201 -0.10704663 -0.35045803 0.095565096
seq8/frame00077.png -21.300129 1.8318218 4.6173496 0.93761253 -0.08877005 -0.32234207 0.09538416
seq8/frame00078.png -20.833635 1.4710081 4.0820684 0.9441379 -0.076777056 -0.3058291 0.09579853
seq8/frame00079.png -20.714005 1.2351371 3.164812 0.9411533 -0.06378251 -0.3141521 0.10710174
seq8/frame00080.png -20.31269 1.2010014 3.1401527 0.94075894 -0.061438825 -0.31703514 0.103376076
seq8/frame00081.png -20.252808 0.93743986 2.7257884 0.9402009 -0.06349573 -0.32231197 0.09003041
seq8/frame00082.png -20.279629 0.7105458 1.622322 0.94551045 -0.05675536 -0.30848542 0.0873246
seq8/frame00083.png -20.271036 0.59894276 1.3721187 0.93245804 -0.044367347 -0.3501907 0.07694092
seq8/frame00084.png -20.231518 0.286049 0.73940694 0.932458 -0.025251936 -0.34857053 0.09155948
seq8/frame00085.png -20.504269 0.056607187 0.34457952 0.92535496 -0.03339529 -0.36357808 0.10204855
seq8/frame00086.png -21.162388 -0.30091488 -0.8165304 0.92705405 -0.029496914 -0.35148552 0.12711647
seq8/frame00087.png -21.47055 -0.6081565 -1.3515136 0.9262501 -0.016224142 -0.35602355 0.12265737
seq8/frame00088.png -21.68314 -0.8728812 -1.681881 0.92644894 -0.0015683915 -0.36268583 0.10074165
seq8/frame00089.png -22.148643 -1.0612944 -2.3307319 0.9139068 -0.009007277 -0.3879509 0.11911138
seq8/frame00090.png -22.42371 -1.2183969 -2.3599138 0.9244105 0.010780474 -0.36821052 0.09884289
seq8/frame00091.png -22.4361 -1.3560382 -2.1726193 0.9341349 0.00551438 -0.34844527 0.077119045
seq8/frame00092.png -23.43183 -1.6355195 -3.2513423 0.92379427 0.017902466 -0.37038612 0.09538213
seq8/frame00093.png -24.071262 -2.0260434 -4.181843 0.91607904 0.009980428 -0.38105175 0.124495536
seq8/frame00094.png -24.208 -2.2319946 -4.9578075 0.91304 -0.014591253 -0.38856828 0.12312524
seq8/frame00095.png -24.69643 -2.3078828 -4.428852 0.9264101 -0.015428412 -0.3630424 0.09862252
seq8/frame00096.png -24.968817 -2.5264204 -4.8385963 0.9277655 -0.010995114 -0.36540824 0.07488064
seq8/frame00097.png -23.487665 -2.5991848 -5.6564746 0.9091134 -0.0055694706 -0.39911824 0.11910722
seq8/frame00098.png -25.889532 -2.9758518 -6.8451467 0.90827656 -0.011648266 -0.3966236 0.13261895
seq8/frame00099.png -25.833015 -3.2430985 -7.6523495 0.9008964 -0.0066084163 -0.40928993 0.14430472
seq8/frame00100.png -25.642914 -3.277657 -7.834254 0.8861291 -0.011562247 -0.44064596 0.14308305
seq8/frame00101.png -25.389742 -3.6234696 -8.595285 0.87113416 -0.0010141535 -0.46791443 0.14893028
seq8/frame00102.png -24.847046 -3.69302 -9.036538 0.855427 -0.0033091935 -0.49379447 0.15620734
seq8/frame00103.png -24.354824 -3.7955139 -9.160608 0.8572021 -0.00049764576 -0.48572144 0.17111076
seq8/frame00104.png -23.613125 -3.838026 -9.572364 0.84707093 0.0010415162 -0.49911758 0.18262357
seq8/frame00105.png -24.894794 -4.1819115 -10.442605 0.84999704 0.021611888 -0.4985337 0.16882578
seq8/frame00106.png -24.679722 -4.1053853 -10.179653 0.8479495 0.0010840186 -0.4965872 0.18542282
seq8/frame00107.png -24.013023 -4.2325654 -10.702291 0.85418963 0.017910741 -0.4838836 0.18946184
seq8/frame00108.png -23.473652 -4.5203094 -11.1874895 0.8669103 0.0073555578 -0.46376425 0.18257895
seq8/frame00109.png -22.729565 -4.8976707 -11.948267 0.8681717 0.020908933 -0.464369 0.17378776
seq8/frame00110.png -21.161882 -4.777687 -11.546654 0.8883314 0.0038359489 -0.42441288 0.1752892
seq8/frame00111.png -21.47406 -4.93025 -12.071833 0.86308396 0.014987818 -0.47546265 0.16969556
seq8/frame00112.png -21.999542 -4.934668 -12.160103 0.8712526 0.026826201 -0.45603707 0.17952575
seq8/frame00113.png -22.443913 -5.228554 -12.60183 0.8592239 0.0044151917 -0.48338798 0.16748366
seq8/frame00114.png -23.425491 -5.1546407 -12.179455 0.8553755 -0.004068718 -0.4940342 0.15571208
seq8/frame00115.png -23.827003 -5.282961 -12.184421 0.8364707 -0.027600424 -0.5215715 0.16588564
seq8/frame00116.png -24.534412 -5.0962944 -12.140797 0.82878214 -0.0078067775 -0.5267961 0.18853422
seq8/frame00117.png -25.028652 -5.236012 -11.685898 0.81906855 -0.014733991 -0.5411826 0.1898185
seq8/frame00118.png -25.70541 -5.242653 -12.133915 0.83013517 -0.016878696 -0.5267651 0.18195929
seq8/frame00119.png -26.341166 -5.313474 -11.9336405 0.8310768 -0.026385011 -0.5309468 0.16343443
seq8/frame00120.png -27.09102 -5.066434 -12.169137 0.834292 -0.0071168863 -0.5191063 0.18556608
seq8/frame00121.png -27.784744 -5.2968035 -12.000361 0.8277173 -0.0031517087 -0.5345338 0.17072715
seq8/frame00122.png -28.425667 -5.2966094 -11.694991 0.8394497 0.003270109 -0.5188123 0.16170089
seq8/frame00123.png -29.271143 -5.235536 -11.57694 0.8134483 -0.018140519 -0.55684835 0.16701096
seq8/frame00124.png -29.037262 -5.475116 -10.596181 0.81375825 -0.009344467 -0.55800706 0.16229053
seq8/frame00125.png -30.109322 -5.3314013 -11.686811 0.82003736 -0.02493464 -0.5455934 0.17101109
seq8/frame00126.png -31.081171 -4.862657 -10.940845 0.8249769 -0.044081084 -0.5262658 0.20128156
