seq4/frame00001.png -9.26633 -5.078055 -12.156607 0.93694335 0.02442392 -0.31078398 0.15799446
seq4/frame00002.png -9.273757 -5.1355767 -12.320216 0.93741566 0.022536231 -0.31328717 0.1502388
seq4/frame00003.png -9.352418 -5.1280828 -12.348716 0.9382239 0.016494647 -0.31050706 0.15144241
seq4/frame00004.png -8.695983 -5.136176 -12.35052 0.94082344 -0.0005815949 -0.31160125 0.13280702
seq4/frame00005.png -7.583132 -4.9824996 -11.839297 0.96371317 -0.010327452 -0.23598357 0.12455776
seq4/frame00006.png -7.633873 -4.765559 -11.299415 0.9671331 -0.0019599486 -0.22594778 0.11665666
seq4/frame00007.png -7.4666424 -4.5238004 -10.812483 0.9743351 0.0009667742 -0.20660271 0.08921408
seq4/frame00008.png -6.95598 -4.108045 -9.798713 0.9827658 -0.00033110863 -0.16497545 0.08291041
seq4/frame00009.png -4.949171 -4.1240463 -9.483733 0.9864873 -0.015227512 -0.14554973 0.073350035
seq4/frame00010.png -5.051053 -3.7654896 -8.80486 0.9858682 0.008545594 -0.14815153 0.07753128
seq4/frame00011.png -3.639305 -3.5639129 -8.210797 0.99792385 0.026499525 -0.05358779 0.022504177
seq4/frame00012.png -2.476778 -3.932125 -8.600646 0.99716276 0.014851277 -0.066920236 0.029790819
seq4/frame00013.png 2.3641539 -3.3907356 -7.8110733 0.9993683 -0.007152815 -0.03458467 0.010575996
seq4/frame00014.png -3.1540499 -3.5291786 -7.782222 0.9993519 0.008067538 -0.03542988 0.0025455928
seq4/frame00015.png 2.1363235 -3.2772021 -7.5039988 0.9999145 -0.0027957787 -0.011149564 -0.009102185
seq4/frame00016.png -1.0142508 -3.0491714 -6.81203 0.99928427 -0.03365012 0.009103097 -0.010913268
seq4/frame00017.png 3.3678255 -2.879714 -6.593792 0.99759054 -0.036852583 0.047615454 -0.03511136
seq4/frame00018.png -1.5877767 -2.9583225 -6.5909977 0.9978727 -0.056685004 0.032806452 -0.005301742
seq4/frame00019.png -1.1109004 -2.5451655 -5.504738 0.994346 -0.06503107 0.075163566 -0.03741015
seq4/frame00020.png 1.2871943 -2.105472 -4.906604 0.99584407 -0.07381366 0.052793995 -0.008539583
seq4/frame00021.png 0.68892336 -2.0734725 -4.7337294 0.99337417 -0.09121657 0.07009836 0.0027654269
seq4/frame00022.png 1.6761894 -1.6717634 -3.9257793 0.9939462 -0.09361857 0.058264654 -0.002536063
seq4/frame00023.png 1.9941521 -1.590199 -3.6760397 0.9950898 -0.06994384 0.06930408 0.009826431
seq4/frame00024.png 2.4585404 -1.2439599 -2.8099957 0.9946049 -0.060215153 0.08369958 0.0075399564
seq4/frame00025.png 2.2253432 -0.73975086 -1.693286 0.99782264 -0.030639011 0.05689275 -0.01387641
seq4/frame00026.png 3.0909786 -0.6027541 -1.4317961 0.9941081 -0.027265618 0.102099255 -0.024775902
seq4/frame00027.png 3.2886257 -0.41049528 -0.9727125 0.9964673 -0.010247611 0.08307255 -0.006930835
seq4/frame00028.png 3.4722614 -0.28611755 -0.40778828 0.9947975 -0.032654233 0.09562226 -0.015880655
seq4/frame00029.png 3.7200508 0.030832767 0.17916965 0.98720866 -0.04888155 0.14501467 -0.044144567
seq4/frame00030.png 4.3848333 0.19769478 0.55289555 0.98427105 -0.07697676 0.15397704 -0.04025208
seq4/frame00031.png 4.9741716 0.3748045 1.0637836 0.98721963 -0.039283242 0.14921218 -0.03907795
seq4/frame00032.png 5.521599 0.67797756 1.7918892 0.98810065 -0.031829167 0.14749853 -0.031360913
seq4/frame00033.png 6.806945 0.48285055 1.2304897 0.9898312 -0.017562402 0.13572997 -0.037735716
seq4/frame00034.png 6.7974253 1.3028011 2.900135 0.9793667 -0.045387894 0.19293058 -0.039738633
seq4/frame00035.png 6.9074583 0.9446564 2.2384605 0.9909457 -0.046539336 0.1251903 -0.015650455
seq4/frame00036.png 7.2632437 1.5391569 3.4711142 0.9909706 -0.057532135 0.1208947 -0.009080306
seq4/frame00037.png 7.7708893 1.9442716 4.5344515 0.9921924 -0.04745453 0.11440685 -0.01704592
seq4/frame00038.png 8.636793 2.1910453 4.7742977 0.98931134 -0.04059077 0.13939011 -0.015292332
seq4/frame00039.png 8.50781 2.0763273 4.6078453 0.985209 -0.029202968 0.1663818 -0.028435444
seq4/frame00040.png 10.714833 2.3828812 5.472762 0.98266864 -0.016699277 0.17734574 -0.05108515
seq4/frame00041.png 10.388047 2.2079887 4.7964487 0.9730727 -0.021309271 0.21884671 -0.07003703
seq4/frame00042.png 11.204133 2.333784 4.9240875 0.97617066 -0.04481118 0.20275958 -0.06329386
seq4/frame00043.png 12.382413 2.5211177 5.1700706 0.9781899 -0.03161565 0.19963643 -0.048473027
seq4/frame00044.png 13.075393 2.0501628 3.9729996 0.9786896 -0.049418986 0.19131126 -0.05760094
seq4/frame00045.png 12.339859 1.7285895 3.223466 0.9711103 -0.053788096 0.21684843 -0.08373291
seq4/frame00046.png 12.967587 1.8123217 3.324338 0.97860235 -0.042629447 0.19056213 -0.06538209
seq4/frame00047.png 12.842469 1.5718398 2.5894547 0.9738835 -0.036994662 0.20252736 -0.096966915
seq4/frame00048.png 12.358095 1.4841957 2.6281452 0.9694749 -0.051665403 0.22430553 -0.08375524
seq4/frame00049.png 11.881698 1.3520241 2.2850027 0.9738805 -0.07152596 0.20455137 -0.0679609
seq4/frame00050.png 10.472611 1.0288692 1.4634867 0.96335214 -0.078986526 0.23879005 -0.09350516
seq4/frame00051.png 8.803542 0.92543554 1.6778116 0.9723499 -0.09221319 0.19573916 -0.08798893
seq4/frame00052.png 7.9157467 0.81083775 1.880312 0.9649648 -0.09711839 0.21973169 -0.1045469
seq4/frame00053.png 6.7934933 0.44711637 1.354866 0.9696956 -0.105346784 0.19755787 -0.09758113
seq4/frame00054.png 6.6682825 0.23113728 0.60730076 0.9729257 -0.08405068 0.2088196 -0.052870896
seq4/frame00055.png 7.831661 0.7700677 1.5865889 0.9759938 -0.064263105 0.20059267 -0.054474562
seq4/frame00056.png 6.8253736 0.36818266 0.603199 0.98104113 -0.029223692 0.17816366 -0.07196056
seq8/frame00001.png 2.048953 4.7416425 11.274126 0.9986728 -0.03641915 0.03520495 5.6209137e-05
seq8/frame00002.png 2.217042 4.6630464 11.099876 0.99881506 -0.032649655 0.03657207 0.002340997
seq8/frame00003.png 2.116044 4.7854366 11.4962845 0.9988558 -0.028921526 0.035937946 0.00303288
seq8/frame00004.png 1.6768179 5.066971 11.325246 0.99903136 -0.022443278 0.016974622 0.035246927
seq8/frame00005.png 2.0451202 5.03985 11.788477 0.99643487 -0.035350855 -0.0751966 0.018294718
seq8/frame00006.png -0.1875062 4.8589096 11.580538 0.9962088 -0.050750177 -0.070180096 -0.006763068
seq8/frame00007.png 0.1979208 5.1563053 12.016155 0.9974049 -0.030501503 -0.05876415 -0.028052067
seq8/frame00008.png 3.9117508 5.176517 11.675667 0.9979601 -0.024511721 -0.0023910669 -0.059359286
seq8/frame00009.png -0.83774376 5.6171274 13.278982 0.998796 -0.017517498 -0.0025294828 -0.045153122
seq8/frame00010.png -4.9006925 4.7631907 11.595526 0.99845827 -0.02885991 -0.04082339 -0.026963102
seq8/frame00011.png -4.017176 5.205729 12.683806 0.9955592 -0.015339115 -0.09305285 0.007414116
seq8/frame00012.png -4.165257 4.4749265 10.918776 0.9934036 -0.0119035 -0.113364786 0.011774451
seq8/frame00013.png -3.250153 5.100661 13.178405 0.9952986 0.004279106 -0.09592332 0.0110550625
seq8/frame00014.png -4.2575164 5.258145 12.767662 0.9949602 -0.01126359 -0.09962688 0.0062199896
seq8/frame00015.png -4.6539497 5.2699027 12.876082 0.99764633 0.0068132025 -0.06618513 -0.018941775
seq8/frame00016.png -6.832558 4.9491653 12.070656 0.9964608 -0.00861631 -0.08412777 0.002873422
seq8/frame00017.png 5.3933754 5.359316 13.060889 0.9984054 -0.011063722 0.0031794368 -0.055782422
seq8/frame00018.png 7.6017637 5.209286 12.525728 0.99869 -0.016397491 -0.016969029 -0.046948913
seq8/frame00019.png -5.0877666 5.6497226 13.357874 0.99850714 -0.019277962 -0.01683671 -0.04634486
seq8/frame00020.png -5.1863422 5.9421716 14.229258 0.99806994 -0.018404497 -0.046942573 -0.034820676
seq8/frame00021.png -6.4353523 5.3672404 13.076983 0.998097 -0.0181596 -0.043255538 -0.039280992
seq8/frame00022.png -10.977648 6.0661955 13.943634 0.99819964 -0.024623968 -0.047949318 -0.028417157
seq8/frame00023.png -11.079767 5.569063 13.217925 0.99825436 -0.017325994 -0.0028773502 -0.05695649
seq8/frame00024.png -12.3005905 5.672966 14.493734 0.99080306 -0.04974217 -0.12599261 0.00078011653
seq8/frame00025.png -12.670009 5.158163 13.88877 0.9917807 -0.04296728 -0.12016868 0.008523018
seq8/frame00026.png -12.8712435 5.958445 15.414554 0.9950355 -0.051482987 -0.08489354 -0.00016635611
seq8/frame00027.png -13.914256 5.80412 15.553139 0.9856466 -0.072524235 -0.15217309 0.0035261742
seq8/frame00028.png -12.489569 5.7373223 14.6406355 0.9974089 -0.021797901 -0.02128925 -0.06459851
seq8/frame00029.png 11.500267 4.8940115 11.334196 0.99490553 -0.017364215 0.04084298 -0.09078298
seq8/frame00030.png 11.0938835 4.932109 11.323631 0.9954295 -0.022123653 0.038131844 -0.0854057
seq8/frame00031.png -12.086603 5.6636195 15.408732 0.99715835 -0.047622602 -0.03652283 -0.04630447
seq8/frame00032.png -13.875447 6.0417447 15.816359 0.99739015 -0.03573609 -0.058247034 -0.024255525
seq8/frame00033.png -14.718446 5.971407 16.047724 0.9951986 -0.051721767 -0.08045575 -0.022662798
seq8/frame00034.png -14.698506 6.2594333 16.531618 0.99200815 -0.03242233 -0.12117825 -0.016461587
seq8/frame00035.png -12.421636 6.564364 16.815142 0.99025565 -0.038624823 -0.13051957 -0.028703365
seq8/frame00036.png -15.504392 6.4936557 16.815634 0.9896008 -0.035534807 -0.1383868 -0.01876701
seq8/frame00037.png -18.51003 6.1602488 17.302298 0.97844696 -0.07936981 -0.18961649 0.02206948
seq8/frame00038.png -17.717691 6.6862903 17.891914 0.9881919 -0.091234155 -0.12317886 -0.008983233
seq8/frame00039.png -13.879781 6.428992 16.882885 0.99091125 -0.09537393 -0.09263785 -0.021382991
seq8/frame00040.png -16.743124 6.6674027 16.96475 0.99322444 -0.058139265 -0.07187379 -0.06998986
seq8/frame00041.png -17.551382 7.2185087 18.034948 0.98065925 -0.07631215 -0.18004216 -0.010032192
seq8/frame00042.png -19.586397 5.8313384 15.70205 0.9661483 -0.048077106 -0.2529347 0.01865369
seq8/frame00043.png -19.761925 5.4029794 15.857374 0.963863 -0.06503055 -0.25587535 0.036601488
seq8/frame00044.png -21.646095 4.73198 13.818971 0.9431127 -0.049835127 -0.32045582 0.073061414
seq8/frame00045.png -20.209648 5.0958652 14.829934 0.9516028 -0.05796298 -0.29470032 0.06553841
seq8/frame00046.png -21.97645 4.6027846 12.943123 0.94114536 -0.048598647 -0.32531372 0.07806792
seq8/frame00047.png -21.184635 5.2239366 14.081772 0.9533552 -0.08675615 -0.2799558 0.072628975
seq8/frame00048.png -20.989178 5.2754636 14.472993 0.9628981 -0.09351382 -0.24495748 0.06461218
seq8/frame00049.png -19.597754 5.371546 15.06054 0.97779965 -0.10676644 -0.17308791 0.05021892
seq8/frame00050.png -19.919949 5.0131283 13.6697235 0.9757935 -0.08588686 -0.19372213 0.054252144
seq8/frame00051.png -20.049484 4.954979 13.456404 0.9717451 -0.09015765 -0.2147977 0.038827553
seq8/frame00052.png -20.931868 4.845996 13.532704 0.9661738 -0.088720076 -0.23542193 0.05718966
seq8/frame00053.png -17.181639 5.123678 13.374833 0.9775848 -0.09628413 -0.186836 0.014741635
seq8/frame00054.png -16.786867 4.3761773 12.204472 0.9813935 -0.093168356 -0.16541852 0.030486071
seq8/frame00055.png -17.439476 4.31414 11.617843 0.9796936 -0.0726769 -0.186337 0.013816567
seq8/frame00056.png -18.776745 3.8618507 11.319051 0.9756965 -0.07447898 -0.20476489 0.025229512
seq8/frame00057.png -20.55528 3.919508 11.681194 0.9689463 -0.07843789 -0.22971147 0.046481162
seq8/frame00058.png -18.437305 3.9672832 11.256822 0.9690528 -0.07756327 -0.2319216 0.03151955
seq8/frame00059.png -20.718882 4.205489 11.818368 0.95876116 -0.09371173 -0.26330766 0.052233204
seq8/frame00060.png -21.881384 3.794579 10.438468 0.9581606 -0.07445085 -0.2669734 0.07122144
seq8/frame00061.png -20.218813 3.8205662 11.126575 0.964134 -0.07965326 -0.24916737 0.04431124
seq8/frame00062.png -19.674288 3.2644243 9.9593525 0.96637386 -0.071270525 -0.24179336 0.051484216
seq8/frame00063.png -19.471697 3.133594 9.565023 0.96586025 -0.07245248 -0.23811649 0.071717665
seq8/frame00064.png -19.343103 2.8065538 8.235785 0.96663564 -0.048521444 -0.24646941 0.050517716
seq8/frame00065.png -20.401253 3.0120044 8.417208 0.96114606 -0.042944476 -0.26482293 0.064463794
seq8/frame00066.png -23.198769 2.6558418 7.7496395 0.9451504 -0.01823543 -0.31331208 0.09105622
seq8/frame00067.png -22.461908 2.5321593 7.9026384 0.94891495 -0.028839352 -0.30541217 0.07356641
seq8/frame00068.png -23.250685 2.550746 7.5236826 0.9438741 -0.04439793 -0.31902424 0.07270227
seq8/frame00069.png -22.857048 2.3782263 6.917886 0.94980854 -0.058191437 -0.29818422 0.074063145
seq8/frame00070.png -22.901934 2.0285387 6.3257074 0.94530416 -0.047006406 -0.31304473 0.07906174
seq8/frame00071.png -23.899656 1.6071444 5.387418 0.94564354 -0.05644512 -0.30744934 0.08950403
seq8/frame00072.png -24.368061 1.6090388 5.81929 0.9409624 -0.07269605 -0.3193363 0.08422926
seq8/frame00073.png -23.272213 1.859468 6.632725 0.9398219 -0.084751636 -0.319497 0.086618535
seq8/frame00074.png -21.797129 2.1545072 7.2385626 0.94591135 -0.10243845 -0.30091012 0.064973794
seq8/frame00075.png -22.943588 2.1774244 6.9534035 0.9372347 -0.084613614 -0.3295685 0.077015504
seq8/frame00076.png -23.211777 1.6840591 6.1766987 0.9371466 -0.0904648 -0.32592434 0.08564453
seq8/frame00077.png -22.426586 1.8950543 5.4867125 0.94067425 -0.08933499 -0.31552073 0.086900935
seq8/frame00078.png -22.14444 1.3816352 4.8839455 0.9465185 -0.07617133 -0.2983018 0.095135294
seq8/frame00079.png -22.065792 1.149672 3.7705498 0.9416442 -0.06387739 -0.3126512 0.10715592
seq8/frame00080.png -21.357624 1.1593542 4.0135164 0.93941754 -0.06799465 -0.32011282 0.102357134
seq8/frame00081.png -20.724964 1.0598063 3.417346 0.94191116 -0.063593686 -0.31822795 0.085706145
seq8/frame00082.png -20.15637 0.7879343 2.1904001 0.94457805 -0.05895403 -0.31054828 0.08866992
seq8/frame00083.png -19.872284 1.3451419 3.5671463 0.9410324 -0.05078272 -0.32610357 0.07514108
seq8/frame00084.png -20.856422 0.78844786 2.3642702 0.9397301 -0.028894253 -0.32887346 0.08838493
seq8/frame00085.png -20.874155 0.2166524 1.4289694 0.9308232 -0.037726358 -0.34967473 0.0992318
seq8/frame00086.png -22.801994 -0.53894615 -0.61744213 0.929304 -0.03547493 -0.34698573 0.12162275
seq8/frame00087.png -22.082312 -0.79328537 -1.3114004 0.929433 -0.021661034 -0.34903273 0.11818607
seq8/frame00088.png -21.601105 -0.6755028 -1.1192789 0.933293 -0.0022991037 -0.3463464 0.09392912
seq8/frame00089.png -22.73282 -0.96208906 -1.7548265 0.91906035 -0.009502531 -0.3770535 0.11465533
seq8/frame00090.png -22.717089 -0.8094754 -1.7989941 0.9307375 0.021300782 -0.35273117 0.094368
seq8/frame00091.png -21.4611 -0.87384176 -1.4948454 0.94229823 0.013546182 -0.3264944 0.07275072
seq8/frame00092.png -22.6854 -1.1994691 -2.4600115 0.9323635 0.021213394 -0.3489281 0.0916219
seq8/frame00093.png -23.679064 -1.7978024 -3.9402447 0.91908455 0.017137054 -0.37553203 0.117885835
seq8/frame00094.png -23.79279 -2.0872836 -4.474061 0.9156515 -0.010491369 -0.38446045 0.117380254
seq8/frame00095.png -22.913527 -1.7793784 -3.9670324 0.92752236 -0.0035202522 -0.36180478 0.09397134
seq8/frame00096.png -22.423111 -1.9441886 -4.015935 0.93207085 -0.003872025 -0.35392463 0.076935
seq8/frame00097.png -24.426249 -2.2738566 -4.8382893 0.9112969 0.0048927763 -0.39658585 0.11098476
seq8/frame00098.png -25.606377 -2.6939144 -5.913928 0.9085873 -0.009065653 -0.3967565 0.13010849
seq8/frame00099.png -26.13342 -3.0436802 -6.785532 0.902642 -0.0051564537 -0.40621465 0.1416453
seq8/frame00100.png -25.983248 -2.9637775 -6.7247047 0.88810295 -0.0077991486 -0.4359083 0.1456186
seq8/frame00101.png -26.123192 -3.1905212 -7.4223747 0.87572324 -0.0029052666 -0.45862344 0.15147984
seq8/frame00102.png -26.22311 -3.1754732 -7.3399363 0.861411 -0.001573528 -0.4820281 0.16023996
seq8/frame00103.png -26.043694 -3.4675817 -8.07255 0.8622216 -0.0014308697 -0.47655976 0.17130733
seq8/frame00104.png -26.105705 -3.5980816 -8.408299 0.85473174 0.0037070732 -0.4852189 0.18450311
seq8/frame00105.png -25.3739 -3.4153838 -8.211442 0.8675605 0.009003628 -0.4676334 0.16925173
seq8/frame00106.png -25.065907 -3.6203132 -8.789733 0.8555791 0.0046726456 -0.48290458 0.18651237
seq8/frame00107.png -24.763742 -3.7194834 -8.894768 0.85968876 0.00808363 -0.4750678 0.18757543
seq8/frame00108.png -23.745527 -4.100832 -9.87282 0.87164044 -0.0005123832 -0.45154083 0.19079922
seq8/frame00109.png -23.165726 -4.37137 -10.520049 0.8744759 0.0059648375 -0.4512355 0.17758942
seq8/frame00110.png -21.46142 -4.6525474 -11.213502 0.8955233 0.00069141336 -0.41103816 0.17084867
seq8/frame00111.png -22.992218 -4.6276627 -11.165497 0.86416876 0.0074169445 -0.4727533 0.17201123
seq8/frame00112.png -22.392824 -4.8686967 -11.6172905 0.8768247 0.015719475 -0.44591808 0.17907506
seq8/frame00113.png -23.18368 -4.748088 -11.73229 0.86253357 -0.006718629 -0.47697595 0.16889003
seq8/frame00114.png -23.974758 -4.7032804 -11.429734 0.8571989 -0.0064444696 -0.48875263 0.16200742
seq8/frame00115.png -25.545122 -4.4523406 -10.670858 0.84871686 -0.027334813 -0.49998692 0.17016599
seq8/frame00116.png -26.333824 -4.4075847 -10.649861 0.8431814 -0.011962197 -0.50441647 0.18554932
seq8/frame00117.png -27.38447 -4.6185865 -10.754499 0.8347308 -0.011349872 -0.51771194 0.18712921
seq8/frame00118.png -27.475065 -4.5990114 -11.000135 0.8452281 -0.015891 -0.50348806 0.17857662
seq8/frame00119.png -27.517326 -4.5153813 -10.787337 0.84609073 -0.025426155 -0.5054845 0.16773
seq8/frame00120.png -28.225513 -4.383724 -10.672376 0.8468077 -0.011335601 -0.49891457 0.18420638
seq8/frame00121.png -28.075125 -4.2251496 -10.221183 0.8375367 0.0002525525 -0.5173354 0.1759056
seq8/frame00122.png -27.79925 -4.196701 -9.705454 0.8393917 0.012350209 -0.51763034 0.1651992
seq8/frame00123.png -29.097855 -4.497919 -10.074527 0.8381551 -0.014891097 -0.51903546 0.16694091
seq8/frame00124.png -28.341461 -3.9868798 -9.11562 0.8362294 0.005186142 -0.52395 0.16174848
seq8/frame00125.png -28.273777 -4.556392 -10.282773 0.84019214 -0.027245 -0.5152545 0.16706984
seq8/frame00126.png -28.729696 -4.6237416 -10.395997 0.8468196 -0.036943626 -0.48972565 0.20388347
