seq4/frame00001.png -8.637009 -4.7380705 -11.0447 0.93678355 0.030581638 -0.31000254 0.15969235
seq4/frame00002.png -9.177852 -4.7588434 -11.52324 0.93919116 0.027473228 -0.30699828 0.15128958
seq4/frame00003.png -8.917854 -4.8904476 -11.777695 0.93932116 0.023383938 -0.30682585 0.15159354
seq4/frame00004.png -8.515779 -4.957293 -11.778544 0.9451511 0.0037777629 -0.30015457 0.12873453
seq4/frame00005.png -6.4876065 -4.7368684 -11.040968 0.9663529 -0.010729359 -0.22876668 0.117351875
seq4/frame00006.png -6.5875616 -5.120408 -11.640775 0.9658475 -0.009518501 -0.23280437 0.11409563
seq4/frame00007.png -7.1733584 -4.5640917 -10.587085 0.97565585 -0.005602858 -0.20218772 0.08467236
seq4/frame00008.png -6.763198 -4.204134 -9.700526 0.98232675 -0.011407277 -0.16993445 0.07831897
seq4/frame00009.png -4.216876 -4.571407 -10.271606 0.9848089 -0.010684193 -0.15661499 0.07514668
seq4/frame00010.png -5.928549 -4.091581 -9.214535 0.9901246 -0.0075877397 -0.12334947 0.06663708
seq4/frame00011.png -5.4329066 -4.0190406 -8.867351 0.99590224 0.014835114 -0.080223754 0.036986277
seq4/frame00012.png -4.6416287 -3.8443918 -8.623675 0.99908406 0.016402964 -0.034165204 0.020572431
seq4/frame00013.png -0.053439617 -3.4759479 -7.914837 0.99633116 -0.007862327 -0.08110812 0.028868733
seq4/frame00014.png -2.657745 -3.4518547 -7.1999855 0.99792266 -0.009181977 -0.06200319 0.01773704
seq4/frame00015.png -3.446477 -3.445086 -7.5728245 0.99896187 0.0045002927 -0.04576284 0.002764711
seq4/frame00016.png -1.878717 -3.0445166 -6.654194 0.9995116 -0.030013438 0.0104955435 -0.012873261
seq4/frame00017.png 4.062001 -2.580584 -6.359584 0.9984729 -0.026560334 0.040497635 -0.02608659
seq4/frame00018.png -0.8593526 -2.507042 -5.8468657 0.9985341 -0.04494198 0.029416291 -0.008173526
seq4/frame00019.png 0.97248983 -2.331478 -5.34558 0.9946144 -0.058113266 0.07738208 -0.036712
seq4/frame00020.png 0.62375355 -2.3581219 -5.1831617 0.99449164 -0.07880322 0.06812428 -0.019551206
seq4/frame00021.png 0.7345052 -1.8185177 -4.07493 0.99227977 -0.08962011 0.085591204 -0.0026968303
seq4/frame00022.png 1.903358 -1.6536069 -3.9051056 0.9936935 -0.09244089 0.06397156 -0.008195108
seq4/frame00023.png 1.752532 -1.4677987 -3.2764683 0.9949212 -0.06398463 0.07729687 0.0029293061
seq4/frame00024.png 1.7859468 -1.4109902 -3.1834583 0.9944303 -0.05434934 0.09086866 0.0026056457
seq4/frame00025.png 1.948504 -1.0997114 -2.1517496 0.9981673 -0.029664047 0.05163883 -0.0113848485
seq4/frame00026.png 2.7345333 -0.6573477 -1.6594391 0.9933863 -0.02483005 0.10832138 -0.028270775
seq4/frame00027.png 3.3730907 -0.5625768 -1.4061642 0.9965149 -0.010182582 0.0825325 -0.007918297
seq4/frame00028.png 3.2526093 -0.22539234 -0.4694662 0.9943689 -0.025987094 0.101401076 -0.015882282
seq4/frame00029.png 3.6177092 -0.12349367 -0.21372032 0.9884588 -0.047036387 0.13837682 -0.042389866
seq4/frame00030.png 4.5877304 0.25714302 0.5175495 0.9861715 -0.072257765 0.14432985 -0.038511686
seq4/frame00031.png 4.8635635 0.52288437 0.95442677 0.9884588 -0.03259512 0.14331664 -0.038144704
seq4/frame00032.png 5.6051006 0.6017356 1.2840061 0.98852056 -0.026727408 0.14583918 -0.031010894
seq4/frame00033.png 5.4417477 0.77636814 1.67237 0.98852056 -0.0039930963 0.14559221 -0.041275825
seq4/frame00034.png 6.020259 1.1235819 2.376976 0.9785293 -0.046468914 0.1959803 -0.044379372
seq4/frame00035.png 7.0990314 1.3982859 3.1078453 0.98913777 -0.0475903 0.13747966 -0.021053117
seq4/frame00036.png 6.3556213 1.548173 3.4165154 0.9910488 -0.0503623 0.12283413 -0.008519135
seq4/frame00037.png 8.113269 1.3996449 3.0139055 0.9913567 -0.044728644 0.121010534 -0.024688488
seq4/frame00038.png 8.42854 2.3816948 4.4515505 0.98821175 -0.036409426 0.14798471 -0.017625684
seq4/frame00039.png 8.4405 1.9097462 4.4140644 0.982451 -0.02610043 0.18171677 -0.034479592
seq4/frame00040.png 9.588595 2.6290512 5.3531075 0.9818295 -0.0127544515 0.18189397 -0.052917715
seq4/frame00041.png 9.807944 1.9226823 3.9894476 0.978654 -0.015310958 0.19820051 -0.052169517
seq4/frame00042.png 11.145347 2.3394098 4.3066473 0.97696865 -0.042130917 0.1991047 -0.06452004
seq4/frame00043.png 12.233891 2.0900974 4.0944576 0.9802119 -0.032456834 0.18960395 -0.047665622
seq4/frame00044.png 12.206031 2.0004964 3.490425 0.98046094 -0.044665445 0.18345514 -0.055497207
seq4/frame00045.png 11.93728 1.8394394 3.386303 0.97070116 -0.054750487 0.21925347 -0.08196068
seq4/frame00046.png 11.869653 1.4845057 2.4278402 0.9784045 -0.039347656 0.19195044 -0.06592253
seq4/frame00047.png 12.020761 1.3147969 2.2131615 0.97352654 -0.043377038 0.20237917 -0.09777271
seq4/frame00048.png 11.708456 1.3551555 2.2169018 0.9717695 -0.05487872 0.21480426 -0.080645815
seq4/frame00049.png 11.72131 1.0057802 1.3769188 0.9770311 -0.069544755 0.18965898 -0.06715527
seq4/frame00050.png 10.87157 0.79647684 1.1525021 0.9674891 -0.0785107 0.22256792 -0.09169571
seq4/frame00051.png 8.797075 0.56772137 2.2678413 0.96641606 -0.10288143 0.2176994 -0.09043966
seq4/frame00052.png 8.278491 -0.09140253 0.7203932 0.96508884 -0.10498346 0.22122417 -0.09353646
seq4/frame00053.png 6.844883 0.7840953 2.287798 0.9643929 -0.10357193 0.22176355 -0.10050243
seq4/frame00054.png 6.5393305 0.7440381 1.8579283 0.9672367 -0.07670122 0.23411067 -0.061761677
seq4/frame00055.png 7.0594883 0.5279131 1.3422375 0.9754056 -0.06637551 0.20267761 -0.05606642
seq4/frame00056.png 6.8303337 0.22211742 0.09804058 0.9849329 -0.03198367 0.15523197 -0.06934314
seq8/frame00001.png 2.2888112 4.363098 10.05702 0.9988397 -0.036571976 0.030400265 -0.0007950949
seq8/frame00002.png 2.2825346 4.133731 9.401685 0.9988397 -0.034295775 0.03266119 0.0011025496
seq8/frame00003.png 2.477211 4.3943453 10.49409 0.99908406 -0.030194283 0.02861355 0.0025930314
seq8/frame00004.png 1.7268987 4.7531843 9.973318 0.99914515 -0.02351864 -0.00018922769 0.035537582
seq8/frame00005.png 2.0641227 5.0438766 11.152515 0.9951052 -0.028743293 -0.09344445 0.01868429
seq8/frame00006.png 0.30717182 4.7340846 10.930178 0.9954118 -0.04588006 -0.083819635 -0.0083984425
seq8/frame00007.png 2.1154308 5.3120894 12.103452 0.99547315 -0.031476412 -0.08743192 -0.022333154
seq8/frame00008.png 5.2472134 5.3857255 11.959572 0.9979838 -0.015591586 -0.040318716 -0.046801515
seq8/frame00009.png 0.9522867 5.9810467 12.768723 0.99908406 -0.0077833897 -0.02609354 -0.03480666
seq8/frame00010.png 8.896015 4.630412 10.93108 0.9970048 -0.008620333 -0.07434989 -0.017011095
seq8/frame00011.png -2.6501718 5.154859 12.257038 0.9924028 -8.1682876e-05 -0.12223603 0.017989453
seq8/frame00012.png -4.157741 4.553808 10.87777 0.99209523 0.0007656539 -0.12415033 0.014734392
seq8/frame00013.png -4.6007233 4.5700316 11.4072275 0.99473715 0.008789544 -0.10231459 0.0065403874
seq8/frame00014.png -3.8961139 4.985504 11.739336 0.99449164 -0.0025134252 -0.10473341 0.0030849634
seq8/frame00015.png -4.418239 4.9101133 11.438213 0.99571836 0.01388774 -0.09078176 -0.012209718
seq8/frame00016.png -5.665408 4.887775 11.618646 0.9933863 -0.0052628494 -0.11409689 0.010276092
seq8/frame00017.png 4.618352 4.970251 11.90729 0.9985341 -0.0025767908 0.024793731 -0.05010702
seq8/frame00018.png 2.9952264 5.115268 12.396667 0.9988397 -0.004966777 0.005211201 -0.047571067
seq8/frame00019.png -7.5112605 5.7341175 13.298411 0.9989008 -0.007234897 -0.027320376 -0.04012895
seq8/frame00020.png -6.9764757 5.5587664 13.729053 0.99559575 -0.01376684 -0.08772768 -0.029610392
seq8/frame00021.png -6.343056 5.346245 12.80424 0.99743325 -0.020943038 -0.055837903 -0.039683156
seq8/frame00022.png -8.322578 5.5597796 13.230986 0.99718845 -0.029524844 -0.06536934 -0.023702506
seq8/frame00023.png -6.999473 5.1682205 12.664849 0.99822843 -0.019359553 -0.022118652 -0.052598674
seq8/frame00024.png -10.065875 5.7318983 14.16653 0.9864809 -0.04481051 -0.15740137 0.0077233166
seq8/frame00025.png -11.810284 5.1223664 13.324863 0.99000126 -0.041183267 -0.13427718 0.014742438
seq8/frame00026.png -12.426705 5.7386866 14.392171 0.9935706 -0.04854515 -0.10172827 0.007363935
seq8/frame00027.png -13.488075 5.6198974 14.688729 0.9860477 -0.0765688 -0.1481238 0.0055979714
seq8/frame00028.png -10.559242 5.7566915 15.22056 0.99712723 -0.026466107 -0.044821754 -0.05437067
seq8/frame00029.png 12.047185 4.879323 11.329476 0.9952892 -0.03294634 0.041455053 -0.081591636
seq8/frame00030.png 9.72296 4.0320215 9.427448 0.9962086 -0.021259803 0.02410108 -0.081332535
seq8/frame00031.png -13.839071 5.8303337 16.452854 0.9975556 -0.046928678 -0.035930723 -0.040014803
seq8/frame00032.png -13.482558 6.4336867 17.01227 0.9968211 -0.030591939 -0.0725267 -0.012268921
seq8/frame00033.png -13.722957 6.5578575 16.918215 0.9956571 -0.04159299 -0.08030481 -0.021455484
seq8/frame00034.png -13.786111 7.0569844 17.96334 0.9934478 -0.032523587 -0.10708593 -0.024068223
seq8/frame00035.png -12.50061 7.4070373 17.92912 0.989878 -0.03187784 -0.1370069 -0.020208826
seq8/frame00036.png -11.571962 7.3704877 18.208647 0.98468494 -0.025436869 -0.1726267 -0.0042843726
seq8/frame00037.png -18.074478 6.405313 17.517536 0.9808344 -0.069539554 -0.18064727 0.024603311
seq8/frame00038.png -16.172108 6.1156106 17.976557 0.98456097 -0.10591377 -0.13886265 0.00025959258
seq8/frame00039.png -14.101187 5.9270988 16.760584 0.9901246 -0.1101885 -0.08531518 -0.015041116
seq8/frame00040.png -14.458642 6.60725 17.50748 0.99406195 -0.07177631 -0.059081912 -0.05624217
seq8/frame00041.png -13.792557 7.4814014 19.18663 0.97402793 -0.06896023 -0.21587278 -0.0013119989
seq8/frame00042.png -16.515076 6.2018533 16.883892 0.96211183 -0.043392096 -0.26885337 0.018163303
seq8/frame00043.png -18.790703 6.096684 16.145016 0.9657211 -0.05155674 -0.25198495 0.034484394
seq8/frame00044.png -20.783375 5.693866 15.483464 0.9436646 -0.044725437 -0.32054844 0.069432765
seq8/frame00045.png -19.869932 5.7620506 15.005284 0.95797944 -0.05030093 -0.27587464 0.06041527
seq8/frame00046.png -21.443665 5.098149 14.46945 0.94016546 -0.04563847 -0.32862297 0.07696217
seq8/frame00047.png -20.779734 5.6277328 14.884169 0.95606613 -0.078618824 -0.27183026 0.07529915
seq8/frame00048.png -22.033587 4.6236134 14.024568 0.96432966 -0.096869685 -0.23677848 0.0693373
seq8/frame00049.png -19.889977 5.0393014 15.415078 0.97646874 -0.10872919 -0.17676698 0.058380604
seq8/frame00050.png -20.20891 4.262655 13.114564 0.9787164 -0.09161045 -0.17555031 0.055985894
seq8/frame00051.png -20.426033 4.2812085 11.98372 0.9775932 -0.0929956 -0.1830568 0.045974914
seq8/frame00052.png -21.627888 4.132264 12.932506 0.9696317 -0.09659178 -0.2164109 0.060334455
seq8/frame00053.png -10.365646 4.8722415 11.873364 0.98145646 -0.089209184 -0.16996075 -0.0021182906
seq8/frame00054.png -11.395647 3.6179447 12.264361 0.97208345 -0.11424273 -0.20092154 0.040325582
seq8/frame00055.png -14.767924 3.7265615 11.228372 0.97383994 -0.080349006 -0.2103364 0.032445926
seq8/frame00056.png -19.624289 3.6104274 11.221963 0.98089665 -0.07413971 -0.17659126 0.034977578
seq8/frame00057.png -17.942396 3.7381268 12.068131 0.9679937 -0.08225298 -0.23033355 0.05654301
seq8/frame00058.png -8.415822 3.3834138 10.523857 0.962746 -0.08171866 -0.2549825 0.03941705
seq8/frame00059.png -22.362831 2.8351517 10.101392 0.96496236 -0.10376381 -0.23466244 0.05476775
seq8/frame00060.png -24.038603 2.9775338 9.080079 0.968687 -0.071797766 -0.22619918 0.07365651
seq8/frame00061.png -13.26261 4.245198 11.594607 0.967426 -0.07567676 -0.24081552 0.020936107
seq8/frame00062.png -8.701546 3.4452052 10.076008 0.9608422 -0.07851388 -0.2604425 0.053144563
seq8/frame00063.png -16.134851 3.2316613 8.700044 0.9625558 -0.087536775 -0.2457117 0.07404641
seq8/frame00064.png -16.095016 3.0026903 8.712104 0.96230215 -0.06066715 -0.25934967 0.05606875
seq8/frame00065.png -12.188038 3.63417 9.423297 0.95081687 -0.057083037 -0.29502797 0.07441497
seq8/frame00066.png -24.918106 1.7323375 5.2223854 0.9558108 -0.012683585 -0.2761174 0.10044698
seq8/frame00067.png -23.499905 2.0700808 6.1065264 0.9589983 -0.028037477 -0.2702354 0.08108334
seq8/frame00068.png -24.464909 2.1653857 6.694787 0.95376515 -0.043843824 -0.2865647 0.07999238
seq8/frame00069.png -23.793354 1.9743838 6.321041 0.9589983 -0.05702565 -0.26730773 0.07564172
seq8/frame00070.png -23.500954 1.8062115 5.732871 0.9538931 -0.043166097 -0.2846067 0.08538841
seq8/frame00071.png -23.270382 1.9124632 5.4967146 0.95357317 -0.053101633 -0.28239796 0.09040959
seq8/frame00072.png -22.71723 2.047967 6.170722 0.9454739 -0.06860592 -0.3065076 0.08726235
seq8/frame00073.png -22.292963 2.1322894 6.258276 0.9445051 -0.08116437 -0.3054003 0.09021135
seq8/frame00074.png -20.231243 2.3744202 7.511734 0.9446989 -0.1107059 -0.3000398 0.072361015
seq8/frame00075.png -21.379347 2.245874 6.5835934 0.93782544 -0.08356474 -0.32618886 0.084557235
seq8/frame00076.png -20.542454 1.8488259 5.7321253 0.936197 -0.09507029 -0.3259739 0.09143568
seq8/frame00077.png -20.811365 2.0020547 5.518095 0.9453448 -0.0875648 -0.30060956 0.090389475
seq8/frame00078.png -19.640024 1.6379557 4.9763546 0.9488248 -0.07548786 -0.29127315 0.09636201
seq8/frame00079.png -19.912064 1.2194004 3.3691988 0.9467641 -0.061340466 -0.29654875 0.10894943
seq8/frame00080.png -19.656286 1.2176538 3.6634674 0.9448927 -0.06455443 -0.3029496 0.106193855
seq8/frame00081.png -19.1582 1.2714262 3.5364285 0.9457966 -0.06141128 -0.3052414 0.09192736
seq8/frame00082.png -19.16222 0.8923054 2.2371387 0.9506243 -0.05491964 -0.29174906 0.090978965
seq8/frame00083.png -19.04235 0.856338 2.5873766 0.9429529 -0.047202665 -0.31923693 0.08222034
seq8/frame00084.png -19.458897 0.5230899 1.3616142 0.9397109 -0.030158572 -0.32761282 0.09291239
seq8/frame00085.png -18.364876 0.26247835 1.0319805 0.93736976 -0.034486856 -0.33233783 0.09968833
seq8/frame00086.png -21.132044 -0.12586308 -0.07710457 0.93240803 -0.03225936 -0.3364629 0.12807192
seq8/frame00087.png -21.027523 -0.10047293 -0.33894444 0.932539 -0.020240571 -0.33942637 0.12163978
seq8/frame00088.png -21.030127 -0.62964964 -0.9095421 0.932539 -0.0027816468 -0.34557873 0.10462265
seq8/frame00089.png -21.273521 -0.7144685 -1.1416817 0.92194116 -0.01774237 -0.36742595 0.12091955
seq8/frame00090.png -21.586567 -1.0203791 -1.4689474 0.9323426 0.007994828 -0.34696078 0.10179699
seq8/frame00091.png -20.082722 -0.74147415 -1.1897249 0.9427587 -0.0009792079 -0.3222808 0.085814215
seq8/frame00092.png -22.570084 -1.0628057 -2.1990366 0.93122905 0.006423173 -0.34829327 0.10752261
seq8/frame00093.png -22.909576 -1.8356481 -3.339735 0.9275514 0.008472065 -0.35309595 0.122030646
seq8/frame00094.png -22.242102 -1.935226 -3.9542704 0.91709566 -0.02184591 -0.37615564 0.13034339
seq8/frame00095.png -23.060278 -2.0473075 -4.194537 0.93325865 -0.023687078 -0.34426582 0.09976777
seq8/frame00096.png -23.914957 -2.0255156 -3.940218 0.9385411 -0.02294002 -0.33270344 0.0891588
seq8/frame00097.png -24.832111 -2.1934204 -4.8355923 0.9165631 -0.006159698 -0.37997013 0.125225
seq8/frame00098.png -25.267916 -2.7350945 -6.1817694 0.91483 -0.011675559 -0.37975588 0.13730457
seq8/frame00099.png -25.480104 -2.8087912 -6.6227207 0.9095441 -0.01620591 -0.3881366 0.1478328
seq8/frame00100.png -23.834003 -2.784265 -6.3821793 0.8927469 -0.020339426 -0.42456412 0.14999898
seq8/frame00101.png -25.493616 -3.1006699 -6.8232336 0.88519454 -0.012256062 -0.43880492 0.15396786
seq8/frame00102.png -24.87736 -3.1287785 -7.28006 0.8712952 -0.014763263 -0.46331775 0.1606271
seq8/frame00103.png -24.12993 -3.262917 -7.3858232 0.86644816 -0.0048957844 -0.4660505 0.17871374
seq8/frame00104.png -23.415987 -3.662592 -8.329937 0.86104244 0.0007442945 -0.47167006 0.19018497
seq8/frame00105.png -23.042654 -3.4467435 -8.0893755 0.8675745 -0.0018994901 -0.4638977 0.17925559
seq8/frame00106.png -22.409113 -3.55483 -8.434804 0.8625297 -0.0037858186 -0.46760166 0.19339518
seq8/frame00107.png -22.514057 -3.740058 -8.952405 0.8717854 0.008261378 -0.44821474 0.19708286
seq8/frame00108.png -21.560637 -4.097424 -9.651082 0.8797305 -0.0026364163 -0.4329273 0.19682929
seq8/frame00109.png -21.760777 -4.4402 -10.190553 0.8779248 0.0040322803 -0.44299468 0.18173072
seq8/frame00110.png -19.181175 -4.487865 -10.558324 0.89302033 -0.00027338753 -0.41049138 0.18453659
seq8/frame00111.png -21.161562 -4.543295 -10.696155 0.87017363 0.0065582166 -0.45844388 0.18082441
seq8/frame00112.png -21.874636 -4.8300366 -11.103512 0.8833309 0.0155467335 -0.42908984 0.18787365
seq8/frame00113.png -22.631813 -4.858768 -11.045181 0.8751395 -0.0060676713 -0.4488682 0.18056552
seq8/frame00114.png -23.429491 -4.366717 -10.015034 0.86687064 -0.015489893 -0.4679356 0.17151536
seq8/frame00115.png -24.391447 -4.3597736 -9.2403345 0.8590198 -0.035845783 -0.48244372 0.16746978
seq8/frame00116.png -25.024956 -4.2610097 -9.699486 0.8490142 -0.02293273 -0.49301776 0.18885356
seq8/frame00117.png -25.468042 -4.625952 -9.861294 0.8335611 -0.018342152 -0.51929164 0.18781486
seq8/frame00118.png -25.33387 -4.7180147 -10.168574 0.84034324 -0.021280948 -0.5085638 0.18637171
seq8/frame00119.png -26.807892 -4.6149487 -9.229744 0.8479712 -0.030482626 -0.5021176 0.1674925
seq8/frame00120.png -27.244371 -4.5692663 -10.396081 0.84454536 -0.012249737 -0.5012636 0.18790157
seq8/frame00121.png -28.308022 -4.7090583 -10.79243 0.83648497 -0.013608203 -0.52010334 0.17205438
seq8/frame00122.png -25.749416 -4.7716775 -9.410003 0.84771925 -0.004751951 -0.50097084 0.1743102
seq8/frame00123.png -30.302332 -5.7609415 -10.519681 0.8282724 -0.006963678 -0.53277665 0.17361297
seq8/frame00124.png -26.68662 -4.6629624 -9.005269 0.83407354 -0.011525407 -0.5274612 0.16157523
seq8/frame00125.png -26.606575 -4.8134217 -9.263503 0.84360534 -0.03243105 -0.5065973 0.17516024
seq8/frame00126.png -26.169497 -4.7499466 -9.719712 0.83808863 -0.044642713 -0.50221235 0.20821129
