seq1/frame00001.png 12.7532835 0.01171279 -1.5937908 0.8733243 0.0035861437 0.4865624 -0.025544176
seq1/frame00002.png 12.9778185 -0.05659306 -1.6327132 0.87367374 -0.000113523085 0.4862281 -0.024407463
seq1/frame00003.png 13.05894 -0.06375402 -1.3380988 0.8752092 0.0018044653 0.48300394 -0.02540199
seq1/frame00004.png 12.998685 -0.07298744 -1.5799907 0.87255526 0.0064015095 0.48839027 -0.018702857
seq1/frame00005.png 12.963607 0.29590642 -0.94215345 0.85930395 0.019894667 0.5092751 -0.044623718
seq1/frame00006.png 12.64396 0.28134596 -1.0159703 0.85834455 0.015181556 0.50941765 -0.05949961
seq1/frame00007.png 12.170671 0.48950744 -0.039265275 0.86694115 0.022898538 0.49535468 -0.049898043
seq1/frame00008.png 11.179551 0.06765932 0.3933072 0.8662368 0.029346643 0.49843493 -0.019282956
seq1/frame00009.png 11.069661 0.27375656 0.2258923 0.90422726 0.045393612 0.42443871 -0.015913077
seq1/frame00010.png 10.982654 0.09718007 1.0919046 0.9212127 0.037127774 0.38706306 -0.01641732
seq1/frame00011.png 9.952736 0.051342547 1.8042868 0.9167628 0.017738562 0.39919463 -0.0070498614
seq1/frame00012.png 9.123865 0.05618763 2.6583757 0.94959646 0.02116249 0.3128899 -0.00015064415
seq1/frame00013.png 8.645418 0.15089643 3.0259683 0.96185803 0.012893359 0.27349308 -0.0010559388
seq1/frame00014.png 8.249556 0.16212875 3.4967473 0.96736294 0.0111262975 0.25256675 -0.019748539
seq1/frame00015.png 8.352503 0.16072947 3.782412 0.9768437 0.012027786 0.21331358 -0.015339333
seq1/frame00016.png 7.437942 0.28421348 3.0456436 0.98387885 0.035267033 0.17537361 0.004578976
seq1/frame00017.png 6.777972 0.3027928 3.3121617 0.9867283 0.033433218 0.15897015 -0.0016797795
seq1/frame00018.png 5.7812057 0.7833086 4.935945 0.99227977 0.047039796 0.1147162 -0.0044349693
seq1/frame00019.png 4.372261 0.6444733 5.293747 0.9966987 0.047244594 0.0657995 0.002734988
seq1/frame00020.png 4.00359 0.65876734 5.486583 0.9975556 0.04272223 0.05433203 -0.01458873
seq1/frame00021.png 2.1408644 0.27681023 7.2868323 0.99902296 0.035007346 0.026415884 0.011455284
seq1/frame00022.png 2.2888508 0.68126523 5.304505 0.99938947 0.032200444 0.00951585 -0.014313853
seq1/frame00023.png 1.7885313 0.8399075 6.1615796 0.99902296 0.043010775 -0.011776032 -0.0054374416
seq1/frame00024.png 0.9471481 -0.075550795 6.648004 0.9998169 0.018329162 -0.016558819 -0.0004931399
seq1/frame00025.png 0.88892376 -0.41293925 4.644687 0.99743325 -1.6254184e-05 -0.06627118 -0.030496674
seq1/frame00026.png -0.3787923 -0.09127021 6.014163 0.99792266 0.0020442752 -0.05672795 -0.030932788
seq1/frame00027.png 0.5421251 0.01906544 5.6488266 0.9951052 0.0057233577 -0.098688625 -0.008847629
seq1/frame00028.png -0.7640288 -0.08299154 5.9239106 0.99227977 0.0008842067 -0.121144 -0.031054875
seq1/frame00029.png -2.6624355 0.044089556 6.2439613 0.9898163 0.01736202 -0.14028358 -0.017785955
seq1/frame00030.png -3.063482 -0.10692066 6.2014976 0.9823888 0.020712364 -0.18533178 -0.013788827
seq1/frame00031.png -1.6880758 0.29585952 6.694237 0.99822843 0.022592515 -0.056007423 0.00040005986
seq1/frame00032.png 0.3238982 0.10209876 6.247907 0.9983507 -0.008807403 0.056153405 -0.013159522
seq1/frame00033.png -1.3817008 -0.008172929 5.511094 0.99516654 -0.016314205 0.096045285 0.011729669
seq1/frame00034.png -2.4990282 0.15729839 5.509378 0.9993284 0.00025578632 0.035836447 0.0099516
seq1/frame00035.png -2.087038 0.0852496 5.302965 0.99718845 -0.008546062 0.07448921 -0.0019500245
seq1/frame00036.png -1.0305884 0.25308877 5.7884097 0.99498254 -0.011984877 0.10023437 0.0038588545
seq3/frame00001.png 7.8730288 0.49704993 9.510774 0.9784045 -0.011423765 0.2058617 -0.016012765
seq3/frame00002.png 7.708862 0.3095681 9.407653 0.97815496 -0.01493658 0.206663 -0.01958525
seq3/frame00003.png 7.6493554 0.3809796 9.609284 0.97665626 -0.015643029 0.21404195 -0.013807268
seq3/frame00004.png 7.8402567 0.32426488 9.802937 0.9737146 -0.012469959 0.22772661 -0.006708039
seq3/frame00005.png 8.223146 0.39893162 9.051976 0.9736519 -0.01587936 0.22786665 0.0043408186
seq3/frame00006.png 7.8347197 0.4003319 8.681502 0.96849793 -0.009378227 0.2486156 0.010792249
seq3/frame00007.png 8.478481 0.34863985 8.004663 0.9692539 -0.022346932 0.24502124 -0.0010055726
seq3/frame00008.png 8.512926 0.26387745 7.358464 0.96786755 0.0030821296 0.25148916 -0.0018243488
seq3/frame00009.png 8.12788 0.427742 6.7217355 0.9625558 0.003426093 0.2711389 0.0028841402
seq3/frame00010.png 8.379333 0.30443186 5.826895 0.9552359 -0.0065203235 0.2957078 -0.010906142
seq3/frame00011.png 7.2247047 0.50877213 6.0082264 0.9626192 0.013025826 0.27061382 -0.0025639518
seq3/frame00012.png 7.63218 0.3199901 4.664509 0.9527407 -0.01904264 0.30147913 -0.032479797
seq3/frame00013.png 7.118389 0.20494193 4.681198 0.955172 -0.028643018 0.2934272 -0.027908172
seq3/frame00014.png 5.8880997 0.25766373 4.961336 0.95446885 -0.02981516 0.2949223 -0.033771865
seq3/frame00015.png 8.427678 0.08250898 2.137911 0.9351533 -0.025486974 0.35074776 -0.04270129
seq3/frame00016.png 0.7261311 0.10944748 2.1502607 0.9446989 -0.01640136 0.32459083 -0.044579554
seq3/frame00017.png 12.381487 -0.12034875 -1.5305176 0.8675042 0.014399039 0.4970032 -0.020755371
seq3/frame00018.png 8.033503 0.052838206 1.8707205 0.91769445 0.0037567327 0.39732617 -0.0005962449
seq3/frame00019.png 8.836936 -0.05271691 0.9712901 0.9055089 0.0062601706 0.4242424 -0.009339703
seq3/frame00020.png 9.470607 -0.07576138 0.17186093 0.9032142 0.0018065888 0.4292396 -0.008147072
seq3/frame00021.png 9.58095 -0.034051538 0.8338026 0.91762793 0.010480121 0.39735496 -0.0057134535
seq3/frame00022.png 9.947474 -0.116065025 -0.30304456 0.8964993 -0.0034157843 0.44293925 -0.012475964
seq3/frame00023.png 10.670307 -0.012333751 0.12458503 0.9046996 0.017819075 0.42583627 0.003700009
seq3/frame00024.png 11.229311 0.03931713 -0.96495056 0.86806685 0.02164718 0.49569666 -0.016925316
seq3/frame00025.png 11.366579 0.11105353 -0.59953165 0.8814633 0.008365419 0.4702984 -0.042740237
seq3/frame00026.png 10.76576 -0.0058996677 -0.09892464 0.8800774 -0.013328594 0.47228736 -0.048702467
seq3/frame00027.png 10.396536 0.08011985 0.2062167 0.90071046 -0.0039980374 0.4304328 -0.058615297
seq3/frame00028.png 9.369008 -0.062826574 0.6673571 0.9210139 -0.015264772 0.38741165 -0.04131905
seq3/frame00029.png 8.737294 -0.011692047 1.2688631 0.92781454 -0.0010484292 0.3729941 -0.01664741
seq3/frame00030.png 7.950643 0.0734365 1.5649765 0.9428234 -0.0075792368 0.33196914 -0.031996053
seq3/frame00031.png 7.056713 0.07994956 1.6740041 0.96166766 0.01669606 0.2734203 -0.01575594
seq3/frame00032.png 6.6563597 0.07287067 2.2041268 0.9743412 0.01988899 0.22438538 -0.004324289
seq3/frame00033.png 6.550535 0.156371 2.0600283 0.9853666 0.032039277 0.16829525 0.0012581882
seq3/frame00034.png 5.8794045 0.09090626 2.5136485 0.99024785 0.0377522 0.13412046 0.013182451
seq3/frame00035.png 5.208055 0.2738002 2.930249 0.9895696 0.028325845 0.1407503 0.009637264
seq3/frame00036.png 4.482788 0.20249659 3.4883177 0.99614733 0.028697904 0.08075546 0.021712987
seq3/frame00037.png 3.5569108 0.17453444 3.6831276 0.9997558 0.015842492 0.015640264 0.0062080286
seq3/frame00038.png 2.9786217 0.31682062 3.7767718 0.9985341 0.029989336 -0.040403467 0.02247863
seq3/frame00039.png 1.4421047 0.3294105 4.483899 0.9933249 0.013168498 -0.11524068 -0.008433369
seq3/frame00040.png 0.8994678 0.21018797 4.58642 0.99418473 0.021725154 -0.09973158 0.035730243
seq3/frame00041.png 0.30290627 0.28602517 4.218036 0.9955345 0.01777576 -0.08331884 0.041291565
seq3/frame00042.png -0.55689156 0.32915306 4.249695 0.99215674 0.02546062 -0.114668906 0.043185394
seq3/frame00043.png -1.8753672 0.019907475 4.198707 0.9869757 0.011616367 -0.1555909 0.039639816
seq3/frame00044.png -2.8813524 0.10230696 4.174448 0.9797137 0.025180466 -0.19163164 0.05339022
seq3/frame00045.png -3.3288815 0.12758958 3.7429528 0.97383994 0.017819209 -0.21980028 0.05462103
seq3/frame00046.png -4.8622007 -0.064900875 3.5239632 0.968561 0.036005955 -0.23920998 0.060117576
seq3/frame00047.png -4.77206 0.005539477 2.5349033 0.9603975 0.020710994 -0.27174824 0.059293993
seq3/frame00048.png -5.2332387 0.00303334 2.2249181 0.9635698 0.022639092 -0.25742492 0.06983537
seq3/frame00049.png -5.9172907 -0.024079561 1.8559482 0.9553637 0.027569164 -0.2857019 0.070994236
seq3/frame00050.png -6.134668 -0.10412997 1.435669 0.9547885 0.022720456 -0.28715253 0.07434514
seq3/frame00051.png -6.359496 -0.0290488 1.0066774 0.9409442 0.024472166 -0.32925913 0.075666025
seq3/frame00052.png -6.969142 0.0028372407 0.5484923 0.9390612 0.01052934 -0.3369389 0.06826197
seq3/frame00053.png -7.402138 0.07380766 0.10319066 0.9424349 0.034757633 -0.32472298 0.071093865
seq3/frame00054.png -8.601069 0.04368621 0.10800648 0.9657211 0.040172543 -0.24926727 0.060657773
seq3/frame00055.png -8.283736 0.057643473 -0.032413006 0.9483101 0.042599615 -0.30996752 0.055142164
seq3/frame00056.png -9.096425 -0.046149552 0.11213386 0.9172953 0.025878154 -0.39190987 0.06725346
seq3/frame00057.png -10.1701565 -0.04269749 0.20288432 0.9046996 0.013172454 -0.41922474 0.075661495
seq3/frame00058.png -10.898328 -0.05991602 0.35970044 0.8738832 0.007883597 -0.48094308 0.07185161
seq3/frame00059.png -10.638751 -0.004974723 0.41390848 0.87444174 0.0029490073 -0.48133385 0.06210365
seq3/frame00060.png -11.282872 -0.0298028 -0.0864383 0.8738832 -0.0011174978 -0.48136216 0.0684642
seq3/frame00061.png -12.190095 -0.06036055 -0.25118482 0.87702054 -0.007646614 -0.47671726 0.0601986
seq3/frame00062.png -13.0808935 -0.06721097 -0.081288934 0.87688136 -0.0106843375 -0.4765145 0.06340998
seq3/frame00063.png -13.435955 -0.08479196 -0.66401815 0.8731146 -0.014732499 -0.48290437 0.0662875
seq3/frame00064.png -13.955602 -0.11593312 -0.69821465 0.8738832 0.006172429 -0.4817812 0.06467518
seq3/frame00065.png -14.526141 0.12331593 -1.2920887 0.8554598 -0.0068315496 -0.51527363 0.051584445
seq3/frame00066.png -14.838243 0.066287994 -1.2495712 0.8283829 -0.0027169457 -0.5593777 0.03241915
seq3/frame00067.png -15.175829 -0.066115975 -1.5345939 0.7953033 0.002949867 -0.60566765 0.025843712
