seq1/frame00001.png 12.929887 0.06287249 -1.6658666 0.87056005 -4.4207758e-05 0.4913883 -0.025744243
seq1/frame00002.png 12.996828 0.043191828 -1.6279652 0.8715073 -0.0004610473 0.48974422 -0.025008772
seq1/frame00003.png 13.02512 0.038677566 -1.5632453 0.8714691 -0.0006425317 0.48988268 -0.023583515
seq1/frame00004.png 13.009914 -0.01354409 -1.5197017 0.87091404 0.0028971678 0.49112615 -0.017189287
seq1/frame00005.png 12.781435 0.22526765 -1.2185287 0.85403633 0.022325464 0.51725 -0.05075386
seq1/frame00006.png 12.407886 0.24864978 -0.9407184 0.85123533 0.012156406 0.5202942 -0.06741363
seq1/frame00007.png 12.008942 0.32094994 -0.3516562 0.86183757 0.021384371 0.5036189 -0.056095913
seq1/frame00008.png 11.578481 0.06129445 0.2576518 0.8663963 0.03347861 0.49770564 -0.022927333
seq1/frame00009.png 11.177006 0.2209137 0.77931786 0.91075295 0.049054816 0.40976557 -0.014657235
seq1/frame00010.png 10.570517 0.122269645 1.320694 0.9219915 0.035147242 0.38552555 -0.008143749
seq1/frame00011.png 10.076132 0.16607662 1.8341002 0.9126162 0.011408573 0.4086444 -0.0033294244
seq1/frame00012.png 9.594361 0.22876248 2.2865362 0.9430489 0.016265312 0.33206573 0.011250189
seq1/frame00013.png 9.013676 0.24165821 2.8179893 0.9572627 0.008946534 0.2890362 0.0051156096
seq1/frame00014.png 8.392462 0.28917533 3.541922 0.9665179 0.0100739505 0.25559154 -0.020362642
seq1/frame00015.png 7.724043 0.42754692 3.8692436 0.97990954 0.0015263192 0.19900705 -0.013082688
seq1/frame00016.png 7.061605 0.37176624 4.358055 0.9897703 0.023762668 0.14066687 -0.0017305451
seq1/frame00017.png 6.6043434 0.33160633 4.9743414 0.9932938 0.024636611 0.112872906 -0.004488198
seq1/frame00018.png 5.953175 0.4992643 5.406842 0.9928875 0.04943059 0.10825286 -0.0035160703
seq1/frame00019.png 5.295823 0.44587582 5.728335 0.99466205 0.047458082 0.09161995 -0.0009285151
seq1/frame00020.png 2.1049652 0.23177564 7.522141 0.9981598 0.048021864 0.037011668 -0.0010406743
seq1/frame00021.png 1.8316791 0.15285529 7.635556 0.9990023 0.035755266 0.023707967 0.012407364
seq1/frame00022.png 3.4731326 0.56507915 6.464183 0.9985215 0.039978743 0.036307108 -0.006189929
seq1/frame00023.png 2.6028864 0.6134701 6.8077555 0.99898165 0.04354588 0.01021662 -0.0059148553
seq1/frame00024.png 1.1552925 -0.33612326 6.9597917 0.9996125 0.022476416 -0.014758433 0.0071967314
seq1/frame00025.png 0.41153693 -0.91223174 5.595384 0.9978071 0.008069397 -0.06425494 -0.013686055
seq1/frame00026.png 2.227872 0.29677007 6.2210317 0.9991571 0.018601548 -0.01725877 -0.03226944
seq1/frame00027.png -0.99867487 0.586431 7.8196263 0.9950983 0.036402628 -0.09072274 -0.0149527835
seq1/frame00028.png -2.0902486 0.25045913 7.711213 0.9898037 0.018654643 -0.13576372 -0.038844623
seq1/frame00029.png -2.5729508 0.02969788 6.2900434 0.9881957 0.043265674 -0.14005134 -0.04453058
seq1/frame00030.png -2.5891025 0.057674035 6.23134 0.98477596 0.021051398 -0.1692236 -0.0337114
seq1/frame00031.png -2.6249175 0.087976605 6.7102923 0.99691045 0.030174524 -0.07251305 0.0008811089
seq1/frame00032.png -1.2245388 0.14197285 6.373323 0.99930954 -0.009251832 0.035679232 -0.0046570706
seq1/frame00033.png -2.1000092 0.08892988 5.799721 0.99882054 -0.012854147 0.04520405 0.012202457
seq1/frame00034.png -1.536247 0.09490478 5.643729 0.99653864 0.0006905576 0.081684664 0.015419695
seq1/frame00035.png -1.557327 0.14484595 5.5539865 0.9954686 -0.014521575 0.09376314 0.0063141086
seq1/frame00036.png -1.6717625 0.13124467 5.632698 0.9949037 -0.011573207 0.09926038 0.013418136
seq3/frame00001.png 7.873657 0.41648126 9.878258 0.9787582 -0.010877761 0.20400003 -0.017262943
seq3/frame00002.png 7.851205 0.43651307 9.830177 0.97876906 -0.013071705 0.20409828 -0.013565842
seq3/frame00003.png 7.8485317 0.43930703 9.7822695 0.97710913 -0.014851631 0.21210198 -0.0070570237
seq3/frame00004.png 8.023899 0.37887874 9.662935 0.9728747 -0.013315608 0.23084535 -0.006920214
seq3/frame00005.png 8.139758 0.38151577 8.978134 0.9733752 -0.01346876 0.22873853 0.006161129
seq3/frame00006.png 8.367302 0.356695 8.604511 0.96726805 -0.0070947814 0.25338078 0.01185243
seq3/frame00007.png 8.781186 0.37603897 7.3844156 0.96428186 -0.020561123 0.26402587 0.005292312
seq3/frame00008.png 8.860939 0.34951302 6.721972 0.9626308 0.0046481416 0.270777 -0.00025465587
seq3/frame00009.png 8.470468 0.33694333 6.888785 0.9562295 0.004173574 0.29258254 0.0017730222
seq3/frame00010.png 8.613718 0.30819958 5.476672 0.9514377 -0.0074744476 0.3075123 -0.012107686
seq3/frame00011.png 8.030064 0.22198623 5.1872473 0.95599395 0.013039992 0.29302865 -0.006311378
seq3/frame00012.png 7.6668005 0.22237764 4.288044 0.95201343 -0.013656828 0.30384824 -0.03406118
seq3/frame00013.png 7.081829 0.13263227 3.9122014 0.94992054 -0.020885939 0.3102596 -0.030883946
seq3/frame00014.png 6.407168 0.24671769 3.9807043 0.94614166 -0.023014063 0.3208868 -0.036304805
seq3/frame00015.png 6.8547363 0.23560554 2.8904781 0.66260386 -0.094409734 0.7411812 -0.051897313
seq3/frame00016.png 7.2332363 0.1176973 1.9004917 0.8912089 -0.005148264 0.45157948 -0.042381693
seq3/frame00017.png 11.569574 -0.26984748 0.5860772 0.8400651 0.003156026 0.5421167 -0.019750647
seq3/frame00018.png 8.085171 -0.018578842 0.725997 0.89001465 0.015796838 0.45557916 0.008480303
seq3/frame00019.png 8.746857 0.0023822188 0.24372482 0.8964439 0.008094258 0.4430691 -0.0035413958
seq3/frame00020.png 9.349557 -0.047965735 -0.11926937 0.8987711 0.0017694216 0.43841368 0.00088944216
seq3/frame00021.png 10.087006 -0.1526463 -0.42516875 0.89526415 0.017414425 0.4451951 -0.00024786158
seq3/frame00022.png 10.65024 -0.07154798 -1.0284448 0.87663406 -0.004320567 0.48111987 -0.0042078034
seq3/frame00023.png 10.71116 0.0053170174 -0.8399792 0.88736516 0.025342682 0.46024436 0.010762923
seq3/frame00024.png 11.376369 -0.005332172 -1.3222077 0.85763496 0.025115052 0.5132899 -0.019101985
seq3/frame00025.png 11.362135 0.093688354 -1.0814078 0.8729688 0.01077556 0.48579115 -0.04261703
seq3/frame00026.png 10.86079 -0.037605755 -0.70467114 0.8667718 -0.005757655 0.49624065 -0.0491793
seq3/frame00027.png 10.41351 0.10035926 -0.25775933 0.89456904 0.0007526598 0.4428835 -0.059998915
seq3/frame00028.png 9.759794 -0.044446282 0.11519098 0.91379404 -0.014024202 0.4043073 -0.036325708
seq3/frame00029.png 9.07359 -0.0782419 0.5926137 0.9180451 0.0023154854 0.39630052 -0.011563426
seq3/frame00030.png 8.495007 -0.026330441 1.0033112 0.93517256 -0.0041864146 0.3529708 -0.02909398
seq3/frame00031.png 7.6591387 0.04425378 1.5139933 0.9587333 0.017490271 0.28331923 -0.01595645
seq3/frame00032.png 6.944344 0.038045287 2.1399045 0.9713054 0.021577029 0.23680486 -0.004867118
seq3/frame00033.png 6.351856 0.101619035 2.302084 0.98443246 0.03286923 0.17265388 0.0017199788
seq3/frame00034.png 5.687929 0.095980495 2.78623 0.9907678 0.038999245 0.1290981 0.013856268
seq3/frame00035.png 4.959798 0.2044418 3.0923886 0.9902434 0.031303607 0.1355252 0.008426821
seq3/frame00036.png 4.2540674 0.18438323 3.4510565 0.9968473 0.031112844 0.07063521 0.018390574
seq3/frame00037.png 3.5494928 0.19863804 3.6553388 0.9996926 0.02274007 0.008928926 0.0042206477
seq3/frame00038.png 2.6937287 0.28595513 3.8113575 0.9982538 0.03582927 -0.043276172 0.018237373
seq3/frame00039.png 1.8039329 0.34435898 3.9614458 0.99425036 0.017292159 -0.10500086 0.011920387
seq3/frame00040.png 0.8265754 0.013029575 4.835271 0.99391764 0.02573735 -0.09656914 0.046257637
seq3/frame00041.png 0.31495047 0.28057897 4.0593247 0.9953422 0.02045443 -0.08242866 0.045618527
seq3/frame00042.png -0.59901166 0.24638565 4.1101995 0.9928197 0.029103065 -0.10773386 0.043074418
seq3/frame00043.png -1.7776694 0.10270873 4.601387 0.9874707 0.00832949 -0.14913933 0.050889265
seq3/frame00044.png -2.0134904 0.26438212 3.8669257 0.98608696 0.026638256 -0.15075488 0.06477481
seq3/frame00045.png -2.6970053 0.07044171 3.4908867 0.97644323 0.020616967 -0.20603545 0.060686953
seq3/frame00046.png -3.3953118 0.19404814 3.1158528 0.9763888 0.035811353 -0.20120189 0.070001535
seq3/frame00047.png -4.2462373 0.0729782 2.9476242 0.9679035 0.019885657 -0.24151596 0.06661425
seq3/frame00048.png -4.8371377 0.06838694 2.5308824 0.96982855 0.022425218 -0.23192081 0.07171201
seq3/frame00049.png -5.494652 -0.007290654 2.0656233 0.9589134 0.020004058 -0.2707332 0.082392424
seq3/frame00050.png -5.9800024 -0.053930044 1.5600152 0.9570816 0.020845568 -0.2781861 0.07856781
seq3/frame00051.png -6.6072226 -0.0759036 1.1681414 0.940144 0.018191371 -0.33020574 0.08223435
seq3/frame00052.png -7.013049 -0.011923969 0.6421218 0.941785 0.010010871 -0.32804134 0.073004864
seq3/frame00053.png -7.5480623 0.010821857 0.17807674 0.9412429 0.03258094 -0.32734644 0.07645054
seq3/frame00054.png -8.104553 0.06840359 -0.15756369 0.957464 0.04134776 -0.27961513 0.058038346
seq3/frame00055.png -8.477706 0.06701361 -0.10051751 0.9494246 0.04577775 -0.3064546 0.050821654
seq3/frame00056.png -8.956064 -0.05772906 0.09308481 0.9151831 0.018840158 -0.39568603 0.07428
seq3/frame00057.png -9.442276 -0.08472258 0.3390212 0.90608567 0.011859395 -0.41433612 0.08481492
seq3/frame00058.png -10.060092 -0.106038325 0.5083742 0.8799376 0.009003109 -0.46628594 0.09058809
seq3/frame00059.png -10.756596 -0.08682233 0.28103113 0.8781483 0.004798384 -0.47339326 0.06878426
seq3/frame00060.png -13.476216 -0.106135145 -0.37230682 0.8677718 -0.008761263 -0.48802435 0.09342148
seq3/frame00061.png -12.185867 -0.083778515 -0.12384391 0.8780629 -0.0060160793 -0.4744608 0.06209898
seq3/frame00062.png -13.01206 -0.11938326 -0.1940155 0.8776526 -0.009162778 -0.47358274 0.073221505
seq3/frame00063.png -13.566584 -0.10134791 -0.6815748 0.87618864 -0.013992184 -0.47656044 0.070624836
seq3/frame00064.png -14.340081 -0.044648528 -0.8951216 0.8689204 0.0036232711 -0.4896313 0.07228702
seq3/frame00065.png -14.819336 -0.014197199 -1.3348677 0.8541532 -0.00630024 -0.51684153 0.057074293
seq3/frame00066.png -15.152387 0.063102484 -1.7780588 0.82316023 0.00199567 -0.5666757 0.03580472
seq3/frame00067.png -15.488066 -0.069404714 -1.9601226 0.7908052 0.006031851 -0.61162573 0.022468463
