seq1/frame00001.png 13.229629 0.008314133 -1.2422479 0.8775283 0.0037455636 0.47861922 -0.025460249
seq1/frame00002.png 13.214732 0.010288596 -1.2849171 0.8842904 0.0030739056 0.4660705 -0.027686626
seq1/frame00003.png 12.992779 0.008852243 -1.2178178 0.882397 0.003968431 0.46960256 -0.026925217
seq1/frame00004.png 12.98166 0.033367097 -0.97895825 0.88093024 0.007888702 0.4724672 -0.02404055
seq1/frame00005.png 13.169779 0.10888976 -0.8150364 0.87816507 0.012336941 0.47659945 -0.03983156
seq1/frame00006.png 12.590252 0.07399446 -0.83045375 0.86818844 0.0013516662 0.49304765 -0.056006275
seq1/frame00007.png 12.394772 0.1140849 -0.32654452 0.882838 0.007565575 0.46740338 -0.043826357
seq1/frame00008.png 11.827368 0.084756136 0.013605356 0.8843963 0.032695044 0.4650199 -0.02273974
seq1/frame00009.png 11.822387 0.12254536 0.18558288 0.911574 0.042594876 0.40863392 -0.014056497
seq1/frame00010.png 11.145314 0.17079556 1.2629254 0.9263763 0.043383636 0.37393278 -0.018517837
seq1/frame00011.png 10.437353 0.18124193 1.8490036 0.9214977 0.024479605 0.38710004 -0.015973821
seq1/frame00012.png 9.381688 0.22211808 2.3224149 0.9576838 0.031626415 0.2859854 -0.0056970813
seq1/frame00013.png 8.730378 0.14559859 2.6646144 0.9639147 0.022320146 0.26536778 -0.0036823065
seq1/frame00014.png 8.544081 0.24423099 3.4419875 0.96708906 0.02209201 0.25267428 -0.02229088
seq1/frame00015.png 7.9660096 0.1388607 3.1411304 0.9743899 0.02250876 0.22304358 -0.015886119
seq1/frame00016.png 7.5583534 0.18037444 3.0094712 0.9795216 0.03355127 0.1990211 -0.0015105158
seq1/frame00017.png 6.9749722 0.22481263 3.515533 0.98298764 0.03640815 0.18001558 -0.0074801478
seq1/frame00018.png 5.712499 0.3804593 4.5618496 0.98955935 0.041559435 0.13871728 -0.002152059
seq1/frame00019.png 4.2340074 0.39869153 6.08431 0.99160385 0.04134338 0.1224309 -0.0026913113
seq1/frame00020.png 3.06942 0.36952543 6.4999638 0.9959395 0.038497765 0.07947395 -0.017713612
seq1/frame00021.png 2.4857535 0.3355742 6.8557196 0.9973965 0.03416434 0.063721284 -0.008202375
seq1/frame00022.png 2.3501673 0.3250075 6.6112857 0.99914235 0.031841908 0.012892101 -0.024324492
seq1/frame00023.png 1.6293652 0.3054561 6.330222 0.9993162 0.03566321 -0.010925901 -0.008444608
seq1/frame00024.png 1.3304185 0.2764265 6.0753207 0.9991789 0.02674724 -0.026728207 -0.014821198
seq1/frame00025.png 0.6987411 0.2765538 5.8767796 0.9976133 0.022222564 -0.05471818 -0.035465956
seq1/frame00026.png 0.81934774 0.26076216 6.5900135 0.99725366 0.021728102 -0.058519106 -0.039744683
seq1/frame00027.png -0.5982976 0.29577875 6.5748754 0.99663097 0.026069773 -0.07749872 -0.012215832
seq1/frame00028.png -1.0567471 0.2741071 6.42168 0.9947049 0.023199456 -0.095957406 -0.028922664
seq1/frame00029.png -2.1441448 0.1573677 6.3281527 0.9926304 0.031018963 -0.11672198 -0.0069748545
seq1/frame00030.png -1.7038249 0.20119452 6.237312 0.98864794 0.028161775 -0.14750624 -0.004343355
seq1/frame00031.png -2.0068138 0.20931733 6.35637 0.9968528 0.023708839 -0.0759148 0.006808856
seq1/frame00032.png -0.12378681 0.26456082 6.5327888 0.9988996 -0.010145687 0.035774834 -0.029010963
seq1/frame00033.png 0.25588238 0.15450132 6.1045017 1.0000042 0.0011623527 -0.0004459452 0.0020913628
seq1/frame00034.png -1.5299723 0.19681185 6.2744484 0.9999239 0.0092161745 -0.010908104 0.002854773
seq1/frame00035.png -0.47964513 0.22502244 6.1141453 0.9999361 0.0030816463 0.007308825 -0.008720666
seq1/frame00036.png 0.6050538 0.27079856 5.9927754 0.99986297 0.0009775356 0.017695408 -0.009665662
seq3/frame00001.png 7.98369 0.35467464 9.409373 0.9769076 -0.013039704 0.212635 -0.012367961
seq3/frame00002.png 8.021635 0.3486185 9.625344 0.9789641 -0.015525428 0.20232534 -0.017579917
seq3/frame00003.png 7.9817524 0.3611433 9.624583 0.9764795 -0.015672956 0.21491732 -0.012184572
seq3/frame00004.png 7.983826 0.33827204 9.46567 0.9756086 -0.011867767 0.21889463 -0.008297963
seq3/frame00005.png 8.286754 0.3807029 9.241697 0.976569 -0.0095896125 0.21485728 0.002085658
seq3/frame00006.png 8.420648 0.33761913 8.839593 0.97341424 -0.005652351 0.2289712 0.0067139873
seq3/frame00007.png 8.5475235 0.42112797 8.465403 0.9706331 -0.0172553 0.24028821 0.0007946068
seq3/frame00008.png 8.622571 0.39150673 7.7388434 0.9707641 0.0045138802 0.23983428 -0.0021863352
seq3/frame00009.png 8.80019 0.41938424 6.753302 0.96820056 0.0038470544 0.25002798 0.004664925
seq3/frame00010.png 9.272403 0.3620692 5.888194 0.9626056 -0.006290265 0.2710492 -0.009068117
seq3/frame00011.png 8.377674 0.36545515 5.5696034 0.9692111 0.012963335 0.24593027 -0.0014809185
seq3/frame00012.png 8.608782 0.24309373 4.7702947 0.9627743 -0.018001642 0.26764163 -0.030339036
seq3/frame00013.png 7.9785604 0.24493474 4.560043 0.96543276 -0.024457928 0.25817642 -0.028477654
seq3/frame00014.png 7.488709 0.28156888 5.0022893 0.968974 -0.02591405 0.24377398 -0.03172524
seq3/frame00015.png 8.29782 -0.13918287 2.3064904 0.76140475 -0.03828558 0.6453396 -0.049273893
seq3/frame00016.png 8.940388 -0.15241748 -2.2122338 0.91572034 0.0009733137 0.3976668 -0.056180537
seq3/frame00017.png 11.705851 -0.19170713 -2.5188398 0.86233264 -0.00035242687 0.5059908 -0.02074817
seq3/frame00018.png 8.51779 -0.03466481 2.2633588 0.9179057 0.013789463 0.3963406 -0.009207862
seq3/frame00019.png 9.215349 -0.00944674 1.330738 0.9149999 0.007814404 0.4030682 -0.012707466
seq3/frame00020.png 9.131118 0.022550166 0.73080766 0.91751736 0.005285946 0.39741078 -0.010251893
seq3/frame00021.png 10.177323 -0.0017776489 0.4887792 0.9300862 0.013281879 0.36696485 -0.008067514
seq3/frame00022.png 10.505877 0.05088502 -0.043579936 0.90786713 -0.00072461856 0.4191376 -0.010603275
seq3/frame00023.png 11.207806 0.0644722 -0.41467607 0.916188 0.01754346 0.4002514 0.010777865
seq3/frame00024.png 11.3641205 0.055677474 -0.3981682 0.8820336 0.022958094 0.4703317 -0.014416848
seq3/frame00025.png 11.925213 0.0399794 -0.36917782 0.8936718 0.0043989243 0.44680282 -0.039891582
seq3/frame00026.png 11.444429 0.0361256 0.050846457 0.89086527 -0.011493086 0.4513642 -0.05061178
seq3/frame00027.png 10.931249 0.050664663 0.09701526 0.90941554 -0.0065607 0.41176176 -0.057561357
seq3/frame00028.png 10.001897 0.024290204 0.7864857 0.9271155 -0.01860962 0.3720578 -0.042432457
seq3/frame00029.png 9.414834 0.025490463 1.0489141 0.9432731 0.00025474516 0.3317863 -0.014786568
seq3/frame00030.png 8.540852 0.09856975 1.7182122 0.95217633 -0.0036475929 0.30370033 -0.03221896
seq3/frame00031.png 7.7988276 0.08656663 1.9398932 0.96711475 0.014508202 0.25364515 -0.0118498625
seq3/frame00032.png 7.109934 0.04874575 2.4570928 0.9772835 0.02252368 0.21074048 -0.0053126253
seq3/frame00033.png 6.285298 0.048172057 2.5410757 0.9833836 0.027047824 0.17961308 0.0010894034
seq3/frame00034.png 5.7803254 0.0976941 2.7161415 0.9869186 0.03329014 0.15711309 0.00879033
seq3/frame00035.png 4.8813477 0.17186213 2.9306054 0.9886978 0.026373956 0.14743447 0.008409843
seq3/frame00036.png 4.292077 0.2643398 3.6781645 0.9931504 0.031061672 0.11110123 0.020002522
seq3/frame00037.png 3.2082105 0.26315063 4.154405 0.9987496 0.01849473 0.0463237 0.004009298
seq3/frame00038.png 2.3535242 0.14345169 4.1544785 0.9992017 0.023620969 -0.026949096 0.020372897
seq3/frame00039.png 0.7844695 0.25256288 4.393251 0.9918394 0.0019697065 -0.12713498 -0.009791408
seq3/frame00040.png 0.19602084 0.14009255 4.45391 0.9923803 0.017094338 -0.118646435 0.030950043
seq3/frame00041.png 0.15672779 0.13371623 4.1579943 0.9950507 0.013210456 -0.0904455 0.038086217
seq3/frame00042.png -1.1835703 0.19688666 4.9099116 0.9922979 0.024020212 -0.115485474 0.03867093
seq3/frame00043.png -1.8376898 0.18629444 4.5310054 0.9864815 0.012384409 -0.1591402 0.035917677
seq3/frame00044.png -3.2809455 0.18770593 4.734831 0.98156613 0.02925646 -0.17994575 0.057960954
seq3/frame00045.png -3.0411847 0.13863945 4.5391974 0.9749515 0.020669267 -0.21452513 0.055081204
seq3/frame00046.png -5.577758 0.1409716 4.438099 0.96906275 0.04086499 -0.23591763 0.05861207
seq3/frame00047.png -5.7388716 0.09229946 3.733515 0.9632735 0.025552161 -0.26110226 0.05863033
seq3/frame00048.png -5.7135434 0.12828279 3.162845 0.96153814 0.029355073 -0.2636852 0.06993111
seq3/frame00049.png -6.5920463 0.020337641 2.3784974 0.95402396 0.029461684 -0.2889217 0.07328824
seq3/frame00050.png -6.588836 -0.047408998 1.8971008 0.9511126 0.026257396 -0.2993694 0.07159603
seq3/frame00051.png -8.19926 -0.022689402 1.1498793 0.93836683 0.025898272 -0.33603257 0.07693481
seq3/frame00052.png -8.268001 -0.002878964 0.5714754 0.94335777 0.014676805 -0.3240623 0.06856019
seq3/frame00053.png -9.13067 -0.0024405122 0.57141995 0.9464245 0.029575279 -0.3139534 0.06923991
seq3/frame00054.png -9.00053 0.016999066 0.6347196 0.96058685 0.028872544 -0.2707944 0.05568544
seq3/frame00055.png -10.2639065 -0.059088945 0.23118186 0.9514334 0.03745251 -0.2996344 0.06009413
seq3/frame00056.png -10.596067 -0.089095056 0.029153824 0.91994417 0.017466513 -0.38630897 0.064532876
seq3/frame00057.png -11.041191 -0.099285424 0.09431958 0.9110303 0.009631608 -0.40627924 0.07051052
seq3/frame00058.png -11.8420315 -0.105638504 -0.00829041 0.8898917 0.0047266902 -0.45045856 0.07208027
seq3/frame00059.png -12.226824 -0.075809956 -0.0029927492 0.8877687 0.0030436523 -0.45662704 0.058497943
seq3/frame00060.png -12.864637 -0.0947783 -0.45816374 0.88331723 -0.0042556385 -0.46370625 0.069650844
seq3/frame00061.png -12.628883 -0.018470347 -0.40546787 0.87697077 -0.008408586 -0.47749466 0.05404764
seq3/frame00062.png -13.366005 -0.10595 -0.42893612 0.8820698 -0.00953418 -0.4670303 0.062461957
seq3/frame00063.png -13.735303 -0.11997467 -0.6072372 0.8720806 -0.017710747 -0.48535103 0.05889615
seq3/frame00064.png -13.781559 -0.06213051 -0.542348 0.8741572 -0.0006915201 -0.4819747 0.0594146
seq3/frame00065.png -15.001068 -0.0765872 -1.2294472 0.8541197 -0.012623933 -0.51784873 0.047045965
seq3/frame00066.png -15.175601 -0.05262494 -1.3110734 0.8260147 -0.0048331725 -0.5630203 0.028252626
seq3/frame00067.png -16.241537 -0.10426879 -1.7049931 0.802479 0.0011867704 -0.59632 0.020337952
