seq1/frame00001.png 13.015021 -0.009093881 -1.4716696 0.87241524 0.0031395056 0.48790893 -0.0256495
seq1/frame00002.png 13.084899 -0.028326929 -1.4239278 0.876394 0.0017672041 0.4809581 -0.025611402
seq1/frame00003.png 12.994211 -0.04422027 -1.3725135 0.87472093 0.0012123705 0.48411086 -0.024622459
seq1/frame00004.png 13.188188 -0.09543747 -1.5687457 0.86841834 0.0032440056 0.49549603 -0.018813914
seq1/frame00005.png 12.895339 0.3180188 -0.4347452 0.865144 0.022895398 0.49920562 -0.044719327
seq1/frame00006.png 12.80748 0.3192066 -0.54738474 0.85617304 0.01435569 0.51327604 -0.058153465
seq1/frame00007.png 12.31294 0.39538336 0.19671774 0.8639438 0.018785516 0.50117075 -0.04712164
seq1/frame00008.png 11.274607 0.098005 0.4708854 0.86687064 0.035177898 0.4968031 -0.023962028
seq1/frame00009.png 11.578475 0.25812352 0.5004473 0.9044972 0.050171122 0.42336732 -0.017297987
seq1/frame00010.png 10.732668 -0.012102246 1.332503 0.9227353 0.03377575 0.38364622 -0.014918485
seq1/frame00011.png 10.185881 -0.08623105 2.140421 0.9114211 0.014753671 0.41117752 -0.009857754
seq1/frame00012.png 8.765719 0.0042694807 2.7668912 0.95139444 0.019727161 0.30742294 -0.0035063825
seq1/frame00013.png 8.568604 0.048761845 3.0156546 0.9625558 0.014080866 0.2706316 -0.0017358343
seq1/frame00014.png 8.354111 0.12185502 3.4199548 0.9666055 0.014096856 0.25516415 -0.021682007
seq1/frame00015.png 8.158139 0.15437078 3.888952 0.97734344 0.011533746 0.21126856 -0.015347102
seq1/frame00016.png 7.872291 0.3522823 3.2726758 0.9810833 0.037700474 0.18974662 -0.0010381629
seq1/frame00017.png 7.4121466 0.43527496 3.404679 0.98511875 0.039962366 0.16703649 -0.007292309
seq1/frame00018.png 6.0191545 0.56884634 4.7272797 0.99252576 0.04838102 0.11281218 -0.0017266582
seq1/frame00019.png 5.3702893 0.55249953 5.4683294 0.99559575 0.045657016 0.08248609 -0.00096364046
seq1/frame00020.png 2.6327202 0.39296162 6.8619084 0.99724966 0.043469775 0.06053025 -0.011123734
seq1/frame00021.png 2.4639688 0.25456053 6.9565926 0.99865633 0.033797853 0.04197229 -0.0021832716
seq1/frame00022.png 2.7534287 0.62037444 6.5953736 0.99908406 0.036089573 0.013501136 -0.018999336
seq1/frame00023.png 1.9168007 0.60217357 6.633207 0.9987785 0.04780314 -0.012707019 -0.008471346
seq1/frame00024.png 0.7678782 0.00081032515 5.713285 0.9997558 0.023557695 -0.008711081 -0.0049927505
seq1/frame00025.png 0.6559324 -0.11933088 5.3642273 0.9978615 0.010134435 -0.05478941 -0.032081544
seq1/frame00026.png 1.8711401 0.27430576 6.382373 0.9985952 0.01494791 -0.032516383 -0.03948418
seq1/frame00027.png -0.6451634 0.16195315 6.631514 0.9960248 0.021738637 -0.0865256 -0.0097088525
seq1/frame00028.png -0.95870507 0.3753767 6.712219 0.9934478 0.022378685 -0.10938984 -0.026141746
seq1/frame00029.png -2.1103473 0.21518219 6.7017684 0.9915414 0.024114497 -0.12717435 -0.014053966
seq1/frame00030.png -2.195227 0.10471648 6.1105666 0.9864809 0.02836813 -0.16136114 -0.005421016
seq1/frame00031.png -2.3986218 0.1888678 6.48105 0.99712723 0.027720932 -0.07140263 0.0042149513
seq1/frame00032.png 1.7932696 0.23209292 6.8061275 0.9978615 -0.017875751 0.059422728 -0.024871608
seq1/frame00033.png -1.2256545 -0.0010489821 5.959729 0.99993896 -0.0032465055 0.0065616798 0.005091024
seq1/frame00034.png -1.6987952 0.023283124 6.4177713 1.0 0.0013360977 0.0058937073 0.0027475357
seq1/frame00035.png -1.8185418 -0.020063162 5.865731 0.9998169 -0.0046223523 0.018924363 -0.010244338
seq1/frame00036.png -1.7949796 0.08510578 5.844658 0.9947985 -0.013632157 0.10068239 -0.012359055
seq3/frame00001.png 7.9726357 0.481889 9.700113 0.97790533 -0.007532611 0.20883784 -0.013485363
seq3/frame00002.png 7.9487205 0.46461064 9.719338 0.9789035 -0.012349303 0.20376155 -0.017789388
seq3/frame00003.png 7.922333 0.4110704 9.826667 0.9764062 -0.014435904 0.2155345 -0.011204918
seq3/frame00004.png 7.824324 0.3983357 9.518367 0.9741533 -0.012092332 0.22574443 -0.007982584
seq3/frame00005.png 7.9830656 0.29885095 9.170641 0.97509265 -0.014627485 0.2217713 0.0037088294
seq3/frame00006.png 7.9435735 0.30233037 9.018319 0.9701351 -0.008906274 0.24234504 0.007592943
seq3/frame00007.png 8.354988 0.32120728 8.210635 0.9693169 -0.02323489 0.24475345 0.0014738257
seq3/frame00008.png 8.469044 0.3028124 7.7318883 0.9694428 0.0018538476 0.24566606 -0.0010926831
seq3/frame00009.png 8.042823 0.4480003 7.7020583 0.9600161 0.0016173698 0.2799941 0.0043391455
seq3/frame00010.png 8.674974 0.3454116 6.7440925 0.9554914 -0.008711401 0.29498994 -0.010206553
seq3/frame00011.png 7.3816094 0.3728627 6.2521667 0.962746 0.010171248 0.27045137 -0.0021654018
seq3/frame00012.png 7.787489 0.29015708 5.493298 0.9554275 -0.018406162 0.29334873 -0.030479966
seq3/frame00013.png 7.143897 0.24793017 5.141246 0.9569595 -0.02567954 0.28777668 -0.028549654
seq3/frame00014.png 6.251331 0.3988763 5.707125 0.953189 -0.02591719 0.29967248 -0.033368982
seq3/frame00015.png 9.825887 -0.11562532 -0.44483125 0.8057487 -0.03518392 0.589029 -0.05050606
seq3/frame00016.png 7.2909927 12.153884 -23.986475 0.46092427 -0.57146096 0.65984416 0.15956138
seq3/frame00017.png 12.398427 -0.1750257 -2.5084305 0.76026505 -0.0032513975 0.64931613 -0.022253005
seq3/frame00018.png 8.060965 -0.16995096 1.9569795 0.91041607 0.006144722 0.41377673 -0.0015257053
seq3/frame00019.png 8.860912 -0.16522628 1.2383716 0.9082682 0.0019645349 0.418384 -0.008754833
seq3/frame00020.png 8.89297 -0.1531542 0.41191268 0.907596 -0.0013533913 0.41976985 -0.0071746553
seq3/frame00021.png 9.392434 -0.122364104 0.99118686 0.9151636 0.010366619 0.40296012 -0.0073643844
seq3/frame00022.png 9.96565 -0.10598469 0.080191374 0.8971798 -0.007953133 0.44165084 -0.007192048
seq3/frame00023.png 10.437026 0.017751873 0.20611465 0.89758784 0.019689985 0.44063407 0.009100456
seq3/frame00024.png 11.247262 0.056868732 -0.4121076 0.8726251 0.024423677 0.48765168 -0.01562654
seq3/frame00025.png 11.435341 0.15878671 -0.061441064 0.8822938 0.007830064 0.46902555 -0.04128186
seq3/frame00026.png 10.882282 -0.02276355 0.51757 0.8775771 -0.012597175 0.4769713 -0.04938023
seq3/frame00027.png 10.55169 0.13338041 0.5258769 0.8998969 -0.0019669137 0.43231407 -0.05799004
seq3/frame00028.png 9.610451 -0.051074445 0.8084692 0.9212127 -0.019155007 0.3864005 -0.043214973
seq3/frame00029.png 8.486236 -0.007977009 1.7726493 0.9321462 -0.001127451 0.3619629 -0.016320415
seq3/frame00030.png 7.922414 -0.059155166 1.9092375 0.94592565 -0.010116447 0.32275036 -0.031947576
seq3/frame00031.png 7.4040785 0.06753421 1.900105 0.9634431 0.015457663 0.26708815 -0.014440086
seq3/frame00032.png 6.666933 0.0207659 2.4191887 0.97490484 0.020613115 0.2217514 -0.0054271813
seq3/frame00033.png 6.375483 0.15077132 2.3384762 0.9840029 0.030269379 0.17566164 0.0007966646
seq3/frame00034.png 6.05981 0.18120217 2.6381714 0.98821175 0.035776354 0.1490347 0.0089740055
seq3/frame00035.png 5.1156898 0.29127318 3.0820167 0.9893846 0.030960679 0.14262733 0.0076110065
seq3/frame00036.png 4.7370515 0.28581333 3.3130817 0.99535054 0.031081708 0.08888372 0.021163156
seq3/frame00037.png 4.1150355 0.25242895 3.6566584 0.9996337 0.017256381 0.02334687 0.0038704744
seq3/frame00038.png 2.7576678 0.3774835 4.4276624 0.9987174 0.0304651 -0.035598636 0.021618914
seq3/frame00039.png 1.1372764 0.21602273 5.0045595 0.9931405 0.0029355185 -0.117167234 -0.0028164461
seq3/frame00040.png 0.65249026 0.09977925 4.679851 0.9937549 0.01879029 -0.10450395 0.03792606
seq3/frame00041.png 0.34198892 0.2394501 4.1793594 0.9957797 0.018173622 -0.08139821 0.040668458
seq3/frame00042.png -0.7403691 0.21940565 4.548425 0.99252576 0.024805458 -0.111428544 0.04296948
seq3/frame00043.png -1.8062912 0.11951178 4.555025 0.98759395 0.010504387 -0.1517236 0.041051894
seq3/frame00044.png -2.6753416 0.14139652 4.321442 0.9840029 0.023644075 -0.16666767 0.058336783
seq3/frame00045.png -3.1181798 -0.032659292 4.1666565 0.9768437 0.011511821 -0.20625311 0.05720228
seq3/frame00046.png -5.0571356 -0.096877515 4.178272 0.9710784 0.028802373 -0.22997901 0.057353333
seq3/frame00047.png -5.1574197 -0.088588655 3.429566 0.96458274 0.016741011 -0.25702804 0.057470635
seq3/frame00048.png -5.3990173 -0.07446581 2.706564 0.96578425 0.017678885 -0.24937735 0.06916967
seq3/frame00049.png -6.002176 -0.13399649 2.1277468 0.9560023 0.019849546 -0.28423417 0.07110643
seq3/frame00050.png -6.18511 -0.07868636 1.5402739 0.9553637 0.020419328 -0.28595746 0.072479606
seq3/frame00051.png -7.0130877 -0.14537638 1.36118 0.9324735 0.015197859 -0.35411215 0.07185335
seq3/frame00052.png -7.199457 -0.06261343 0.7324667 0.935871 0.009216046 -0.3464353 0.06428814
seq3/frame00053.png -7.827288 -0.030531049 0.56606424 0.93932116 0.028312108 -0.33476636 0.06959137
seq3/frame00054.png -8.3871975 0.05433047 0.3411535 0.9590619 0.030531518 -0.27505413 0.061333507
seq3/frame00055.png -8.950452 -0.049838364 0.32710516 0.94611925 0.038182486 -0.31713638 0.054092523
seq3/frame00056.png -9.266102 -0.06887019 0.27220976 0.9095441 0.015249661 -0.41068393 0.063347325
seq3/frame00057.png -9.77255 -0.039503038 0.5112947 0.8990148 0.008079048 -0.43219513 0.071336634
seq3/frame00058.png -10.428408 0.038782835 0.5497453 0.8723453 0.005264997 -0.4836101 0.07196079
seq3/frame00059.png -13.134016 -0.06987476 -0.24438202 0.87493026 0.0021712808 -0.48050705 0.060691223
seq3/frame00060.png -12.218603 0.017349243 0.10475671 0.8657082 -0.00468846 -0.49577817 0.06990388
seq3/frame00061.png -12.254482 -0.0152897835 -0.32574642 0.87486047 -0.007700377 -0.4811035 0.05624851
seq3/frame00062.png -13.129636 -0.024219811 -0.3043009 0.8778553 -0.0065790475 -0.47473434 0.06380894
seq3/frame00063.png -13.542235 -0.011198819 -0.7680596 0.8767421 -0.012757106 -0.4767294 0.06399438
seq3/frame00064.png -14.269108 0.053459883 -0.6206093 0.8745814 0.00451004 -0.48097786 0.062634595
seq3/frame00065.png -14.714295 0.09487641 -1.3076385 0.85638684 -0.0063787135 -0.51386064 0.051279157
seq3/frame00066.png -15.258891 0.1277498 -1.4523239 0.8280881 0.0009766059 -0.5597242 0.030698594
seq3/frame00067.png -15.738234 -0.055962443 -1.5947169 0.7963387 0.0031855463 -0.6044203 0.023405382
