seq13/frame00001.png 29.032602 -17.90505 -1.8074148 -0.40318576 0.3045942 -0.5212165 0.6878554
seq13/frame00002.png 28.977861 -18.013498 -1.796028 -0.4008403 0.30761772 -0.52113074 0.68775755
seq13/frame00003.png 28.956196 -18.015041 -1.7851554 -0.39754188 0.3014119 -0.52015984 0.6933163
seq13/frame00004.png 29.085382 -17.595217 -1.7331167 -0.41787452 0.30625388 -0.49641132 0.69655854
seq13/frame00005.png 28.334631 -18.496435 -1.7639562 -0.40323818 0.28201693 -0.50827664 0.70677245
seq13/frame00006.png 27.885248 -18.759508 -1.7898945 -0.38724214 0.28200823 -0.49831387 0.7226598
seq13/frame00007.png 27.516544 -18.905882 -1.8626746 -0.42031345 0.28061303 -0.49744597 0.70506024
seq13/frame00008.png 26.971004 -19.539879 -1.8011723 -0.41065627 0.2808974 -0.49004787 0.71574765
seq13/frame00009.png 26.86595 -19.786808 -1.9261177 -0.40019447 0.26260248 -0.49437615 0.72553515
seq13/frame00010.png 26.23426 -20.747988 -1.8928828 -0.40599543 0.22075383 -0.45591438 0.76078665
seq13/frame00011.png 25.88279 -21.94535 -2.032281 -0.4846454 0.17689906 -0.4055994 0.7545101
seq13/frame00012.png 27.527119 -20.465782 -2.0897505 -0.46652293 0.16663487 -0.39441982 0.77407205
seq13/frame00013.png 27.872421 -20.639847 -2.1355104 -0.5154713 0.15152356 -0.3789747 0.7534844
seq13/frame00014.png 27.38104 -21.191193 -2.0632458 -0.52313554 0.14332166 -0.39261094 0.7427211
seq13/frame00015.png 25.754555 -21.50402 -2.0225797 -0.3820206 0.13325348 -0.42484823 0.8097729
seq13/frame00016.png 24.296402 -22.41011 -1.8738228 -0.34167182 0.16458774 -0.48800975 0.7860425
seq13/frame00017.png 23.346226 -21.97528 -1.9389195 -0.28342253 0.22560214 -0.5465201 0.75508213
seq13/frame00018.png 23.132677 -19.165506 -1.7410718 -0.27702507 0.2686941 -0.59426284 0.70568764
seq13/frame00019.png 22.931282 -18.816006 -1.7449687 -0.2631361 0.28208795 -0.61517286 0.68749887
seq13/frame00020.png 22.020693 -18.122578 -1.7167953 -0.24433495 0.2783431 -0.63615555 0.67700964
seq13/frame00021.png 20.723429 -21.244617 -1.5904963 -0.08684134 0.13656627 -0.6888787 0.7066692
seq13/frame00022.png 20.048107 -19.543179 -1.691798 -0.14703563 0.16681181 -0.66189075 0.71606046
seq13/frame00023.png 20.888645 -22.65432 -1.9873607 -0.228927 0.22108445 -0.60685897 0.7282373
seq13/frame00024.png 17.676723 -24.746384 -2.14822 -0.2822222 0.21603943 -0.5649997 0.744617
seq13/frame00025.png 19.265842 -23.927073 -2.024601 -0.307191 0.21844636 -0.53853536 0.75362015
seq13/frame00026.png 18.156385 -24.778694 -2.1011121 -0.2729438 0.2350095 -0.5532718 0.7511163
seq13/frame00027.png 17.100878 -23.471369 -1.967753 -0.2578686 0.24415618 -0.6005307 0.71648335
seq13/frame00028.png 14.941249 -23.399027 -1.866749 -0.2032667 0.2090606 -0.63781375 0.71284235
seq13/frame00029.png 14.681288 -23.774687 -1.9479021 -0.1731955 0.2097145 -0.6661425 0.6947015
seq13/frame00030.png 13.965124 -24.686049 -1.9563651 -0.1765009 0.19570728 -0.66589856 0.6979036
seq13/frame00031.png 13.30264 -24.342216 -1.8592534 -0.18493229 0.22099435 -0.6604671 0.6934109
seq13/frame00032.png 13.78199 -24.521326 -1.8810852 -0.17963524 0.2107043 -0.67131186 0.68743986
seq13/frame00033.png 13.49955 -25.171207 -1.9149492 -0.16829132 0.23333833 -0.65062726 0.7028867
seq13/frame00034.png 13.329041 -25.333054 -1.9660724 -0.17929284 0.2218921 -0.67174035 0.6838942
seq13/frame00035.png 14.652984 -26.608837 -1.9828283 -0.26572558 0.25825447 -0.62548214 0.6867675
seq13/frame00036.png 13.671386 -28.143171 -2.125557 -0.24104898 0.22748776 -0.6540259 0.68003446
seq13/frame00037.png 12.173569 -28.645514 -2.0215595 -0.24707714 0.27011573 -0.6201888 0.6937204
seq13/frame00038.png 11.775672 -29.002216 -2.0621693 -0.19573258 0.24129091 -0.64993423 0.69356626
seq13/frame00039.png 10.383154 -30.461178 -2.1284194 -0.31538355 0.35424224 -0.5815879 0.66098875
seq13/frame00040.png 11.579154 -30.69657 -2.167534 -0.18376912 0.2407076 -0.6399895 0.7064073
seq13/frame00041.png 11.002328 -31.207434 -2.3261337 -0.17655718 0.21178995 -0.63154656 0.72451055
seq13/frame00042.png 10.173185 -31.07103 -2.241384 -0.121883325 0.16334958 -0.6661796 0.7173711
seq13/frame00043.png 9.431667 -31.623102 -2.2708807 -0.11830764 0.1579911 -0.6699709 0.71569186
seq13/frame00044.png 8.912739 -32.12313 -2.3457708 -0.09682978 0.12608016 -0.67111546 0.72420764
seq13/frame00045.png 8.850152 -32.613262 -2.4943142 -0.10132274 0.1312344 -0.671553 0.7220748
seq13/frame00046.png 7.813904 -33.02623 -2.5081975 -0.08622184 0.13538958 -0.6664533 0.72796017
seq13/frame00047.png 7.816703 -33.722607 -2.5319033 -0.04038882 0.0952744 -0.684674 0.7213595
seq13/frame00048.png 6.189437 -33.940056 -2.5253572 -0.05683621 0.118097164 -0.68011564 0.7213195
seq13/frame00049.png -4.0661373 34.358234 2.783215 -0.04753278 0.1105179 -0.68967354 0.7140186
seq13/frame00050.png -12.443832 20.56809 2.1949463 0.059185997 0.13068745 -0.65094876 0.7454792
seq13/frame00051.png -1.2413292 33.59289 2.4572759 -0.05040335 0.111552656 -0.6709681 0.7313799
seq13/frame00052.png -0.2018385 32.604836 2.3482356 -0.38903102 0.32636282 -0.57193327 0.6440893
seq13/frame00053.png -0.18950462 -35.599598 -2.6574194 -0.04461093 0.0962877 -0.7006283 0.70561904
seq13/frame00054.png -1.6535578 -35.375248 -2.620487 -0.015273177 0.07006254 -0.7006571 0.7099249
seq13/frame00055.png -0.405797 -34.858334 -2.5777833 0.040968042 0.04430967 -0.6895919 0.7217285
seq13/frame00056.png 2.3258953 -35.46655 -2.726125 0.06761129 0.0070130886 -0.68560404 0.72491354
seq13/frame00057.png 1.4918308 -35.640915 -2.7704268 0.11152435 -0.02209473 -0.6749874 0.72889656
seq13/frame00058.png 1.7338839 -36.02701 -2.767624 0.17611675 -0.06774861 -0.6330737 0.7507745
seq13/frame00059.png 1.150095 -35.754025 -2.6654215 0.2113146 -0.05989786 -0.5812231 0.78352
seq13/frame00060.png 0.349288 -35.45369 -2.7024024 0.19833668 -0.06795043 -0.5385973 0.81611377
seq13/frame00061.png -0.49022102 -35.539253 -2.6170812 0.22111998 -0.050927207 -0.50080514 0.835279
seq13/frame00062.png 0.00051784515 -35.518337 -2.643263 0.22547415 -0.09383465 -0.53395385 0.80945206
seq13/frame00063.png -0.92479134 -34.937885 -2.5761218 0.2367564 -0.11630532 -0.54357314 0.7968539
seq13/frame00064.png -2.7601767 -34.547398 -2.6095679 0.24254254 -0.12763351 -0.5916679 0.7581514
seq13/frame00065.png -3.7230558 -33.89118 -2.476573 0.1978641 -0.12550634 -0.63437873 0.7367649
seq13/frame00066.png -4.9619913 -32.103455 -2.2727194 0.14989564 -0.06916933 -0.66051567 0.7323331
seq13/frame00067.png -5.9029636 -31.887331 -2.2427843 0.115707204 -0.053372465 -0.6468733 0.7518379
seq13/frame00068.png -5.2580223 -32.383526 -2.3780525 0.09064023 -0.010037469 -0.6434626 0.76004255
seq13/frame00069.png -5.653309 -31.985611 -2.4155223 0.071977876 0.001776389 -0.645834 0.7601514
seq13/frame00070.png -6.123719 -31.015812 -2.2100246 0.07421042 0.0164761 -0.6490822 0.75692934
seq13/frame00071.png -6.558419 -30.414276 -2.200348 0.07858186 -0.0021190315 -0.663703 0.74393594
seq13/frame00072.png -6.7233095 -29.677195 -2.1404712 0.11658368 -0.030758468 -0.6420307 0.7572658
seq13/frame00073.png -7.6610136 -28.538963 -2.0210865 0.18782713 -0.09358735 -0.62476057 0.7521813
seq13/frame00074.png -8.130612 -27.359173 -2.0983589 0.2401246 -0.13815826 -0.5961899 0.75351954
seq13/frame00075.png -6.6959286 -29.659634 -2.2357528 0.28098783 -0.19263335 -0.58755845 0.7339065
seq13/frame00076.png -6.9886904 -29.35449 -1.9667088 0.3063826 -0.20726916 -0.55451804 0.7454237
seq13/frame00077.png -6.4026756 -29.88189 -2.0177016 0.32973218 -0.2212947 -0.51408935 0.7602841
seq13/frame00078.png -6.3908663 -28.126438 -1.8970286 0.24402234 -0.22248027 -0.5557463 0.7630317
seq13/frame00079.png -6.827881 -28.868233 -2.0871534 0.2931557 -0.23438671 -0.56426996 0.7353236
seq13/frame00080.png -6.6410246 -27.732832 -2.0332158 0.29442894 -0.24868253 -0.5725533 0.7237058
seq13/frame00081.png -8.597847 -27.149029 -2.0039833 0.28443655 -0.24094862 -0.5845302 0.72073716
seq13/frame00082.png -9.042192 -25.866295 -1.7753057 0.27590716 -0.20835142 -0.5920238 0.7280765
seq13/frame00083.png -9.298519 -24.500298 -1.6584727 0.25519913 -0.18719766 -0.5989759 0.7355568
seq13/frame00084.png -13.032621 -23.115814 -1.600025 0.16033924 -0.11784314 -0.6389591 0.7430943
seq13/frame00085.png -12.988743 -23.365469 -1.6695714 0.08669294 -0.055553675 -0.6291468 0.7705306
seq13/frame00086.png -13.065989 -23.84252 -1.7466527 0.034076113 -0.00832189 -0.65078807 0.758394
seq13/frame00087.png -12.569056 -23.827433 -1.6138883 0.006748136 0.025453968 -0.64778167 0.7615169
seq13/frame00088.png -13.459521 -24.03502 -1.733489 0.015408859 0.022393668 -0.6421785 0.76608133
seq13/frame00089.png -14.737422 -22.590631 -1.5778762 0.100677095 -0.058022078 -0.6390911 0.7603692
seq13/frame00090.png -15.7675495 -21.243063 -1.4491638 0.22054121 -0.13411103 -0.62709624 0.7349559
seq13/frame00091.png -13.884688 -21.382019 -1.3437955 0.35973254 -0.23372959 -0.5778591 0.6942492
seq13/frame00092.png -14.111606 -22.144707 -1.5350522 0.38393095 -0.26960152 -0.576063 0.66929704
seq13/frame00093.png -13.973044 -22.101316 -1.4694277 0.3914616 -0.27596587 -0.571933 0.6661
seq13/frame00094.png -14.785882 -22.126637 -1.4748603 0.39406928 -0.28282893 -0.5671635 0.6655325
seq13/frame00095.png -15.68389 -20.519585 -1.2948353 0.43162125 -0.27461392 -0.50907344 0.69231474
seq13/frame00096.png -16.331482 -19.85267 -1.2304556 0.45119005 -0.22503904 -0.43658078 0.74525625
seq13/frame00097.png -16.786552 -19.569344 -1.1514713 0.4258039 -0.24049969 -0.42955053 0.7592047
seq13/frame00098.png -17.501709 -18.715593 -0.99936867 0.44982573 -0.24807021 -0.42296642 0.7465277
seq13/frame00099.png -17.250006 -19.783058 -1.1128907 0.44756848 -0.26708883 -0.42612642 0.7393207
seq13/frame00100.png -18.590405 -18.240276 -1.0089293 0.47344467 -0.28050548 -0.43141326 0.71475786
seq13/frame00101.png -19.35009 -17.429964 -1.2243849 0.3071617 -0.21412712 -0.5324203 0.7591913
seq13/frame00102.png -18.670622 -18.966757 -1.2241334 0.16301484 -0.13358153 -0.6143083 0.7603918
seq13/frame00103.png -19.595123 -17.504034 -1.0689082 0.17773874 -0.08140125 -0.6235292 0.75701535
seq13/frame00104.png -21.212591 -16.132479 -0.9164245 0.18321511 -0.08922021 -0.6252237 0.7533694
seq13/frame00105.png -22.538204 -14.813406 -0.73323476 0.2299347 -0.12048755 -0.6225315 0.73821366
seq13/frame00106.png -21.502039 -15.367545 -0.7597244 0.31060904 -0.18712541 -0.60585284 0.70829064
seq13/frame00107.png -22.011805 -15.161 -0.7723727 0.3798953 -0.24463585 -0.6094918 0.65141946
seq13/frame00108.png -22.77856 -14.512822 -0.81258595 0.43504393 -0.30170166 -0.5748412 0.6239522
seq13/frame00109.png -22.994274 -14.613053 -0.8000331 0.45361033 -0.31856906 -0.5739248 0.60282516
seq13/frame00110.png -26.26253 -11.503397 -0.57126427 0.48036927 -0.33296824 -0.5297748 0.61442316
seq13/frame00111.png -24.562397 -12.697186 -0.6294999 0.46812665 -0.32961822 -0.52138245 0.6326388
seq13/frame00112.png -24.711115 -13.067875 -0.69011354 0.45222336 -0.3234468 -0.5425021 0.6297542
seq13/frame00113.png -25.487577 -11.402136 -0.43346035 0.46355194 -0.31050363 -0.5322841 0.6365769
seq13/frame00114.png -26.325047 -10.858578 -0.43955112 0.44881824 -0.30165878 -0.55082613 0.63577265
seq13/frame00115.png -26.863697 -11.172691 -0.4819137 0.45543507 -0.3206865 -0.54321885 0.62827736
seq13/frame00116.png -27.135962 -10.885467 -0.54486465 0.48772517 -0.30966425 -0.49152967 0.65172637
seq13/frame00117.png -28.385452 -10.05523 -0.5009078 0.51174027 -0.3175875 -0.4782557 0.6390896
seq13/frame00118.png -28.712093 -10.139752 -0.47074223 0.5251552 -0.30861872 -0.45160303 0.6519467
seq13/frame00119.png -29.337402 -9.577012 -0.4022522 0.51969934 -0.31988615 -0.45900667 0.6456544
seq13/frame00120.png -29.577108 -9.655618 -0.40850723 0.52741784 -0.32959953 -0.44415396 0.64478517
seq13/frame00121.png -29.730742 -9.643581 -0.3531816 0.5280559 -0.33243605 -0.4249417 0.6557015
seq13/frame00122.png -29.920567 -8.96811 -0.32588744 0.50010085 -0.30480602 -0.4394251 0.681315
seq13/frame00123.png -29.621061 -9.195624 -0.3390633 0.4730512 -0.29217926 -0.44433758 0.7025617
seq13/frame00124.png -30.62027 -8.254301 -0.25580025 0.4852241 -0.30866122 -0.4488079 0.6839599
seq13/frame00125.png -31.385544 -8.028052 -0.26167905 0.5523 -0.35561803 -0.41496643 0.62939316
seq13/frame00126.png -32.23566 -7.3891516 -0.17380929 0.5779085 -0.35551715 -0.38931635 0.62287486
seq13/frame00127.png -33.084034 -6.373314 -0.09760237 0.57312304 -0.35922852 -0.40216982 0.61698115
seq13/frame00128.png -32.37712 -5.9162188 -0.09175658 0.5456455 -0.3575329 -0.43060416 0.6237415
seq13/frame00129.png -33.407433 -4.736787 0.09044695 0.56585705 -0.3679748 -0.42743668 0.60158634
seq13/frame00130.png -32.89669 -5.238432 0.006171584 0.5705702 -0.3623825 -0.41406506 0.60965705
seq13/frame00131.png -34.414185 -3.66249 0.16030264 0.57761747 -0.37680516 -0.4144385 0.59393865
seq13/frame00132.png -35.428867 -3.337883 0.13939357 0.5654597 -0.3694822 -0.42702264 0.6012564
seq13/frame00133.png -34.522594 -1.9670048 0.25705695 0.5867788 -0.38220096 -0.40921116 0.5847907
seq13/frame00134.png -35.01196 -1.442564 0.35307074 0.60484236 -0.3833663 -0.40062487 0.5714313
seq13/frame00135.png -38.151936 1.0891199 0.52727234 0.5907455 -0.39650136 -0.41745624 0.56528807
seq13/frame00136.png -38.295902 1.3447618 0.5940938 0.5861748 -0.3981126 -0.41903225 0.56788516
seq13/frame00137.png -37.242874 0.6913109 0.5818833 0.5022161 -0.36471033 -0.48578486 0.6156014
seq13/frame00138.png -38.001892 2.1732798 0.7475009 0.5290337 -0.3867392 -0.4880959 0.57665396
seq13/frame00139.png -39.32223 1.1329622 0.68744266 0.54754287 -0.3801229 -0.45786607 0.58806044
seq13/frame00140.png -40.158337 2.3899565 0.84194195 0.5615605 -0.38907334 -0.45550457 0.5704455
seq13/frame00141.png -43.062096 3.825839 1.0420285 0.5698681 -0.39588523 -0.43398145 0.5745516
seq13/frame00142.png -42.56178 4.973235 1.2416357 0.5833055 -0.41872334 -0.43431532 0.5436233
seq13/frame00143.png -43.735935 4.0537653 1.1152823 0.56392735 -0.4235944 -0.437509 0.5578132
seq13/frame00144.png -44.22947 5.4651604 1.1716377 0.5686772 -0.41912022 -0.4545 0.54276794
seq13/frame00145.png -43.44707 6.6531878 1.2712836 0.58694375 -0.42812976 -0.43185738 0.53442717
seq13/frame00146.png -43.42648 10.166881 1.4722664 0.59686506 -0.38562956 -0.44220817 0.54714763
seq13/frame00147.png -43.453403 9.4341135 1.4909236 0.59361416 -0.39847153 -0.45333126 0.532335
seq13/frame00148.png -43.081814 11.706791 1.6189983 0.55833054 -0.3532876 -0.49137583 0.56731164
seq13/frame00149.png -43.25547 11.379598 1.5453057 0.5548834 -0.34513572 -0.49493843 0.57274014
seq13/frame00150.png -42.475304 12.6956005 1.767819 0.55344063 -0.32500708 -0.5117747 0.5712579
seq13/frame00151.png -41.74193 13.927862 1.8030331 0.5541283 -0.40883172 -0.49640933 0.52837884
seq13/frame00152.png -41.739914 14.3465 1.8584108 0.55178446 -0.3993131 -0.49574184 0.5388146
seq13/frame00153.png -41.31105 14.128843 1.763788 0.5707909 -0.42603675 -0.47185692 0.51949495
seq13/frame00154.png -40.555237 14.773072 1.862608 0.586297 -0.43261215 -0.46199897 0.5056588
seq13/frame00155.png -40.174004 13.799218 1.7922125 0.6091252 -0.42575985 -0.4380424 0.5059562
seq13/frame00156.png -39.595257 15.002493 1.7971841 0.59991825 -0.41028452 -0.44160146 0.52629626
seq13/frame00157.png -39.13862 15.138225 1.7621197 0.6195247 -0.41665718 -0.41812298 0.51746553
seq13/frame00158.png -39.128326 15.885693 1.9134644 0.60210407 -0.39902034 -0.44261897 0.5314892
seq13/frame00159.png -38.362713 16.878777 1.8788701 0.59771425 -0.39621827 -0.44764695 0.5341343
seq13/frame00160.png -37.38513 17.491663 1.9403925 0.5950458 -0.38673607 -0.44648236 0.5450004
seq13/frame00161.png -36.948704 18.990988 2.1145136 0.6139265 -0.39916933 -0.42663062 0.53085136
seq13/frame00162.png -36.77869 19.552855 2.1266096 0.6153113 -0.40606838 -0.42547598 0.5245546
seq13/frame00163.png -36.57435 19.642334 2.0905743 0.6130877 -0.39549527 -0.43006134 0.53195435
seq13/frame00164.png -36.3444 20.17116 2.1785784 0.6256762 -0.4173142 -0.41988996 0.5078065
seq13/frame00165.png -35.33865 19.602257 2.2068238 0.68099475 -0.42113116 -0.36598253 0.47445711
seq13/frame00166.png -34.637363 19.959276 2.216551 0.68456626 -0.43669215 -0.35064077 0.46666694
seq13/frame00167.png -33.710793 20.660227 2.2226617 0.70162123 -0.4346253 -0.33368328 0.45539165
seq13/frame00168.png -33.48744 20.017567 2.2505789 0.6975663 -0.4458625 -0.3251378 0.45713377
seq13/frame00169.png -33.55665 20.542336 2.3287625 0.72310674 -0.43571743 -0.31389526 0.43450832
seq13/frame00170.png -32.676884 21.285423 2.3276086 0.6996978 -0.47241974 -0.28174052 0.45578057
seq13/frame00171.png -32.880302 23.203112 2.4195945 0.7078906 -0.48638833 -0.25478816 0.44436947
seq13/frame00172.png -32.092667 22.862125 2.4166021 0.7175582 -0.48220253 -0.2578211 0.43124586
seq13/frame00173.png -31.539753 22.86911 2.4045994 0.7229164 -0.46403694 -0.26643154 0.43723416
seq13/frame00174.png -31.182587 23.68301 2.4481704 0.7238438 -0.46271154 -0.2751743 0.4313703
seq13/frame00175.png -31.196083 23.852818 2.4761972 0.7532987 -0.45469964 -0.26441258 0.39487326
seq13/frame00176.png -30.721592 24.41374 2.63451 0.7443554 -0.45920607 -0.27370587 0.40023878
seq13/frame00177.png -29.95058 24.392838 2.4909878 0.7274873 -0.47349826 -0.28899115 0.40358385
seq13/frame00178.png -29.604134 25.089998 2.6761594 0.71303 -0.4654634 -0.33858085 0.40026543
seq13/frame00179.png -28.624506 25.101866 2.6804655 0.7498172 -0.47013727 -0.28243455 0.37033042
seq13/frame00180.png -26.324461 26.963818 2.5598853 0.82678574 -0.49887815 -0.15606064 0.20799182
seq13/frame00181.png -25.086334 26.842903 2.5512004 0.8216456 -0.49538186 -0.17777798 0.21919653
seq13/frame00182.png -25.02629 27.60351 2.6442463 0.83707416 -0.47388804 -0.15235816 0.22710596
seq13/frame00183.png -24.735504 27.462753 2.5944989 0.8458511 -0.4623955 -0.13763078 0.22715713
seq13/frame00184.png -24.781776 27.457071 2.6078289 0.8333361 -0.49128547 -0.13511626 0.21430634
seq13/frame00185.png -24.216873 27.47959 2.568058 0.82159317 -0.51266056 -0.14373472 0.20386657
seq13/frame00186.png -23.772625 28.109982 2.6071246 0.8425568 -0.4868962 -0.13681783 0.18500766
seq13/frame00187.png -23.33161 28.275555 2.5666742 0.8314939 -0.50160223 -0.1470884 0.18790248
seq13/frame00188.png -22.364145 29.076527 2.4745014 0.82850486 -0.5060054 -0.15149933 0.18612559
seq13/frame00189.png -20.251617 29.968908 2.5195265 0.817724 -0.52758306 -0.14673717 0.17731522
seq13/frame00190.png -20.445118 30.687117 2.546087 0.81748694 -0.52318305 -0.1553884 0.18399677
seq13/frame00191.png -19.410221 32.060493 2.6642077 0.8169289 -0.5374871 -0.13301054 0.16150084
seq13/frame00192.png -19.27308 32.07895 2.583262 0.80073524 -0.5529111 -0.14489187 0.1791004
seq13/frame00193.png -19.93283 32.276634 2.6455667 0.8057182 -0.54894185 -0.14199002 0.1711503
seq13/frame00194.png -19.651894 33.14131 2.749958 0.8162435 -0.54253733 -0.124837935 0.15450032
seq13/frame00195.png -18.436525 32.863647 2.6312811 0.8200144 -0.5489849 -0.09556833 0.13031612
seq13/frame00196.png -18.804121 33.195007 2.7394233 0.8072526 -0.5583033 -0.14295934 0.12677749
seq13/frame00197.png -17.499613 33.61291 2.7616134 0.781938 -0.60234874 -0.12631175 0.098982885
seq13/frame00198.png -14.140238 32.211033 2.614939 0.78279483 -0.58672637 -0.16277601 0.12798204
seq13/frame00199.png -13.155892 31.243467 2.6535327 0.7758358 -0.6108044 -0.13642704 0.07936293
seq13/frame00200.png -13.175577 30.296776 2.5242147 0.76859534 -0.6201179 -0.1363382 0.07853565
seq13/frame00201.png -13.212499 31.559994 2.5871637 0.77693 -0.6236847 -0.08007115 0.03213355
seq13/frame00202.png -12.311751 30.557507 2.4864242 0.7708967 -0.63587856 -0.033810746 -0.01499977
seq13/frame00203.png -11.75978 33.482304 2.8113356 0.7917351 -0.60844654 -0.051597703 0.016862052
seq13/frame00204.png -14.026861 35.02335 2.934725 0.8061986 -0.58915484 -0.04483248 0.02937971
seq13/frame00205.png -12.677657 35.591053 2.8736343 0.8221976 -0.5674781 -0.029812727 0.030946342
seq13/frame00206.png -12.317051 35.51869 2.9380925 0.8161298 -0.57787406 -0.011114608 0.0055456413
seq13/frame00207.png -11.044243 35.682205 2.777624 0.81526405 -0.5779641 -0.032267313 -0.013480699
seq13/frame00208.png -10.595346 35.04661 2.925057 0.8092273 -0.58663213 -0.031869043 0.010760974
seq13/frame00209.png -11.311595 35.1974 2.789324 0.82331365 -0.5636054 -0.052522536 0.042029995
seq13/frame00210.png -11.443594 35.331997 2.7818048 0.8296457 -0.5573606 -0.028921174 0.014118329
seq13/frame00211.png -10.08267 34.874405 2.8410594 0.81715006 -0.5763321 -0.0134162195 -0.0063044275
seq13/frame00212.png -9.648898 34.988743 2.7559826 0.8220412 -0.5691802 0.0044931592 -0.016056456
seq13/frame00213.png -6.6155186 32.847275 2.6540399 0.8129695 -0.58136106 0.019734068 -0.025878001
seq13/frame00214.png -6.42492 32.254993 2.7666776 0.813294 -0.5800561 0.02920741 -0.037770916
seq13/frame00215.png -5.333373 31.525244 2.4890604 0.8073367 -0.58269304 0.06281231 -0.06859978
seq13/frame00216.png -3.988246 30.903002 2.633836 0.80336374 -0.5921193 0.012931431 -0.061284944
seq13/frame00217.png -4.1685266 31.265055 2.61992 0.8015332 -0.5958403 0.013327095 -0.04874961
seq13/frame00218.png -1.3715172 28.327597 2.1733108 0.8032036 -0.59516066 -0.009724478 -0.022225572
seq13/frame00219.png -1.9074287 28.851976 2.208549 0.79659814 -0.6028796 -0.043281592 0.012314503
seq13/frame00220.png -0.7309294 27.604101 1.9883099 0.8077734 -0.5888279 -0.03069851 0.0062039746
seq13/frame00221.png -1.6410017 28.34925 2.2540407 0.81448007 -0.57578033 -0.05647688 0.04196042
seq13/frame00222.png -0.71808624 28.075964 2.1131845 0.81833744 -0.57097065 -0.037410937 0.053628184
seq13/frame00223.png 0.009982109 27.988194 2.209696 0.81930757 -0.57150054 -0.03868678 0.027543131
seq13/frame00224.png 1.5246315 26.972067 2.0322108 0.8130799 -0.58140576 -0.022756116 0.022586396
seq13/frame00225.png 3.1233377 25.722588 1.8467988 0.8189462 -0.5736249 0.0036503784 -0.011545319
seq13/frame00226.png 4.267127 24.777267 1.7743789 0.8067103 -0.5900549 0.00042499724 -0.033569533
seq13/frame00227.png 5.353058 24.767048 1.7766652 0.79905784 -0.5995115 -0.014160183 -0.04357387
seq13/frame00228.png 5.532319 25.057737 1.7999036 0.81561935 -0.5764549 0.0008039329 -0.047173947
seq13/frame00229.png 4.8067474 26.85653 1.976332 0.8256188 -0.56371564 -0.0057520107 -0.022698237
seq13/frame00230.png 5.0317 25.497646 1.9196582 0.83420646 -0.5503511 -0.021695625 -0.027652198
seq13/frame00231.png 5.2086563 26.999428 1.9688451 0.8310138 -0.5552578 -0.028153311 0.012569238
seq13/frame00232.png 5.9798336 26.294878 1.8982679 0.8335638 -0.5521189 0.014269693 -0.0059835915
seq13/frame00233.png 6.7841635 25.024399 1.7635818 0.8422264 -0.53724796 0.028721442 -0.035540864
seq13/frame00234.png 6.9517107 25.304657 1.7546223 0.83361083 -0.5507234 0.042539902 -0.012004567
seq13/frame00235.png 7.3349333 24.959736 1.7407211 0.8460341 -0.53143215 0.040029936 -0.01401604
seq13/frame00236.png 8.387126 24.496363 1.6787982 0.8484638 -0.52719593 0.0431034 -0.018506054
seq13/frame00237.png 7.9797707 24.19028 1.6047204 0.84590787 -0.529188 0.06298079 -0.017443497
seq13/frame00238.png 9.407408 23.178562 1.6258842 0.8552237 -0.5155511 0.042874638 -0.032641716
seq13/frame00239.png 9.79691 22.544273 1.5170187 0.87777275 -0.4782927 0.013844963 -0.019691661
seq13/frame00240.png 10.158924 22.460331 1.453378 0.8766508 -0.4800677 0.020708932 -0.020784674
seq13/frame00241.png 10.423054 21.77048 1.4681337 0.8870508 -0.45989168 0.028661756 -0.031104507
seq13/frame00242.png 11.046742 22.113272 1.4554265 0.867238 -0.49625352 0.017060628 -0.0360973
seq13/frame00243.png 13.044317 20.609995 1.2109286 0.8173477 -0.5730763 0.017316448 -0.0577547
seq13/frame00244.png 11.738192 21.921934 1.4615518 0.81657964 -0.57509893 0.021683974 -0.045643803
seq13/frame00245.png 12.120528 21.189016 1.3170751 0.8057679 -0.5914141 0.021482736 -0.022001209
seq13/frame00246.png 11.940443 20.983019 1.3928131 0.80952543 -0.58664227 -0.011260443 0.01607043
seq13/frame00247.png 15.06902 18.682583 1.0920985 0.79893625 -0.601092 -0.020582598 -0.00034372392
seq13/frame00248.png 15.527346 18.406921 0.96241647 0.80869734 -0.58715653 0.018029414 -0.030726343
seq13/frame00249.png 14.678386 17.278673 0.94530314 0.7660575 -0.6034389 0.14246285 -0.16920273
seq13/frame00250.png 12.530747 17.424126 1.1756529 0.69316024 -0.6165277 0.25010756 -0.2769975
seq13/frame00251.png 13.850542 16.825247 0.9687532 0.6757674 -0.5749274 0.29480383 -0.35492113
seq13/frame00252.png 15.536213 15.455303 0.8659895 0.63550884 -0.5383429 0.37001455 -0.41158235
seq13/frame00253.png 14.622204 16.48809 0.98840517 0.6308459 -0.50986344 0.3961482 -0.43021014
seq13/frame00254.png 15.198629 16.45292 0.9529139 0.65546227 -0.4718248 0.39760673 -0.43574443
seq13/frame00255.png 14.689252 15.986338 0.8847462 0.67581314 -0.4152047 0.38921827 -0.46863568
seq13/frame00256.png 16.13032 14.069174 0.7205841 0.689953 -0.4195045 0.36589 -0.46280837
seq13/frame00257.png 15.102307 15.730393 0.75706303 0.72378975 -0.47561294 0.31192455 -0.39102983
seq13/frame00258.png 14.401782 15.7088 0.94884247 0.7429059 -0.49733257 0.27645555 -0.35253212
seq13/frame00259.png 14.178764 15.7940035 0.87998194 0.75257915 -0.51500076 0.26449934 -0.31361067
seq13/frame00260.png 15.7060585 14.787431 0.75858516 0.7361356 -0.48391104 0.30548304 -0.3613798
seq13/frame00261.png 20.395325 11.418718 0.40234074 0.78938645 -0.5074179 0.20140925 -0.28093916
seq13/frame00262.png 20.761562 10.836839 0.33835587 0.8135572 -0.5055035 0.16036294 -0.23830423
seq13/frame00263.png 20.386873 10.333135 0.26553258 0.7643017 -0.5525867 0.20154679 -0.2643693
seq13/frame00264.png 20.916412 9.330921 0.19687334 0.77554435 -0.54935527 0.17778528 -0.25554708
seq13/frame00265.png 20.468884 10.028046 0.24918571 0.74950624 -0.5650435 0.20233674 -0.2791523
seq13/frame00266.png 21.305813 8.980423 0.19230595 0.7363965 -0.56977683 0.21336405 -0.295758
seq13/frame00267.png 20.786377 9.710651 0.29410905 0.7291152 -0.5814303 0.22708604 -0.28108242
seq13/frame00268.png 21.974411 8.851715 0.19428569 0.70867026 -0.5680397 0.26927227 -0.32035977
seq13/frame00269.png 22.205065 9.18022 0.23891202 0.6950892 -0.565823 0.30151904 -0.32551137
seq13/frame00270.png 21.907919 9.594682 0.35909292 0.68837327 -0.55646765 0.31645882 -0.34116232
seq13/frame00271.png 22.92383 9.405998 0.15904093 0.74094445 -0.54112035 0.27828354 -0.28416532
seq13/frame00272.png 24.156614 9.126929 0.15356216 0.74906856 -0.5171466 0.27837306 -0.30658337
seq13/frame00273.png 25.68784 7.7911835 -0.14582476 0.7385671 -0.50686866 0.2837713 -0.34204438
seq13/frame00274.png 26.838099 7.0183077 0.07240704 0.75303864 -0.503438 0.28422865 -0.3139802
seq13/frame00275.png 26.56852 7.229369 0.10386023 0.7521 -0.49959934 0.30169922 -0.30637446
seq13/frame00276.png 27.339224 7.744736 0.08393204 0.7462302 -0.49079776 0.31937143 -0.31667334
seq13/frame00277.png 28.746622 6.7937093 -0.15837303 0.7643398 -0.49616402 0.28568402 -0.2965651
seq13/frame00278.png 28.781439 6.562461 -0.0630883 0.7226552 -0.5258908 0.30704764 -0.32697606
seq13/frame00279.png 30.076757 6.290278 -0.12698236 0.70611477 -0.5121479 0.32267654 -0.36734805
seq13/frame00280.png 30.690596 5.559146 -0.20413801 0.6768078 -0.5293887 0.34686166 -0.3760222
seq13/frame00281.png 30.873882 5.499415 -0.2745935 0.68324643 -0.50741184 0.36331514 -0.37911138
seq13/frame00282.png 31.151886 5.2072062 -0.32548842 0.6690458 -0.50825703 0.3738089 -0.39294642
seq13/frame00283.png 31.742199 5.6535854 -0.3062011 0.67678463 -0.4903078 0.3737943 -0.4022297
seq13/frame00284.png 32.81041 4.7026887 -0.37147942 0.6649949 -0.5007612 0.38559917 -0.39780238
seq13/frame00285.png 34.057713 2.276765 -0.66459775 0.6293173 -0.5256857 0.40073413 -0.4087795
seq13/frame00286.png 33.244854 3.2499976 -0.5126155 0.64542526 -0.50456756 0.40296963 -0.40800107
seq13/frame00287.png 33.856373 2.499863 -0.5488161 0.64780146 -0.4633567 0.41138512 -0.443183
seq13/frame00288.png 34.344917 1.4926026 -0.68500656 0.63334197 -0.49313313 0.38443077 -0.45602673
seq13/frame00289.png 34.251625 0.6303797 -0.6998067 0.5868623 -0.50347555 0.42922512 -0.46662638
seq13/frame00290.png 33.80616 -0.57710147 -0.7751592 0.5988357 -0.5031242 0.40661016 -0.47224408
seq13/frame00291.png 33.47652 -0.5431764 -0.80605143 0.57976556 -0.502296 0.44120416 -0.4659087
seq13/frame00292.png 34.149082 -2.6203568 -0.86838824 0.5563337 -0.5019587 0.44823447 -0.48746738
seq13/frame00293.png 33.023632 -2.606081 -0.8853658 0.5267204 -0.4822121 0.4793651 -0.5105042
seq13/frame00294.png 33.75607 -3.9171336 -0.92608035 0.54047346 -0.48992655 0.45617786 -0.5094186
seq13/frame00295.png 32.762558 -4.3264546 -0.9769453 -0.52159256 0.4801956 -0.46523166 0.530114
seq13/frame00296.png 33.086124 -5.642616 -1.0757453 -0.51426286 0.4709241 -0.46808022 0.5427467
seq13/frame00297.png 32.74077 -6.1780963 -1.074844 -0.5026071 0.46772164 -0.47948903 0.5465876
seq13/frame00298.png 31.741419 -6.4719033 -1.0432533 -0.5126439 0.466923 -0.4791332 0.53819895
seq13/frame00299.png 31.990591 -6.2651253 -1.0465995 0.54119617 -0.47732222 0.46037868 -0.5169551
seq13/frame00300.png 31.290638 -7.2646937 -1.0425508 -0.49517623 0.4462123 -0.5060857 0.5474143
seq13/frame00301.png 31.512451 -7.5536666 -1.0735343 0.55081326 -0.48207927 0.44342586 -0.5171495
seq13/frame00302.png 30.675785 -8.577383 -1.0577087 -0.49683976 0.43526867 -0.5006862 0.55965716
seq13/frame00303.png 29.809952 -8.2554245 -1.0253519 -0.49143085 0.44164324 -0.51086694 0.5502147
seq13/frame00304.png 28.879889 -9.180548 -1.0540987 -0.4940958 0.43209988 -0.5141626 0.5521624
seq13/frame00305.png 30.050184 -9.788236 -1.1799502 -0.5375796 0.4544518 -0.46310714 0.53867924
seq13/frame00306.png 29.071768 -8.827592 -1.0496037 -0.48948127 0.4071358 -0.5160494 0.57291955
seq13/frame00307.png 28.369392 -9.71438 -1.1739534 -0.52111757 0.45265898 -0.4688087 0.5513612
seq13/frame00308.png 28.39093 -9.908808 -1.221044 -0.5501084 0.4101397 -0.4222637 0.5922039
seq13/frame00309.png 27.663492 -9.766503 -1.2598375 -0.56175524 0.35548452 -0.37086686 0.64834535
seq13/frame00310.png 27.48712 -9.72832 -1.262503 -0.56726885 0.3239934 -0.34161204 0.6756365
seq13/frame00311.png 28.747688 -10.557487 -1.0197701 -0.60296834 0.27825743 -0.3069546 0.6817777
seq13/frame00312.png 29.845648 -11.314921 -1.1544093 -0.6083268 0.26186493 -0.3013038 0.6859017
seq13/frame00313.png 29.48123 -12.593111 -1.1937088 -0.5778459 0.24838382 -0.33933648 0.6995052
seq13/frame00314.png 29.0602 -14.287691 -1.3436286 -0.58359194 0.23413764 -0.36061785 0.6889081
seq13/frame00315.png 26.164257 -13.904426 -1.4668105 0.6386142 -0.2708179 0.35799327 -0.6250452
seq13/frame00316.png 23.571959 -16.427765 -1.811147 -0.5847166 0.25782844 -0.3761943 0.6708972
seq13/frame00317.png 16.157701 -22.096682 -1.9942353 -0.5913139 0.31257668 -0.4042809 0.6237746
seq13/frame00318.png 20.620667 -19.774488 -1.8133031 -0.45911592 0.2656593 -0.47685382 0.70089364
seq13/frame00319.png 22.06035 -18.830994 -1.8091228 -0.3552465 0.2535795 -0.5357491 0.7228184
seq13/frame00320.png 25.230007 -16.779613 -1.7263429 -0.34974036 0.26158386 -0.55725276 0.7061365
seq13/frame00321.png 23.246813 -17.649187 -1.7226416 -0.2826607 0.21954963 -0.5968249 0.71823126
seq13/frame00322.png 22.467405 -17.78869 -1.7363784 -0.19907133 0.17986332 -0.6367716 0.72296727
seq13/frame00323.png 21.971203 -18.56162 -1.7375776 -0.23121822 0.2151633 -0.6325742 0.707169
seq13/frame00324.png 21.534595 -18.978207 -1.7129881 -0.17283668 0.18422383 -0.65895534 0.7086507
seq13/frame00325.png 21.53711 -19.674313 -1.7440073 -0.13715082 0.16316015 -0.6644093 0.71629554
seq13/frame00326.png 19.95401 -20.699066 -1.6999841 -0.12834601 0.11748623 -0.6637428 0.7273159
seq13/frame00327.png 20.86559 -20.163286 -1.7368778 -0.11160343 0.12247576 -0.65747505 0.7350277
seq13/frame00328.png 20.319752 -21.269989 -1.7617139 -0.10276217 0.10305558 -0.6525515 0.74359995
seq13/frame00329.png 20.265142 -21.39954 -1.7769301 -0.0824428 0.108806334 -0.647558 0.7496867
seq13/frame00330.png 19.15311 -21.933575 -1.7676096 -0.0625867 0.09010325 -0.6265138 0.7716159
seq13/frame00331.png 19.007038 -22.180403 -1.8785454 -0.100078315 0.09841052 -0.6024963 0.7856041
seq13/frame00332.png 18.499752 -22.133776 -1.9035147 -0.063638456 0.088060826 -0.6147907 0.7812302
seq13/frame00333.png 18.840717 -23.26045 -2.0838087 -0.09328719 0.0961269 -0.59887415 0.7894522
seq13/frame00334.png 18.962402 -24.51595 -2.0896354 -0.07507233 0.08246184 -0.5833831 0.8045551
seq13/frame00335.png 18.975689 -24.738245 -2.048925 -0.07497851 0.07172797 -0.5890501 0.8013477
seq13/frame00336.png 18.601913 -24.632982 -2.1229088 -0.08889401 0.07906259 -0.61343247 0.7807734
seq13/frame00337.png 18.187466 -25.22729 -2.053263 -0.090459555 0.0730651 -0.5725659 0.81152946
seq13/frame00338.png 17.454184 -25.765657 -2.1397862 -0.1100815 0.080819115 -0.57945853 0.80351776
seq13/frame00339.png 15.998365 -26.031933 -2.3583243 -0.11066884 0.06295524 -0.56540805 0.81487656
seq13/frame00340.png 15.215102 -25.894842 -2.2298641 -0.09469452 0.08072908 -0.55485916 0.82268125
seq13/frame00341.png 14.92022 -26.155153 -2.1917398 -0.06498998 0.050328374 -0.5816953 0.8092224
seq13/frame00342.png 14.190141 -26.023771 -2.1305938 -0.016960781 0.054214712 -0.59543866 0.80139154
seq13/frame00343.png 13.44545 -26.34185 -2.0604336 0.009743109 0.010586667 -0.5827701 0.8125928
seq13/frame00344.png 13.343826 -26.10317 -2.070696 -0.020532595 0.045385517 -0.6023199 0.796752
seq13/frame00345.png 11.446064 -25.509392 -2.077138 0.019078162 -0.004185268 -0.595411 0.8033107
seq13/frame00346.png 11.583439 -24.792122 -1.9764719 0.024479631 0.010700969 -0.61897844 0.7850244
seq13/frame00347.png 11.475261 -24.568611 -1.9611206 0.029078528 0.018095624 -0.61247575 0.7897572
seq13/frame00348.png 11.324518 -24.28597 -1.8143214 0.07126671 -0.02654856 -0.66085726 0.7467542
seq13/frame00349.png 11.003935 -23.913223 -1.8634497 0.04683251 -0.004991088 -0.6662412 0.74428695
seq13/frame00350.png 10.996968 -24.201447 -1.7911195 0.041586105 0.011339343 -0.6759166 0.7355836
seq3/frame00001.png 14.915396 -32.857727 -2.6423686 -0.13446994 0.08248923 -0.6369787 0.7546026
seq3/frame00002.png 14.86859 -33.025852 -2.651603 -0.12559804 0.07286687 -0.63842624 0.75579995
seq3/frame00003.png 14.923578 -33.03326 -2.6725986 -0.1288441 0.07414592 -0.63445204 0.7585786
seq3/frame00004.png 14.838844 -33.188103 -2.789884 -0.120791264 0.07726595 -0.6060913 0.78239924
seq3/frame00005.png 14.000763 -33.48504 -2.8189683 -0.10581907 0.06695646 -0.5437449 0.82984936
seq3/frame00006.png 13.9252405 -33.059704 -2.7544553 -0.12045739 0.066140026 -0.49981087 0.8551679
seq3/frame00007.png 15.333328 -31.804209 -2.5588794 -0.13375065 0.066761054 -0.4641019 0.87304515
seq3/frame00008.png 15.461835 -32.066994 -2.604824 -0.12943384 0.059755985 -0.44290853 0.88518906
seq3/frame00009.png 14.995905 -32.02591 -2.7171772 -0.1330256 0.06502331 -0.4813374 0.8638687
seq3/frame00010.png 14.033466 -33.367535 -2.6648417 -0.17128654 0.101985574 -0.5543186 0.8081084
seq3/frame00011.png 14.260685 -32.626106 -2.4958913 -0.19489601 0.13915111 -0.591996 0.7693768
seq3/frame00012.png 12.148843 -33.45888 -2.399646 -0.20631456 0.1849276 -0.63618904 0.72014135
seq3/frame00013.png 12.594065 -32.913322 -2.455655 -0.16195726 0.15187924 -0.64606714 0.7303982
seq3/frame00014.png 14.280849 -32.16066 -2.481554 -0.03400145 0.05853128 -0.66328734 0.74530494
seq3/frame00015.png 16.20229 -30.336946 -2.2641103 0.030694403 -0.015984453 -0.6581572 0.7521416
seq3/frame00016.png 15.364253 -31.558676 -2.568678 -0.034475543 0.026553148 -0.64674586 0.76156205
seq3/frame00017.png 16.031559 -31.318201 -2.596619 -0.07140801 0.032577094 -0.6184695 0.7819452
seq3/frame00018.png 16.219753 -31.5716 -2.662148 -0.11787164 0.042793564 -0.5932463 0.79512006
seq3/frame00019.png 16.18667 -31.352608 -2.6440215 -0.1712751 0.10686266 -0.56991106 0.79651487
seq3/frame00020.png 15.330914 -31.507513 -2.6481357 -0.23807694 0.09819966 -0.46732047 0.84573793
seq3/frame00021.png 15.120615 -31.549189 -2.8541675 -0.3438139 0.16363297 -0.42968345 0.8187482
seq3/frame00022.png 16.266996 -30.47866 -2.6634912 -0.29436463 0.13170297 -0.44364744 0.83615977
seq3/frame00023.png 14.991537 -31.475391 -2.6454654 -0.33549085 0.15551673 -0.43349254 0.821832
seq3/frame00024.png 16.939434 -29.191914 -2.4014251 -0.29229605 0.15648113 -0.44624788 0.83122426
seq3/frame00025.png 18.101315 -29.060244 -2.388091 -0.255832 0.17146009 -0.5470219 0.7784443
seq3/frame00026.png 17.730223 -28.91555 -2.3331134 -0.21944351 0.18399866 -0.6028784 0.7445331
seq3/frame00027.png 18.719986 -28.376589 -2.3475115 -0.25002885 0.16323619 -0.60775 0.7359875
seq3/frame00028.png 18.81035 -28.647104 -2.3878524 -0.27788508 0.19894397 -0.5780611 0.7410295
seq3/frame00029.png 21.061453 -27.162012 -2.275872 -0.2897238 0.20748614 -0.55536306 0.75129515
seq3/frame00030.png 21.777288 -26.628922 -2.2194226 -0.2925511 0.22648288 -0.5537946 0.74603355
seq3/frame00031.png 23.007645 -25.686295 -2.1870682 -0.29770246 0.21338569 -0.55872464 0.7441503
seq3/frame00032.png 23.448544 -25.830887 -2.1511266 -0.31171635 0.24811575 -0.5355208 0.74470824
seq3/frame00033.png 23.965721 -24.887693 -2.0875332 -0.33704722 0.24465008 -0.52732533 0.74050736
seq3/frame00034.png 25.05847 -23.715912 -2.1536243 -0.28394073 0.25358844 -0.5891769 0.7127132
seq3/frame00035.png 24.815548 -23.80222 -2.1082065 -0.3060972 0.23587778 -0.5731959 0.7225181
seq3/frame00036.png 25.016281 -22.826792 -1.8710232 -0.30561623 0.21328051 -0.5505845 0.74681216
seq3/frame00037.png 24.052515 -23.536123 -1.9964597 -0.31021258 0.16795696 -0.5005891 0.79058915
seq3/frame00038.png 25.228117 -23.43763 -2.1087074 -0.32179546 0.13927013 -0.42856178 0.8326555
seq3/frame00039.png 25.644213 -23.549105 -2.2466104 -0.351785 0.14494431 -0.3832438 0.841687
seq3/frame00040.png 25.762985 -23.267286 -2.0751402 -0.36897734 0.13950033 -0.36978295 0.8411852
seq3/frame00041.png 25.801674 -23.501806 -2.1136134 -0.3877909 0.15099134 -0.37492037 0.82836413
seq3/frame00042.png 25.933586 -23.25238 -2.2318428 -0.36485854 0.14586537 -0.40146574 0.82739896
seq3/frame00043.png 24.246117 -23.363348 -2.0537739 -0.40555522 0.18620072 -0.42240995 0.7888949
seq3/frame00044.png 24.49659 -23.830557 -2.0892363 -0.40161166 0.23426995 -0.502332 0.7289222
seq3/frame00045.png 21.909065 -25.822227 -2.291528 -0.29729447 0.19042332 -0.5841889 0.7308062
seq3/frame00046.png 16.872501 -29.194958 -2.269353 -0.2849841 0.21261778 -0.6177613 0.70137256
seq3/frame00047.png 25.532356 -22.586554 -2.095448 -0.34051165 0.2749005 -0.59255224 0.67643464
seq3/frame00048.png 25.552057 -21.71086 -1.9551672 -0.2667399 0.23360157 -0.62323654 0.6970511
seq3/frame00049.png 22.791584 -22.842926 -1.8594152 -0.1336818 0.1224914 -0.664808 0.7246848
seq3/frame00050.png 21.713205 -23.543804 -1.9276946 -0.10913541 0.10283903 -0.6736766 0.72359043
seq3/frame00051.png 21.206682 -25.5374 -2.010443 -0.12350744 0.10639901 -0.6635695 0.73012125
seq3/frame00052.png 22.494543 -22.880447 -1.85985 -0.16222002 0.10670086 -0.6537714 0.73133373
seq3/frame00053.png 22.960642 -24.119883 -1.9624898 -0.19227128 0.10564941 -0.63829553 0.737957
seq3/frame00054.png 24.591356 -23.053877 -2.0074663 -0.25085673 0.15761861 -0.60886383 0.73590946
seq3/frame00055.png 25.033686 -22.306059 -2.0016663 -0.23945075 0.13298385 -0.6240176 0.7316869
seq3/frame00056.png 26.08521 -21.307655 -1.9337695 -0.3132141 0.21420869 -0.584479 0.7171263
seq3/frame00057.png 26.671907 -20.679253 -1.938589 -0.3824076 0.23473637 -0.5423793 0.710284
seq3/frame00058.png 26.306992 -19.447313 -1.5066953 -0.42083386 0.27054378 -0.4850145 0.71726966
seq3/frame00059.png 26.245617 -19.339727 -1.3652796 -0.44415823 0.2651851 -0.45150104 0.72712654
seq3/frame00060.png 26.663206 -18.758867 -1.3692868 -0.45572305 0.26791045 -0.42871982 0.73257583
seq3/frame00061.png 26.5046 -18.952417 -1.4434295 -0.4368986 0.26410788 -0.46103796 0.7257865
seq3/frame00062.png 27.167967 -17.620302 -1.4361726 -0.42597333 0.29070687 -0.49125963 0.7020564
seq3/frame00063.png 27.960186 -17.255766 -1.4273907 -0.43683645 0.29087994 -0.4625381 0.7147422
seq3/frame00064.png 28.33385 -16.808672 -1.5380099 -0.42554805 0.30008653 -0.49174222 0.6978501
seq3/frame00065.png 28.76841 -16.148422 -1.5683086 -0.45369798 0.30193162 -0.48598295 0.6833722
seq3/frame00066.png 28.956705 -15.978939 -1.511914 -0.46847028 0.30948904 -0.4905586 0.66630477
seq3/frame00067.png 28.830214 -15.187014 -1.4768254 -0.44712722 0.32389706 -0.47723326 0.68364286
seq3/frame00068.png 28.748714 -13.707635 -1.3737696 -0.48614457 0.32865965 -0.43710306 0.6815975
seq3/frame00069.png 28.847445 -13.26168 -1.3404728 -0.49005735 0.3549868 -0.4425939 0.6616572
seq3/frame00070.png 29.264517 -11.950765 -1.2717091 -0.5061368 0.34506273 -0.42389682 0.6670794
seq3/frame00071.png 29.16628 -11.793731 -1.2371812 -0.5412432 0.3660335 -0.40380305 0.64020634
seq3/frame00072.png 29.069695 -11.810342 -1.2010214 -0.56202424 0.36023653 -0.36903855 0.64678085
seq3/frame00073.png 29.374582 -11.006863 -1.1682639 -0.5777565 0.382688 -0.35425165 0.62790596
seq3/frame00074.png 29.600666 -10.48757 -1.1609544 -0.5890642 0.39083824 -0.3447684 0.61752105
seq3/frame00075.png 29.754929 -10.611367 -1.1255467 -0.5799922 0.38903335 -0.3624108 0.6171281
seq3/frame00076.png 28.79646 -6.3522468 -1.0355688 0.64074636 -0.41821986 0.32459763 -0.55572927
seq3/frame00077.png 29.754534 -8.121261 -1.1336643 0.6048646 -0.39858568 0.40486598 -0.5581343
seq3/frame00078.png 29.554361 -7.8202314 -1.09917 0.60541207 -0.41000727 0.41491583 -0.5417656
seq3/frame00079.png 28.92902 -8.3088 -1.0406506 0.59456795 -0.45333385 0.4451771 -0.4926186
seq3/frame00080.png 31.85433 -6.2897024 -1.0231211 0.58466 -0.4901695 0.44391727 -0.47006255
seq3/frame00081.png 30.226458 -6.390959 -1.0161997 0.5615274 -0.49870983 0.45293963 -0.4805483
seq3/frame00082.png 25.612835 -7.366632 -1.1237599 -0.47637406 0.4233218 -0.5122783 0.5757805
seq3/frame00083.png 27.037355 -5.780907 -0.9558241 -0.46635464 0.3857473 -0.54236245 0.58269924
seq3/frame00084.png 27.549408 -7.508441 -1.1141037 -0.47738338 0.36578548 -0.5201278 0.6063754
seq3/frame00085.png 27.812168 -10.4262295 -1.324495 -0.5013063 0.30685827 -0.45396993 0.6697265
seq3/frame00086.png 28.694464 -10.28117 -1.2673181 -0.51034176 0.29663643 -0.4440704 0.6740124
seq3/frame00087.png 28.933725 -9.571676 -1.2628334 -0.55483407 0.32116002 -0.42675447 0.637978
seq3/frame00088.png 29.308725 -7.945943 -1.1834451 -0.5932869 0.3288396 -0.3827051 0.62723243
seq3/frame00089.png 31.538664 -4.8597527 -0.9219207 0.6480657 -0.30229378 0.31769967 -0.6224681
seq3/frame00090.png 32.414146 -4.5175533 -0.93957365 0.6753963 -0.30061403 0.2955144 -0.60496926
seq3/frame00091.png 32.2621 -4.5699472 -0.93361443 0.6805524 -0.29474393 0.29540262 -0.6023282
seq3/frame00092.png 30.53745 -3.3332999 -0.7283623 0.68570995 -0.40213236 0.28075665 -0.5379601
seq3/frame00093.png 29.875708 -3.951746 -0.8668191 0.68666446 -0.45712513 0.30016184 -0.4789485
seq3/frame00094.png 31.088455 -4.2126737 -0.9388171 0.64137524 -0.51291573 0.35929453 -0.4432737
seq3/frame00095.png 31.010391 -4.8362856 -0.94863343 0.61378163 -0.5274182 0.3906874 -0.43849522
seq3/frame00096.png 30.97285 -5.180964 -0.96030676 0.59276795 -0.51755905 0.42210007 -0.45001733
seq3/frame00097.png 27.766897 -6.5320964 -1.0212337 0.5267655 -0.44647625 0.500924 -0.5216465
seq3/frame00098.png 25.329111 -6.890659 -1.0017227 -0.4760819 0.41357088 -0.5249832 0.571483
seq5/frame00001.png 30.98457 -11.499076 -1.311171 -0.4139688 0.39730313 -0.56339484 0.5945107
seq5/frame00002.png 31.299385 -10.677114 -1.3717585 -0.44128415 0.41283035 -0.5410793 0.5847956
seq5/frame00003.png 30.879126 -10.766623 -1.4096379 -0.44083264 0.41060203 -0.54222786 0.5858883
seq5/frame00004.png 17.986065 -23.111244 -2.221051 -0.4015002 0.41040343 -0.55988693 0.59740394
seq5/frame00005.png 16.563023 -24.87953 -2.058848 -0.4097442 0.41231224 -0.55409676 0.5959629
seq5/frame00006.png 30.67423 -10.785699 -1.5308654 -0.37304124 0.38700548 -0.5848499 0.60734516
seq5/frame00007.png 26.541574 -12.388452 -1.4445312 -0.40071383 0.3756107 -0.56713486 0.6138248
seq5/frame00008.png 24.30909 -12.518243 -1.5816377 -0.3849793 0.37556365 -0.57421833 0.6171791
seq5/frame00009.png 25.913828 -13.043066 -1.3894974 -0.38656726 0.36304185 -0.5720888 0.6256984
seq5/frame00010.png 27.27943 -10.376048 -1.1624751 -0.44549572 0.38183612 -0.52980924 0.61239463
seq5/frame00011.png 27.336506 -11.122459 -1.268733 -0.45304164 0.3750643 -0.5200451 0.6192125
seq5/frame00012.png 26.333138 -11.964498 -1.307771 -0.40631616 0.3148409 -0.5621697 0.64774394
seq5/frame00013.png 25.972227 -11.784269 -1.263438 -0.41957375 0.3285291 -0.5540883 0.6393806
seq5/frame00014.png 24.55718 -11.745742 -1.3652979 -0.4354174 0.3445942 -0.53041285 0.6405859
seq5/frame00015.png 24.068062 -12.065049 -1.385914 -0.43648347 0.32973412 -0.5369334 0.64227223
seq5/frame00016.png 23.24221 -10.927487 -1.3497277 -0.42534706 0.33102882 -0.52412 0.65944654
seq5/frame00017.png 23.224775 -11.631879 -1.407961 -0.42243433 0.31535807 -0.5285115 0.66537803
seq5/frame00018.png 24.020386 -10.150893 -1.280065 -0.50669324 0.35682344 -0.47478908 0.62499857
seq5/frame00019.png 27.009947 -11.944098 -1.3752985 -0.5421714 0.37986988 -0.4472933 0.6014407
seq5/frame00020.png 26.856323 -11.893897 -1.358576 0.5633498 -0.42705572 0.43458197 -0.55839825
seq5/frame00021.png 27.024252 -11.842801 -1.2739493 0.57386386 -0.4424099 0.42438942 -0.5430745
seq5/frame00022.png 26.563675 -12.135092 -1.3823329 0.5707799 -0.45186436 0.42800006 -0.53552663
seq5/frame00023.png 26.286797 -11.43616 -1.541511 0.59681785 -0.462113 0.3804946 -0.53399163
seq5/frame00024.png 25.65418 -11.863231 -1.3296984 0.60134995 -0.40289754 0.3840584 -0.5731981
seq5/frame00025.png 24.819418 -11.897655 -1.3795187 0.61774147 -0.39066055 0.366782 -0.5755575
seq5/frame00026.png 24.45985 -12.864435 -1.444971 -0.58489674 0.3798536 -0.38038447 0.6073411
seq5/frame00027.png 24.323046 -13.866174 -1.4887427 -0.5780767 0.37397218 -0.39378718 0.6090046
seq5/frame00028.png 24.512547 -14.020796 -1.6019171 -0.5653687 0.36577883 -0.40274566 0.6199918
seq5/frame00029.png 23.824099 -14.052562 -1.8462807 -0.55104923 0.36068785 -0.41802314 0.6257143
seq5/frame00030.png 22.282875 -13.826628 -2.096726 -0.5604712 0.39267635 -0.41870674 0.5971913
seq5/frame00031.png 22.76592 -14.00409 -1.9416368 -0.5441977 0.39170238 -0.4187206 0.61256135
seq5/frame00032.png 22.684818 -14.646061 -1.9102021 -0.5578672 0.40359533 -0.41472453 0.5947439
seq5/frame00033.png 22.543495 -15.034438 -1.6468374 -0.5488903 0.4037661 -0.42081556 0.5986788
seq5/frame00034.png 22.2343 -14.708764 -1.6800454 -0.53055066 0.404623 -0.44758207 0.5954013
seq5/frame00035.png 21.293797 -14.40891 -1.6771274 -0.4972026 0.387142 -0.46537313 0.62164664
seq5/frame00036.png 21.418247 -14.531517 -1.6319573 -0.4788279 0.36421737 -0.4896697 0.6309511
seq5/frame00037.png 21.309277 -14.391295 -1.6824629 -0.46098974 0.35382548 -0.4915754 0.6485319
seq5/frame00038.png 22.148346 -14.4738655 -1.5716282 -0.43312418 0.3151217 -0.51334006 0.6707122
seq5/frame00039.png 23.482054 -13.172448 -1.3750134 -0.38904378 0.31426728 -0.5510288 0.66795474
seq5/frame00040.png 23.64846 -15.330176 -1.4642797 -0.36197457 0.29140535 -0.5641777 0.682344
seq5/frame00041.png 22.33047 -17.307941 -1.7556964 -0.30703345 0.2892231 -0.60448545 0.67571896
seq5/frame00042.png 18.87707 -22.45216 -2.0389416 -0.2688861 0.3070912 -0.6288234 0.66156465
seq5/frame00043.png 17.052067 -23.427341 -2.026578 -0.24946232 0.24753526 -0.640175 0.6831415
seq5/frame00044.png 17.551449 -23.56141 -2.041181 -0.30891174 0.25038433 -0.5885368 0.7039242
seq5/frame00045.png 16.539963 -24.35409 -2.0792527 -0.27066648 0.26295367 -0.6063276 0.7000394
seq5/frame00046.png 16.959469 -24.773687 -2.1173558 -0.27303895 0.24003509 -0.61616385 0.69862443
seq5/frame00047.png 16.839464 -24.812847 -2.124384 -0.24691203 0.2404109 -0.6363213 0.69027686
seq5/frame00048.png 17.39515 -24.913607 -2.0661259 -0.26179078 0.23161891 -0.6025954 0.7174505
seq5/frame00049.png 19.663715 -24.894892 -2.0856442 -0.23275435 0.22577892 -0.6137943 0.7197778
seq5/frame00050.png 18.13795 -26.591295 -2.2021098 -0.22761835 0.19443518 -0.5934807 0.74715716
seq5/frame00051.png 17.647945 -26.759995 -2.2180512 -0.22252426 0.19266291 -0.59958196 0.744041
seq5/frame00052.png 17.117748 -27.418207 -2.2254512 -0.20723364 0.1904096 -0.6125995 0.73865205
seq5/frame00053.png 18.000467 -27.68704 -2.2491822 -0.17152497 0.16107222 -0.6193497 0.7491657
seq5/frame00054.png 18.547161 -28.200111 -2.2761137 -0.14564078 0.13948108 -0.60786766 0.7678346
seq5/frame00055.png 18.264284 -28.429047 -2.3174958 -0.11117397 0.11673564 -0.6131853 0.7732956
seq5/frame00056.png 18.609972 -28.78227 -2.3101914 -0.093840934 0.0898243 -0.6211326 0.77292687
seq5/frame00057.png 17.747164 -29.120068 -2.317808 -0.07549032 0.09029103 -0.62367743 0.77275115
seq5/frame00058.png 17.953178 -29.032164 -2.3108766 -0.08286021 0.08765617 -0.6163142 0.77815
seq5/frame00059.png 17.444004 -29.435764 -2.4329717 -0.119563654 0.12358021 -0.5748231 0.8000516
seq5/frame00060.png 18.564642 -28.783476 -2.3397624 -0.08701364 0.095037594 -0.5905673 0.79665256
seq5/frame00061.png 18.874615 -28.137335 -2.315421 -0.1205363 0.07117068 -0.5785243 0.80356133
seq5/frame00062.png 18.55662 -27.64091 -2.2672093 -0.1348866 0.078415565 -0.5482043 0.8216802
seq5/frame00063.png 18.871012 -27.040886 -2.1894796 -0.13025759 0.07332513 -0.5400754 0.82827586
seq5/frame00064.png 19.066622 -26.565088 -2.2075157 -0.14691846 0.09843858 -0.533733 0.8269083
seq5/frame00065.png 19.153217 -26.537876 -2.222605 -0.14430416 0.11205929 -0.5400132 0.82156056
seq5/frame00066.png 19.917892 -25.943705 -2.1056755 -0.14928503 0.112215355 -0.52963954 0.82731754
seq5/frame00067.png 20.28297 -25.788794 -2.0438092 -0.140163 0.11823938 -0.5482529 0.8159124
seq5/frame00068.png 21.02501 -25.037434 -2.0141103 -0.18434311 0.1336265 -0.5509771 0.8028582
seq5/frame00069.png 22.154966 -24.645666 -2.0420628 -0.17774993 0.13915984 -0.5722596 0.7883688
seq5/frame00070.png 22.262608 -23.806961 -1.9724542 -0.18661672 0.13238628 -0.60123193 0.7655504
seq5/frame00071.png 22.200205 -23.530098 -1.9156119 -0.16205995 0.119735815 -0.6431363 0.7386427
seq5/frame00072.png 23.196018 -20.90464 -1.7715391 -0.17972542 0.14860609 -0.6674006 0.70717025
seq5/frame00073.png 24.114948 -19.734245 -1.7485163 -0.23333703 0.21309672 -0.6492523 0.69177884
seq5/frame00074.png 24.655428 -19.85264 -1.8271 -0.2500985 0.24594359 -0.6226163 0.69948655
seq5/frame00075.png 24.814983 -19.828054 -1.8195812 -0.26914448 0.25810432 -0.623978 0.6866697
seq5/frame00076.png 25.332176 -19.105633 -1.7724017 -0.30050522 0.2780796 -0.6073873 0.68075746
seq5/frame00077.png 24.338758 -18.55835 -1.7975817 -0.3172455 0.28939196 -0.5996864 0.6751008
seq5/frame00078.png 24.343338 -18.03675 -1.8247056 -0.3322171 0.28117052 -0.5959688 0.6748921
seq5/frame00079.png 24.18135 -18.027578 -1.8495938 -0.33585402 0.26566216 -0.59567946 0.6795545
seq5/frame00080.png 24.36969 -17.53421 -2.188439 -0.36276636 0.35487205 -0.59023446 0.6277887
seq5/frame00081.png 24.190483 -17.05242 -2.0767405 -0.37296647 0.3254404 -0.5771098 0.6494317
seq5/frame00082.png 23.18176 -16.55927 -2.3684504 -0.40419158 0.34317067 -0.5597477 0.6368555
