seq13/frame00001.png 29.593086 -16.503294 -1.6210988 -0.426807 0.3340946 -0.5115363 0.6667437
seq13/frame00002.png 29.585207 -16.425476 -1.6172538 -0.42687523 0.3367191 -0.50964534 0.66682786
seq13/frame00003.png 29.49704 -16.561104 -1.6026103 -0.42938423 0.33055562 -0.51047224 0.66766775
seq13/frame00004.png 29.524265 -16.464472 -1.56387 -0.43528575 0.3162842 -0.4857162 0.6888907
seq13/frame00005.png 28.797121 -16.640764 -1.569179 -0.4344912 0.3055329 -0.5046575 0.68057907
seq13/frame00006.png 28.050934 -17.308285 -1.7066983 -0.39786115 0.29109374 -0.50903267 0.70558953
seq13/frame00007.png 27.68589 -17.178423 -1.6548002 -0.3891997 0.26560873 -0.5132262 0.7173385
seq13/frame00008.png 26.95922 -17.180044 -1.6720206 -0.387416 0.2614098 -0.50271994 0.7272182
seq13/frame00009.png 26.54131 -18.071114 -1.8774484 -0.4035476 0.2530611 -0.5001993 0.72312516
seq13/frame00010.png 26.007711 -18.877184 -2.2001753 -0.4227422 0.20537303 -0.4519254 0.75820464
seq13/frame00011.png 25.906174 -19.745043 -2.096085 -0.40406278 0.1443925 -0.42559385 0.7967144
seq13/frame00012.png 25.536135 -20.081001 -2.3791866 -0.40236127 0.14227878 -0.40375718 0.8092233
seq13/frame00013.png 26.086933 -18.496403 -2.3834708 -0.42498428 0.14418139 -0.3756939 0.8108355
seq13/frame00014.png 25.150597 -19.620495 -2.2862005 -0.39590484 0.13226034 -0.39304635 0.81931746
seq13/frame00015.png 23.461987 -20.232895 -2.1190512 -0.39807406 0.124693125 -0.397702 0.8172036
seq13/frame00016.png 22.46224 -21.122313 -2.2960074 -0.35701042 0.14887409 -0.46395186 0.79694957
seq13/frame00017.png 22.824585 -20.590723 -1.829378 -0.309151 0.22685054 -0.53305614 0.7541987
seq13/frame00018.png 22.822153 -20.717485 -1.7774849 -0.28506458 0.2555211 -0.59998214 0.70247316
seq13/frame00019.png 22.326004 -20.895285 -1.8796623 -0.25652063 0.25572413 -0.624806 0.69167894
seq13/frame00020.png 24.501068 -21.32349 -1.7973071 -0.24378766 0.26072174 -0.64073455 0.6797433
seq13/frame00021.png 21.028961 -22.139711 -1.6283166 -0.098365076 0.14024925 -0.682667 0.7103662
seq13/frame00022.png 20.182133 -22.19734 -1.7359388 -0.14407465 0.15913889 -0.6495101 0.72942024
seq13/frame00023.png 19.477903 -22.859049 -2.027391 -0.22013389 0.19385557 -0.6122602 0.73423326
seq13/frame00024.png 18.401485 -23.782995 -2.0991557 -0.31386185 0.23019488 -0.55103076 0.7381505
seq13/frame00025.png 18.431229 -24.409548 -2.1144936 -0.3385639 0.24589388 -0.53088576 0.7369334
seq13/frame00026.png 17.857037 -24.253017 -2.1210074 -0.30973917 0.25895616 -0.5483578 0.7323299
seq13/frame00027.png 17.44759 -24.722448 -2.0542178 -0.28183308 0.24904875 -0.5910934 0.7135498
seq13/frame00028.png 16.809868 -24.782194 -1.9967427 -0.22830598 0.22826742 -0.62747765 0.70854926
seq13/frame00029.png 15.865525 -25.436462 -2.0265822 -0.16260198 0.1882266 -0.670055 0.69939804
seq13/frame00030.png 15.00258 -25.659307 -1.9177943 -0.15205646 0.1828281 -0.6767549 0.69674635
seq13/frame00031.png 12.980656 -22.44551 -1.7707804 -0.17429067 0.19208616 -0.6602304 0.7048556
seq13/frame00032.png 13.172244 -23.263956 -1.8983178 -0.190451 0.18667406 -0.66272783 0.6997664
seq13/frame00033.png 14.622975 -27.30679 -2.1731567 -0.1251679 0.17427836 -0.6564236 0.7232344
seq13/frame00034.png 12.465043 -25.198881 -2.1035428 -0.16956405 0.15822798 -0.6698505 0.70534545
seq13/frame00035.png 13.410181 -28.478418 -2.127287 -0.21071684 0.19030376 -0.63670284 0.71693254
seq13/frame00036.png 12.753038 -27.660727 -2.1576984 -0.19545887 0.17756997 -0.6621784 0.70127344
seq13/frame00037.png 6.6256943 -24.209097 -2.4559152 -0.19738838 0.20735604 -0.6277083 0.72389466
seq13/frame00038.png 12.533871 -30.633333 -2.260065 -0.1864955 0.21588363 -0.64490205 0.709024
seq13/frame00039.png 6.9981184 -28.83564 -2.6207373 -0.18137787 0.21543878 -0.6567155 0.6995805
seq13/frame00040.png 11.519937 -31.614887 -2.2587814 -0.15833291 0.20924778 -0.65023917 0.7129763
seq13/frame00041.png 10.874937 -32.039448 -2.3779922 -0.1438541 0.19396992 -0.64219886 0.72750413
seq13/frame00042.png 10.632069 -32.69986 -2.4878917 -0.118981935 0.16435674 -0.6677536 0.716195
seq13/frame00043.png 10.061486 -32.9729 -2.422686 -0.12352919 0.17182375 -0.66894996 0.71254694
seq13/frame00044.png 9.662357 -33.697334 -2.4616742 -0.10249013 0.14532997 -0.67206013 0.71882546
seq13/frame00045.png 9.3452425 -34.504868 -2.5650456 -0.11388362 0.15086654 -0.66633976 0.72129124
seq13/frame00046.png 9.045406 -34.97972 -2.5266626 -0.0939921 0.15163247 -0.6591956 0.73050267
seq13/frame00047.png 8.681354 -35.413418 -2.4980469 -0.06375357 0.12750246 -0.68292975 0.7164394
seq13/frame00048.png 8.033316 -35.432186 -2.482362 -0.07205745 0.14185315 -0.67492855 0.7205254
seq13/frame00049.png -3.031044 34.312283 2.9410927 -0.063697144 0.10122337 -0.6857066 0.71798533
seq13/frame00050.png -32.25988 0.059395075 0.43763995 -0.11323263 0.20715447 -0.6624002 0.71097904
seq13/frame00051.png 1.4045467 34.741 2.4439826 -0.02659071 0.07772309 -0.6954426 0.7138708
seq13/frame00052.png -0.9258671 34.93841 2.525321 -0.15082306 0.14449859 -0.6838661 0.69907063
seq13/frame00053.png 0.19908333 -34.1194 -3.0291498 0.076767586 -0.11784687 0.7014532 -0.69870037
seq13/frame00054.png -0.9463539 -33.468475 -2.6185951 -0.042638045 0.0914547 -0.6937707 0.71309197
seq13/frame00055.png 3.2031536 -36.60537 -2.4883413 0.0065525398 0.07263812 -0.6867601 0.7232159
seq13/frame00056.png 2.745306 -35.979942 -2.5035882 0.070377976 0.008958375 -0.6863685 0.7237851
seq13/frame00057.png 1.9069653 -36.020573 -2.6019518 0.13770871 -0.037025124 -0.66603094 0.7321668
seq13/frame00058.png 1.4603558 -35.386143 -2.6403742 0.19852997 -0.094265066 -0.63687885 0.73897576
seq13/frame00059.png 0.7810421 -35.4833 -2.6453927 0.23084912 -0.08433019 -0.59040505 0.76877755
seq13/frame00060.png 0.5341377 -35.53178 -2.330793 0.2073282 -0.08656607 -0.5584965 0.7985004
seq13/frame00061.png -0.18858337 -34.33478 -2.6628413 0.2220005 -0.08597787 -0.5272924 0.8156508
seq13/frame00062.png -0.49861336 -33.719177 -2.6529503 0.24385647 -0.12209354 -0.55117136 0.7885666
seq13/frame00063.png -0.8250942 -32.976574 -2.665848 0.2506013 -0.13026577 -0.5564137 0.7814304
seq13/frame00064.png -1.4949665 -33.0255 -2.6969125 0.2326974 -0.12676547 -0.6078153 0.74856055
seq13/frame00065.png -1.8755054 -32.919758 -2.4279132 0.1901233 -0.114041604 -0.64468014 0.7315976
seq13/frame00066.png -3.8991241 -32.032574 -2.1017232 0.17160715 -0.084903285 -0.6603426 0.7261474
seq13/frame00067.png -3.41325 -32.085583 -2.171659 0.093631856 -0.036557082 -0.64346915 0.7588439
seq13/frame00068.png -3.8590775 -31.648901 -2.3805857 0.07635145 0.007932164 -0.63918936 0.7652087
seq13/frame00069.png -4.036747 -31.225538 -2.3334684 0.05963453 0.011558891 -0.64817965 0.75906074
seq13/frame00070.png -4.449272 -30.610601 -2.2478456 0.06938638 0.021906747 -0.65121835 0.75539404
seq13/frame00071.png -5.1444893 -30.22104 -2.1783385 0.08055955 -4.943229e-05 -0.664859 0.742612
seq13/frame00072.png -5.7933464 -29.592588 -1.9524499 0.108236454 -0.015009337 -0.6409854 0.75973487
seq13/frame00073.png -6.2366657 -29.142622 -2.1128187 0.18283044 -0.085554056 -0.62058306 0.7577138
seq13/frame00074.png -6.964258 -28.388582 -2.345364 0.24148323 -0.13011065 -0.57755995 0.7688833
seq13/frame00075.png -6.8859653 -28.284126 -2.4890501 0.28668827 -0.1737567 -0.56207466 0.75610214
seq13/frame00076.png -7.6980953 -28.09674 -1.8244964 0.34122264 -0.20624603 -0.52742755 0.75023305
seq13/frame00077.png -7.9790115 -28.286928 -1.7346603 0.3579848 -0.25242224 -0.5130015 0.73821354
seq13/frame00078.png -8.449987 -28.117231 -2.2062175 0.31552202 -0.23756859 -0.5349463 0.7468865
seq13/frame00079.png -8.531431 -27.344872 -2.2005715 0.31911 -0.21658163 -0.54156303 0.7469744
seq13/frame00080.png -9.072769 -26.658443 -2.2993762 0.32737148 -0.22837274 -0.5516271 0.73238057
seq13/frame00081.png -9.815561 -25.068344 -2.2710378 0.32027748 -0.2513275 -0.5504801 0.72885406
seq13/frame00082.png -10.310129 -24.39482 -1.9108353 0.29116458 -0.23383647 -0.564579 0.7360667
seq13/frame00083.png -10.4671955 -24.06642 -1.7453495 0.26445898 -0.19101293 -0.5889145 0.73942894
seq13/frame00084.png -11.984159 -23.534168 -1.9143063 0.15230389 -0.10650381 -0.6303002 0.7537785
seq13/frame00085.png -12.036398 -23.352541 -1.800041 0.0761619 -0.03559768 -0.6184421 0.78132033
seq13/frame00086.png -12.651491 -23.296328 -1.8767519 0.04420095 -0.008319024 -0.64103556 0.76619214
seq13/frame00087.png -12.84931 -22.796078 -1.8783593 0.011639034 0.028602168 -0.644055 0.7643557
seq13/frame00088.png -13.916254 -22.551962 -1.7368226 0.03955644 0.0030873504 -0.6395171 0.7677523
seq13/frame00089.png -14.53245 -22.0739 -1.6872258 0.08127575 -0.052498426 -0.64338505 0.75940365
seq13/frame00090.png -14.614798 -21.572023 -1.3565042 0.21048278 -0.13374011 -0.6230367 0.7413742
seq13/frame00091.png -14.711855 -21.500261 -1.5612235 0.35890362 -0.24259654 -0.56549346 0.7018206
seq13/frame00092.png -15.385328 -20.661888 -1.5469328 0.4118716 -0.28328004 -0.5531106 0.6664704
seq13/frame00093.png -15.6822605 -20.265066 -1.3003625 0.4091418 -0.2898376 -0.5512739 0.6668539
seq13/frame00094.png -16.370604 -19.998362 -1.5041379 0.43008673 -0.30398157 -0.53698236 0.658992
seq13/frame00095.png -16.970938 -19.37606 -1.5540025 0.44648907 -0.28109595 -0.49113873 0.69311994
seq13/frame00096.png -17.084162 -20.48903 -1.2268374 0.4646409 -0.23630583 -0.42988998 0.7371994
seq13/frame00097.png -16.803736 -21.973898 -1.3846301 0.4653773 -0.25366375 -0.43601286 0.7273042
seq13/frame00098.png -18.014193 -18.921852 -1.4059415 0.5061997 -0.2869824 -0.40971816 0.7025197
seq13/frame00099.png -16.97402 -21.750635 -1.154007 0.4805818 -0.2817562 -0.43093932 0.7098914
seq13/frame00100.png -18.687296 -18.965157 -1.1165545 0.482127 -0.2922439 -0.435666 0.70167094
seq13/frame00101.png -19.541723 -15.9714365 -1.283181 0.33170712 -0.24365275 -0.52193815 0.7471172
seq13/frame00102.png -18.602758 -19.00488 -1.2133033 0.17413025 -0.124645 -0.60984343 0.7630421
seq13/frame00103.png -20.894041 -15.613443 -1.0501994 0.16907132 -0.071226224 -0.6271991 0.7569431
seq13/frame00104.png -21.483812 -15.195085 -0.9758905 0.17567852 -0.08064132 -0.62849313 0.7534125
seq13/frame00105.png -22.442999 -14.368887 -0.7113521 0.21902087 -0.1131086 -0.61753863 0.7469152
seq13/frame00106.png -21.903566 -14.237118 -0.73273575 0.30299336 -0.17282979 -0.59942055 0.7204303
seq13/frame00107.png -21.77688 -15.223653 -0.7288052 0.40864226 -0.26139623 -0.58929145 0.6460798
seq13/frame00108.png -23.776255 -13.874435 -0.28685892 0.44628444 -0.26537883 -0.5806454 0.6271006
seq13/frame00109.png -23.007418 -12.8127365 -0.5359068 0.5080299 -0.3715254 -0.5362596 0.5624057
seq13/frame00110.png -27.138338 -9.626526 -0.43231 0.5334187 -0.35625064 -0.49399263 0.58695936
seq13/frame00111.png -24.412569 -11.878901 -0.57227933 0.49234024 -0.34339833 -0.50619376 0.6192305
seq13/frame00112.png -24.981478 -11.555035 -0.55387735 0.47566676 -0.34316802 -0.5198756 0.6210525
seq13/frame00113.png -25.703451 -11.231991 -0.38677347 0.48002478 -0.3221529 -0.51651084 0.6316725
seq13/frame00114.png -26.401056 -10.703712 -0.49924147 0.46731618 -0.3093068 -0.53363186 0.6333893
seq13/frame00115.png -27.115946 -10.796982 -0.35338402 0.4734886 -0.3337787 -0.52904856 0.62008697
seq13/frame00116.png -27.76478 -10.135174 -0.47910476 0.49773002 -0.32131904 -0.48544192 0.6429346
seq13/frame00117.png -28.36201 -9.767714 -0.39230692 0.526876 -0.33724782 -0.4688125 0.62360275
seq13/frame00118.png -29.077894 -9.292715 -0.4486121 0.53806984 -0.33007333 -0.44193834 0.63735616
seq13/frame00119.png -29.953466 -9.317162 -0.40914226 0.5332268 -0.34539354 -0.44896168 0.6283359
seq13/frame00120.png -30.357294 -9.325544 -0.34173453 0.530661 -0.34684417 -0.44094086 0.6353497
seq13/frame00121.png -30.022898 -9.441128 -0.33120143 0.5372002 -0.35780585 -0.42082578 0.6374139
seq13/frame00122.png -27.835096 -6.7385616 0.55545855 0.4557005 -0.30818313 -0.47133848 0.6893476
seq13/frame00123.png -28.541002 -7.64616 0.08995974 0.42895868 -0.30981413 -0.47807774 0.70103586
seq13/frame00124.png -32.687775 -6.282419 -0.081061006 0.505345 -0.36025453 -0.4328792 0.6538033
seq13/frame00125.png -33.05268 -6.0151443 -0.25114763 0.56947184 -0.4036143 -0.4024995 0.59227645
seq13/frame00126.png -36.178658 -5.040184 0.048997164 0.5837607 -0.40190148 -0.38766956 0.5894158
seq13/frame00127.png -34.64707 -5.0486603 -0.2754017 0.5776026 -0.38476273 -0.40616238 0.59444505
seq13/frame00128.png -33.908592 -4.0125256 -0.5290626 0.54800653 -0.3789093 -0.42624235 0.6119101
seq13/frame00129.png -35.834984 -3.8571622 -0.17979598 0.56252867 -0.3637849 -0.4356811 0.6011688
seq13/frame00130.png -36.60428 -3.3124692 0.091641545 0.53579026 -0.34500825 -0.44080338 0.63213176
seq13/frame00131.png -37.17874 -3.185127 0.071051955 0.5430965 -0.33696583 -0.4532128 0.6213681
seq13/frame00132.png -36.692314 -2.16452 0.13454139 0.53256065 -0.34111524 -0.4474818 0.6322811
seq13/frame00133.png -36.908752 -1.6800592 -0.1239599 0.555079 -0.37441024 -0.4072156 0.6211921
seq13/frame00134.png -38.057747 -1.1890638 -0.0031751394 0.574765 -0.36990252 -0.43411523 0.586823
seq13/frame00135.png -38.46524 -0.62870765 0.15947425 0.53755105 -0.37243778 -0.45042303 0.6078224
seq13/frame00136.png -38.557472 -0.2879541 0.32035816 0.54748845 -0.36674824 -0.45992646 0.5951636
seq13/frame00137.png -38.56404 0.32139802 0.1649425 0.52825886 -0.36474264 -0.4729632 0.60349905
seq13/frame00138.png -39.08172 0.8751128 0.18746984 0.56811035 -0.39515 -0.45758158 0.5583245
seq13/frame00139.png -39.442703 1.2381155 0.4795835 0.56971574 -0.37285542 -0.4627237 0.5677055
seq13/frame00140.png -40.08146 2.0946867 0.55989885 0.57359934 -0.38521034 -0.45004296 0.5657368
seq13/frame00141.png -42.05208 4.0070953 1.2780054 0.55945486 -0.39168146 -0.45270014 0.57328737
seq13/frame00142.png -41.23741 3.627659 1.270163 0.5878684 -0.39059517 -0.44383898 0.55213505
seq13/frame00143.png -41.852005 4.842823 0.8539121 0.58345556 -0.40474364 -0.45600495 0.5364902
seq13/frame00144.png -41.600945 5.635742 1.0068773 0.56479216 -0.39960587 -0.46939477 0.5486288
seq13/frame00145.png -41.7445 6.7663803 1.1161838 0.5630679 -0.39542907 -0.46932054 0.5534696
seq13/frame00146.png -41.906013 6.91156 1.811708 0.5361219 -0.35810262 -0.45929563 0.61105096
seq13/frame00147.png -42.79956 8.034832 1.0941639 0.5475133 -0.38666624 -0.4866284 0.5602777
seq13/frame00148.png -41.6027 7.8623714 1.4625304 0.49813536 -0.32113108 -0.5246579 0.6111219
seq13/frame00149.png -41.702156 8.380747 1.8904064 0.5238714 -0.31601474 -0.5067241 0.6073912
seq13/frame00150.png -40.833176 9.323084 1.5936804 0.5153332 -0.31448078 -0.53419775 0.5917485
seq13/frame00151.png -40.654266 13.329464 2.4690697 0.530129 -0.3846473 -0.50324744 0.5636946
seq13/frame00152.png -41.82206 11.92561 1.8271956 0.5280831 -0.3769973 -0.52227616 0.55337954
seq13/frame00153.png -42.392357 13.103397 1.6008959 0.53245866 -0.4309574 -0.48865822 0.5403486
seq13/frame00154.png -39.692253 12.371801 1.6414647 0.5346906 -0.39529902 -0.51465225 0.5412742
seq13/frame00155.png -38.64273 12.659016 1.6061363 0.5778075 -0.40868774 -0.45934027 0.5367676
seq13/frame00156.png -38.120056 13.197729 1.4538097 0.56911325 -0.39290035 -0.46316612 0.5542712
seq13/frame00157.png -37.54618 13.823137 1.5341387 0.5866747 -0.3984331 -0.45326447 0.540014
seq13/frame00158.png -37.29438 14.709154 1.5082221 0.58302814 -0.38809702 -0.45772615 0.5476728
seq13/frame00159.png -36.65184 15.61899 1.2876425 0.5981722 -0.39697218 -0.43132314 0.5464096
seq13/frame00160.png -36.50892 16.2126 1.5115895 0.5929082 -0.3728036 -0.44139123 0.5609377
seq13/frame00161.png -36.463158 17.046425 1.8832874 0.6130698 -0.38870397 -0.41590095 0.54779655
seq13/frame00162.png -36.19571 17.633898 1.7713118 0.61931276 -0.40403017 -0.4200657 0.52607626
seq13/frame00163.png -35.481377 18.155111 1.8058934 0.62311417 -0.40141103 -0.42334205 0.5209408
seq13/frame00164.png -35.245773 18.77081 1.9056895 0.6423009 -0.4240266 -0.400174 0.49750552
seq13/frame00165.png -34.510864 18.982313 2.1930692 0.69176847 -0.430828 -0.36004335 0.4541061
seq13/frame00166.png -33.989197 19.244967 2.10861 0.6854835 -0.43613303 -0.3572406 0.46073794
seq13/frame00167.png -33.687523 20.202095 2.2886295 0.7090612 -0.43568462 -0.33646137 0.44068673
seq13/frame00168.png -33.27118 20.155993 2.0805576 0.72077227 -0.44649538 -0.3127097 0.42818442
seq13/frame00169.png -33.13095 21.023558 2.1631181 0.7504366 -0.43607417 -0.28910315 0.4038609
seq13/frame00170.png -32.995583 21.496683 1.8858814 0.7320838 -0.4620024 -0.26111543 0.4271133
seq13/frame00171.png -32.31006 22.757414 2.4169207 0.7084418 -0.49010023 -0.25524133 0.4390487
seq13/frame00172.png -32.182625 22.937017 2.362557 0.73204553 -0.48631915 -0.2484642 0.40726978
seq13/frame00173.png -32.09651 22.78242 1.9698098 0.7467448 -0.4581233 -0.24759655 0.41375247
seq13/frame00174.png -31.67784 22.970686 1.6832125 0.75846714 -0.44961685 -0.24917966 0.40060177
seq13/frame00175.png -31.029097 24.289007 2.2591808 0.7686938 -0.45711374 -0.24008523 0.37751272
seq13/frame00176.png -31.152674 23.391169 1.9799697 0.77195644 -0.45496017 -0.2493452 0.36731657
seq13/frame00177.png -30.870737 23.416922 1.726105 0.77238625 -0.44853267 -0.24460703 0.37736613
seq13/frame00178.png -30.274958 23.47903 2.2853732 0.78134835 -0.44411236 -0.2612091 0.3521771
seq13/frame00179.png -29.646582 24.065908 2.3359284 0.7825869 -0.45653248 -0.24726948 0.34350199
seq13/frame00180.png -26.160948 26.818342 2.512138 0.8232501 -0.4851863 -0.1707593 0.24019724
seq13/frame00181.png -24.999369 27.391771 2.459459 0.8206675 -0.480765 -0.18228354 0.24928398
seq13/frame00182.png -24.570616 27.43001 2.5705748 0.8305203 -0.46752563 -0.16170274 0.25594547
seq13/frame00183.png -24.517256 27.408627 2.480301 0.8411491 -0.46397516 -0.14447498 0.23732318
seq13/frame00184.png -24.322008 27.775618 2.5654001 0.8329413 -0.49008575 -0.14204095 0.21412413
seq13/frame00185.png -23.550207 28.05601 2.5767133 0.817684 -0.51895374 -0.15052931 0.19854681
seq13/frame00186.png -22.999186 28.530607 2.5759132 0.83779943 -0.49661928 -0.14086822 0.17781298
seq13/frame00187.png -22.291548 28.718964 2.4391112 0.83231115 -0.4991796 -0.15229003 0.18677682
seq13/frame00188.png -21.769724 29.256563 2.448477 0.8389131 -0.48779264 -0.15982392 0.18094058
seq13/frame00189.png -21.140772 29.439028 2.4390266 0.82298386 -0.5004095 -0.17710572 0.20229048
seq13/frame00190.png -20.485147 29.874826 2.3587625 0.8320238 -0.49502304 -0.17629078 0.1777924
seq13/frame00191.png -19.855768 30.368483 2.5923212 0.8145484 -0.5172255 -0.17302871 0.19761026
seq13/frame00192.png -19.272741 30.984472 2.5826466 0.8128709 -0.52254045 -0.17072605 0.19247054
seq13/frame00193.png -18.933973 31.302572 2.4744012 0.8119058 -0.53381246 -0.15732136 0.1763609
seq13/frame00194.png -18.418337 31.71972 2.4232013 0.8155996 -0.5368456 -0.14744496 0.15765189
seq13/frame00195.png -17.728167 32.275433 2.4557018 0.82005143 -0.5495032 -0.11889445 0.10689253
seq13/frame00196.png -17.12393 32.61269 2.5743144 0.82061774 -0.54412824 -0.13308538 0.113134585
seq13/frame00197.png -16.408762 32.92719 2.7327359 0.7803981 -0.5976656 -0.1514151 0.1041542
seq13/frame00198.png -15.785341 33.42302 2.9417877 0.75703394 -0.61224663 -0.19555952 0.11751633
seq13/frame00199.png -15.171366 33.52828 2.9479866 0.7373934 -0.6346497 -0.20373248 0.10937884
seq13/frame00200.png -14.586935 34.055134 2.9243174 0.7530144 -0.6286107 -0.17313084 0.088563636
seq13/frame00201.png -13.949511 34.33609 2.818289 0.7640473 -0.62687474 -0.13286276 0.074882075
seq13/frame00202.png -13.397585 34.803 2.9426463 0.76643604 -0.6288168 -0.11707015 0.058820017
seq13/frame00203.png -12.546846 34.556965 2.7488666 0.7853111 -0.60988307 -0.09225449 0.053085808
seq13/frame00204.png -12.060717 34.629494 2.7434862 0.8086262 -0.58684766 -0.03336932 0.024898345
seq13/frame00205.png -11.14468 34.69312 2.5752034 0.8239816 -0.56541204 -0.018345047 0.032047205
seq13/frame00206.png -10.623056 34.570415 2.592971 0.81423897 -0.58042365 0.007106087 -0.008526837
seq13/frame00207.png -9.912043 34.58245 2.3886452 0.8207348 -0.57067347 -0.020890277 -0.017024029
seq13/frame00208.png -9.56201 34.116516 2.543769 0.81048495 -0.58480155 -0.031466037 0.011449271
seq13/frame00209.png -9.212343 33.7232 2.2715423 0.8258072 -0.55919725 -0.056051876 0.046895668
seq13/frame00210.png -8.576729 33.40328 1.7423651 0.82967514 -0.55752856 -0.02654055 -0.009831958
seq13/frame00211.png -8.1852665 32.764744 2.03342 0.8247671 -0.56478125 -0.014561152 -0.02385779
seq13/frame00212.png -7.9451065 32.116543 2.0559516 0.8361532 -0.54782754 0.0044415444 -0.026700865
seq13/frame00213.png -7.2895985 31.809435 2.500012 0.82485557 -0.5646886 0.019791236 -0.018662032
seq13/frame00214.png -6.7123184 31.518923 2.4593577 0.8224904 -0.567596 0.027857287 -0.023837512
seq13/frame00215.png -6.174986 31.11482 2.3796043 0.8212988 -0.56574166 0.057127777 -0.046271164
seq13/frame00216.png -5.542534 30.766352 2.328423 0.81792474 -0.57478124 -0.007231047 -0.023946486
seq13/frame00217.png -5.0121727 30.558573 2.3734221 0.80853736 -0.5881257 -0.011037285 -0.015926257
seq13/frame00218.png -0.050287247 27.314772 1.9594584 0.7999417 -0.59983045 -0.014829537 -0.008760907
seq13/frame00219.png 0.5918865 25.89855 1.4279099 0.7878212 -0.6152703 -0.026836934 0.007735458
seq13/frame00220.png 1.2564316 23.487906 1.4605839 0.79757315 -0.6030762 -0.011957538 -0.005747591
seq13/frame00221.png -2.5012817 29.399935 2.212182 0.81486154 -0.5765929 -0.049481116 0.03305954
seq13/frame00222.png -1.7746449 29.32804 2.1717737 0.81999433 -0.5697785 -0.031094426 0.04466294
seq13/frame00223.png -1.1363583 29.063566 2.3170319 0.8183052 -0.57106066 -0.050529044 0.041388825
seq13/frame00224.png 3.4322205 25.607523 1.9367003 0.8138758 -0.58101636 -0.0022688753 0.0045732902
seq13/frame00225.png 3.5389538 24.66494 2.029838 0.81921846 -0.5733081 0.009936835 -0.010001119
seq13/frame00226.png 3.991642 24.548594 2.023479 0.8130379 -0.58045185 0.01606299 -0.04227149
seq13/frame00227.png 5.6533003 24.661749 1.9070721 0.8086671 -0.5866077 0.010739077 -0.042819913
seq13/frame00228.png 6.2440367 24.671652 1.6804359 0.81938285 -0.5702483 0.019864578 -0.05508027
seq13/frame00229.png 3.340664 27.545603 1.9632478 0.82692736 -0.5617583 -0.006314612 -0.024059707
seq13/frame00230.png 3.8825493 27.148394 1.9913688 0.8302832 -0.5560246 -0.03595307 -0.013179101
seq13/frame00231.png 4.6466074 26.811558 1.9201133 0.82994354 -0.5565774 -0.030169139 0.022475846
seq13/frame00232.png 5.3450947 26.61746 1.7954154 0.83123726 -0.5541755 0.040528283 -0.01707477
seq13/frame00233.png 5.846591 26.101086 1.6675799 0.83658826 -0.5453357 0.03410684 -0.039569322
seq13/frame00234.png 6.989296 25.910564 1.738553 0.8331263 -0.54941213 0.060000937 -0.021134853
seq13/frame00235.png 7.3004284 25.319448 1.5087156 0.8458572 -0.52895355 0.06188786 -0.030059867
seq13/frame00236.png 7.9938736 25.07847 1.5977192 0.8428853 -0.53211766 0.06950828 -0.039543346
seq13/frame00237.png 8.49824 24.796484 1.5204697 0.83857673 -0.5362932 0.089855485 -0.033236586
seq13/frame00238.png 9.035742 23.927568 1.4130569 0.8622952 -0.5020769 0.053157613 -0.03924253
seq13/frame00239.png 9.357088 23.240078 1.6157165 0.8829006 -0.46837562 0.02319236 -0.023931181
seq13/frame00240.png 10.645326 23.433466 1.9491773 0.8793212 -0.4734586 0.033970706 -0.038432285
seq13/frame00241.png 10.5648775 22.50761 1.7416377 0.8890317 -0.45612162 0.026722144 -0.029352233
seq13/frame00242.png 11.035642 22.365984 1.5536566 0.8597037 -0.50952685 0.023022648 -0.02759934
seq13/frame00243.png 11.497725 21.475374 1.3339818 0.81580627 -0.5742434 0.022690928 -0.064729035
seq13/frame00244.png 12.30333 21.170946 1.4431982 0.8172932 -0.5752094 0.008725399 -0.033011988
seq13/frame00245.png 12.747294 20.511763 1.3235946 0.7993486 -0.60011697 0.014267048 -0.026416842
seq13/frame00246.png 12.990352 19.808664 1.1335409 0.7959567 -0.60468405 -0.026796486 0.009591666
seq13/frame00247.png 13.963641 19.559671 1.2703934 0.7856267 -0.61810774 -0.025627818 -0.008755545
seq13/frame00248.png 14.331618 19.00958 1.3360901 0.7975416 -0.60208946 0.012313895 -0.03555197
seq13/frame00249.png 15.320951 18.674952 1.2672131 0.77587855 -0.60390526 0.12136 -0.1363183
seq13/frame00250.png 12.961624 19.863249 1.1993184 0.71138364 -0.6098632 0.22761983 -0.26493233
seq13/frame00251.png 13.943171 18.582842 0.98035634 0.6762705 -0.5572472 0.30453897 -0.37334928
seq13/frame00252.png 15.795548 14.409256 0.7574973 0.6326709 -0.5228234 0.3784231 -0.42799434
seq13/frame00253.png 11.837031 16.283262 1.1701255 0.6564454 -0.5212069 0.3558091 -0.41330692
seq13/frame00254.png 16.076744 15.948324 1.0679775 0.65617245 -0.48119113 0.38817772 -0.4326786
seq13/frame00255.png 16.43864 14.756983 0.85959363 0.6640002 -0.42621145 0.39186373 -0.47317037
seq13/frame00256.png 16.989162 14.485693 0.80927587 0.67594117 -0.4350843 0.3691346 -0.46641695
seq13/frame00257.png 14.127495 16.593487 0.6989784 0.70822966 -0.47580433 0.32806155 -0.40545848
seq13/frame00258.png 14.141276 16.111185 0.9524876 0.72160816 -0.49067512 0.30309188 -0.38295543
seq13/frame00259.png 13.743561 15.203857 0.51755905 0.7426695 -0.48886815 0.30287614 -0.34309763
seq13/frame00260.png 14.681675 14.400274 0.36008275 0.7491688 -0.4633186 0.2929323 -0.3718504
seq13/frame00261.png 19.169205 11.415448 0.33082557 0.8004511 -0.4847508 0.19263259 -0.2952751
seq13/frame00262.png 19.719425 10.980474 0.21118784 0.81493896 -0.49804226 0.15036325 -0.25538087
seq13/frame00263.png 20.154621 10.332941 0.3486662 0.7739023 -0.5468646 0.1910697 -0.25594282
seq13/frame00264.png 20.509556 9.897902 0.14952004 0.7778911 -0.5418423 0.17924753 -0.26298794
seq13/frame00265.png 20.687279 9.692787 0.20058215 0.7549914 -0.55929947 0.2015702 -0.27666134
seq13/frame00266.png 21.323475 9.165165 0.28650546 0.73930675 -0.5631138 0.21758202 -0.2983058
seq13/frame00267.png 21.286953 9.367222 0.32915425 0.7250737 -0.56963557 0.2443476 -0.30012918
seq13/frame00268.png 22.432524 8.833697 0.2728703 0.713992 -0.56423664 0.2644491 -0.31924757
seq13/frame00269.png 23.04923 8.785578 0.39670897 0.7013139 -0.5697105 0.28886947 -0.31645393
seq13/frame00270.png 18.152828 10.075178 0.82383347 0.68383604 -0.5628772 0.3293094 -0.32725027
seq13/frame00271.png 24.084808 9.012865 0.46237385 0.73726237 -0.5441402 0.28623435 -0.28004572
seq13/frame00272.png 25.064945 8.388211 0.08192247 0.7471656 -0.5150545 0.28920615 -0.30466717
seq13/frame00273.png 26.108269 7.8832054 -0.04889095 0.74710774 -0.49460188 0.2837392 -0.34160066
seq13/frame00274.png 26.945847 7.830038 0.17423272 0.76960874 -0.48660836 0.27871755 -0.30533764
seq13/frame00275.png 27.498634 7.6549034 -0.052078247 0.76435435 -0.4932262 0.2921335 -0.2952089
seq13/frame00276.png 28.149048 7.4902573 -0.17465371 0.7597717 -0.4924251 0.3055997 -0.29474267
seq13/frame00277.png 28.930359 7.181403 -0.30357134 0.76683486 -0.5002956 0.2817936 -0.2868116
seq13/frame00278.png 29.322384 6.3889446 -0.093695045 0.72426003 -0.5334668 0.29353493 -0.32357034
seq13/frame00279.png 30.000044 6.438512 -0.2581678 0.7151408 -0.52340037 0.31046823 -0.34385312
seq13/frame00280.png 30.62157 5.5904617 0.06587809 0.69019926 -0.5336389 0.32246393 -0.3672484
seq13/frame00281.png 31.262497 5.175559 -0.23652679 0.6957005 -0.5138341 0.34656465 -0.36313656
seq13/frame00282.png 31.859287 4.6913805 -0.32567966 0.67728317 -0.5109839 0.36653277 -0.38188565
seq13/frame00283.png 32.376587 4.0884314 -0.38915294 0.6825565 -0.47732505 0.38227314 -0.40018076
seq13/frame00284.png 33.272324 3.954489 -0.3144722 0.67164665 -0.50290626 0.37849423 -0.3907917
seq13/frame00285.png 33.298004 2.8821752 -0.16975689 0.65699214 -0.5385573 0.36852273 -0.3775026
seq13/frame00286.png 33.924366 2.4654262 -0.24236196 0.65542585 -0.50836426 0.38910067 -0.4007285
seq13/frame00287.png 34.290104 1.8436449 -0.32797372 0.67252684 -0.47554347 0.3798595 -0.42103782
seq13/frame00288.png 34.593422 1.039921 -0.74131435 0.64566386 -0.50436723 0.36643082 -0.44097647
seq13/frame00289.png 34.814293 0.5169418 -0.44800788 0.6182911 -0.5117502 0.4005791 -0.44200012
seq13/frame00290.png 34.647167 -0.32792544 -0.6169813 0.6182989 -0.5161215 0.38635647 -0.44950384
seq13/frame00291.png 34.779953 -1.0383251 -0.5563455 0.6097783 -0.5221193 0.4088691 -0.43403667
seq13/frame00292.png 34.408653 -2.8917024 -0.6773026 0.58589154 -0.5175655 0.4214902 -0.4595684
seq13/frame00293.png 30.085838 -1.9590476 -0.24881303 0.5183771 -0.49809456 0.47601032 -0.50655806
seq13/frame00294.png 35.249603 -3.9595373 -0.7656567 0.57787794 -0.50993633 0.42320976 -0.47635642
seq13/frame00295.png 32.131325 -1.1612737 -0.19729072 0.5525719 -0.5141448 0.4352415 -0.4907995
seq13/frame00296.png 33.649033 -5.105507 -0.7817638 0.54665107 -0.50221896 0.4384909 -0.50663054
seq13/frame00297.png 33.506416 -6.3986063 -0.80810976 0.5246164 -0.4954677 0.45931035 -0.5179994
seq13/frame00298.png 32.721184 -6.875209 -0.8509824 0.5272885 -0.4962138 0.45706645 -0.5165549
seq13/frame00299.png 32.044914 -6.836685 -1.000907 0.55601156 -0.4916066 0.44553468 -0.50067246
seq13/frame00300.png 26.376833 -3.7415128 -0.09802574 -0.46377385 0.47226545 -0.51993054 0.53995496
seq13/frame00301.png 31.248402 -7.911008 -1.0348961 0.537267 -0.50325006 0.44480315 -0.51013094
seq13/frame00302.png 30.527355 -8.289627 -0.88873154 -0.52331567 0.4671292 -0.4752713 0.5310821
seq13/frame00303.png 29.596027 -8.47877 -0.9376708 0.52589613 -0.46898845 0.47835243 -0.524082
seq13/frame00304.png 29.039906 -8.921835 -0.85066503 0.535218 -0.47478136 0.4739572 -0.5133116
seq13/frame00305.png 29.04067 -9.91216 -0.94616777 0.53804016 -0.4888209 0.45267427 -0.51638436
seq13/frame00306.png 27.716007 -5.822271 -0.23150927 -0.49967843 0.43380517 -0.52648336 0.53380686
seq13/frame00307.png 27.825851 -9.401609 -1.1475909 0.54042876 -0.47989234 0.44459018 -0.52913105
seq13/frame00308.png 26.35602 -8.394827 -1.2429506 0.5797277 -0.44152963 0.40855137 -0.54959357
seq13/frame00309.png 25.915096 -8.85207 -1.4083052 -0.5809766 0.36790586 -0.3577812 0.6317468
seq13/frame00310.png 25.90366 -9.337617 -1.4353085 -0.5662822 0.31873766 -0.34197432 0.67881095
seq13/frame00311.png 26.809855 -10.545715 -1.316912 -0.5564296 0.27668014 -0.3115546 0.71886563
seq13/frame00312.png 27.711142 -10.572667 -1.2026812 -0.5386578 0.27027443 -0.29398468 0.74187094
seq13/frame00313.png 26.339458 -12.6768675 -1.5810205 -0.4881444 0.24485838 -0.33785823 0.766558
seq13/frame00314.png 27.807198 -13.424457 -1.4560606 -0.48882866 0.21505158 -0.37383437 0.75831866
seq13/frame00315.png 29.340939 -7.143569 -1.307102 -0.5270529 0.23100261 -0.38933092 0.7192179
seq13/frame00316.png 27.132498 -12.1352825 -1.7752352 -0.49569494 0.22027816 -0.40438542 0.73636705
seq13/frame00317.png 17.07409 -22.669004 -2.587408 -0.49729258 0.3056137 -0.4236566 0.6926871
seq13/frame00318.png 17.976707 -20.034063 -1.9526007 -0.3696955 0.19071098 -0.48886448 0.76678944
seq13/frame00319.png 18.821873 -21.235897 -2.1811733 -0.31615037 0.22503743 -0.52766305 0.75563145
seq13/frame00320.png 24.485554 -15.589647 -1.5885065 -0.32031015 0.24438764 -0.5775911 0.7099751
seq13/frame00321.png 23.5533 -16.814058 -1.6804156 -0.26675737 0.20270231 -0.6015959 0.72514457
seq13/frame00322.png 23.542997 -17.375395 -1.7604108 -0.2432215 0.20201658 -0.6217508 0.7165602
seq13/frame00323.png 23.21133 -18.318817 -1.7524446 -0.21917172 0.19334736 -0.63432723 0.7156881
seq13/frame00324.png 22.605877 -18.92146 -1.7477977 -0.17403318 0.18322909 -0.6492662 0.71735126
seq13/frame00325.png 22.74803 -19.55882 -1.8157887 -0.16522276 0.18169044 -0.6493811 0.71971816
seq13/frame00326.png 21.506817 -20.136946 -1.767106 -0.13920581 0.120991655 -0.65499985 0.73277414
seq13/frame00327.png 21.211224 -20.732914 -1.9284216 -0.13488454 0.13696657 -0.64026976 0.74370754
seq13/frame00328.png 21.04337 -21.128447 -1.8410426 -0.12122373 0.118513964 -0.63962835 0.74975646
seq13/frame00329.png 20.533367 -21.739895 -1.9091775 -0.10499937 0.12320752 -0.6345286 0.755757
seq13/frame00330.png 19.987768 -22.220789 -1.8119161 -0.06658329 0.097972855 -0.6219549 0.7740414
seq13/frame00331.png 19.36496 -22.555029 -1.9527104 -0.1195368 0.11245208 -0.6003782 0.782695
seq13/frame00332.png 18.658092 -23.11651 -2.0370026 -0.07924184 0.103126906 -0.61846495 0.7749753
seq13/frame00333.png 18.491383 -23.634096 -2.0346289 -0.10060633 0.102587774 -0.6009985 0.78622824
seq13/frame00334.png 18.13034 -24.199823 -2.0231166 -0.07486035 0.08779293 -0.60094255 0.79092115
seq13/frame00335.png 17.770033 -24.79215 -1.915544 -0.072001785 0.07854753 -0.6045524 0.78940636
seq13/frame00336.png 17.11927 -25.003763 -2.2324343 -0.07117036 0.07190739 -0.6202089 0.7778849
seq13/frame00337.png 16.692848 -25.493692 -1.9124122 -0.1033603 0.07803765 -0.60511035 0.7855368
seq13/frame00338.png 16.092178 -25.804705 -2.1707704 -0.10152026 0.07908113 -0.58697224 0.7993143
seq13/frame00339.png 15.070854 -26.042671 -2.4710603 -0.11011375 0.05140254 -0.567399 0.8144268
seq13/frame00340.png 14.64175 -26.458132 -2.2792704 -0.107897475 0.07981176 -0.5672706 0.81252223
seq13/frame00341.png 14.184995 -26.658905 -2.1858413 -0.06086651 0.04407393 -0.5916904 0.80265504
seq13/frame00342.png 13.33799 -26.47732 -2.2209737 -0.01240714 0.04193016 -0.59617215 0.8016649
seq13/frame00343.png 13.601766 -26.863947 -2.0652897 0.015908396 0.004940538 -0.5844601 0.81125146
seq13/frame00344.png 12.452526 -26.44297 -2.2006824 0.001045724 0.027981669 -0.59548736 0.80287653
seq13/frame00345.png 11.967878 -26.043497 -2.1402829 0.018631525 -0.0018649555 -0.6072788 0.7942681
seq13/frame00346.png 11.532967 -25.717262 -2.1840065 0.026087603 0.006878088 -0.61659884 0.78681505
seq13/frame00347.png 11.191599 -25.583963 -2.0555305 0.02308243 0.023638925 -0.6260908 0.7790498
seq13/frame00348.png 11.103203 -25.411549 -1.9874722 0.038201295 0.00403976 -0.65612966 0.75366974
seq13/frame00349.png 10.978062 -25.39592 -2.0154576 0.03638002 0.009899767 -0.65832996 0.7517846
seq13/frame00350.png 11.055456 -25.383173 -1.9639798 0.038031735 0.020394204 -0.6666713 0.74410146
seq3/frame00001.png 15.166375 -33.655045 -2.625896 -0.10859793 0.07227127 -0.6475035 0.75081456
seq3/frame00002.png 15.184499 -33.643932 -2.7104337 -0.10991573 0.0716773 -0.6444955 0.75326383
seq3/frame00003.png 15.205555 -33.587025 -2.6832256 -0.111159794 0.07133573 -0.6387075 0.75802857
seq3/frame00004.png 15.045727 -33.719444 -2.760994 -0.10546606 0.068554886 -0.60750884 0.7842896
seq3/frame00005.png 14.788484 -33.78111 -2.7885876 -0.099384695 0.062581606 -0.5483328 0.8279718
seq3/frame00006.png 14.831118 -33.530796 -2.610365 -0.10113636 0.061105754 -0.4973481 0.8594663
seq3/frame00007.png 15.29734 -33.693787 -2.4935925 -0.10375276 0.062387586 -0.46505377 0.8769653
seq3/frame00008.png 15.095762 -33.44007 -2.643445 -0.10005899 0.056322053 -0.44682196 0.88722384
seq3/frame00009.png 14.699493 -33.58261 -2.7155795 -0.11136731 0.05498006 -0.48554006 0.8653469
seq3/frame00010.png 14.920438 -33.549603 -2.8960638 -0.16348808 0.10726921 -0.5482799 0.81311387
seq3/frame00011.png 14.556649 -33.22399 -2.674362 -0.20281628 0.1662196 -0.5981555 0.75726247
seq3/frame00012.png 14.469632 -33.49679 -2.5740821 -0.2283658 0.20697404 -0.628329 0.7142922
seq3/frame00013.png 14.289922 -33.465324 -2.4397738 -0.16497196 0.14812705 -0.65114033 0.7258504
seq3/frame00014.png 14.868561 -33.134884 -2.4744198 -0.037543286 0.05432051 -0.67707044 0.7329498
seq3/frame00015.png 14.649022 -32.78851 -2.222602 0.013007049 -0.006635556 -0.6731773 0.7393369
seq3/frame00016.png 14.816775 -32.609615 -2.6551142 -0.012013356 0.0139002465 -0.65192944 0.7580571
seq3/frame00017.png 15.330204 -32.25307 -2.5295782 -0.046081785 0.01682247 -0.6239423 0.7799291
seq3/frame00018.png 15.696096 -31.854895 -2.4958081 -0.11202289 0.036874454 -0.6020592 0.7896935
seq3/frame00019.png 16.004364 -31.42762 -2.6154625 -0.17361434 0.1135764 -0.5753905 0.79112834
seq3/frame00020.png 16.112354 -30.721735 -2.482727 -0.2344472 0.10993885 -0.48313838 0.83637625
seq3/frame00021.png 14.974553 -31.98129 -3.2803593 -0.39032805 0.14122377 -0.41510102 0.8095622
seq3/frame00022.png 17.089338 -29.700872 -2.5249872 -0.267766 0.12506291 -0.45228776 0.8414846
seq3/frame00023.png 15.035875 -31.559666 -3.0321772 -0.38895804 0.15055938 -0.4058279 0.81323254
seq3/frame00024.png 17.847443 -28.529633 -2.2039123 -0.2582487 0.15419035 -0.467919 0.8310143
seq3/frame00025.png 18.622288 -28.162447 -2.3069353 -0.2900957 0.19888288 -0.54105955 0.7639009
seq3/frame00026.png 18.44671 -27.951502 -2.154085 -0.2551453 0.20558982 -0.60132504 0.72872615
seq3/frame00027.png 18.680487 -27.709282 -2.1913617 -0.2647708 0.18307838 -0.6110546 0.7231811
seq3/frame00028.png 19.644077 -27.1498 -2.3040376 -0.30097273 0.22076409 -0.57372445 0.72905344
seq3/frame00029.png 20.85697 -26.121943 -2.2173364 -0.2986086 0.21227925 -0.55303925 0.74827665
seq3/frame00030.png 21.287638 -25.7549 -2.2536438 -0.29511896 0.22969387 -0.5509485 0.7460571
seq3/frame00031.png 22.014908 -25.53188 -2.287287 -0.30626944 0.21647932 -0.548928 0.74700314
seq3/frame00032.png 22.575047 -24.95772 -2.191842 -0.31218767 0.24657564 -0.53425384 0.74586344
seq3/frame00033.png 23.264116 -24.518715 -2.1342344 -0.34393877 0.24597321 -0.5211881 0.7413273
seq3/frame00034.png 23.819067 -23.635315 -2.0920901 -0.29355255 0.25514516 -0.5915476 0.70625716
seq3/frame00035.png 23.831593 -23.426039 -2.1170325 -0.3114489 0.23508918 -0.5724322 0.72114766
seq3/frame00036.png 24.35442 -23.149302 -2.28606 -0.30039492 0.204654 -0.5366633 0.7614933
seq3/frame00037.png 24.045216 -23.34279 -2.2936146 -0.30470315 0.15841256 -0.4848487 0.8043526
seq3/frame00038.png 24.788116 -23.316864 -2.3628466 -0.33719116 0.14351737 -0.41719133 0.8316587
seq3/frame00039.png 26.214691 -23.787428 -2.401137 -0.36031237 0.13430959 -0.375762 0.84317195
seq3/frame00040.png 26.124676 -23.539307 -2.3194518 -0.37422025 0.12604786 -0.35460168 0.84754276
seq3/frame00041.png 26.641285 -23.569899 -2.2573972 -0.38809124 0.13453531 -0.36310259 0.8363265
seq3/frame00042.png 25.664013 -23.433271 -2.2106087 -0.38858452 0.13915774 -0.3790142 0.82824236
seq3/frame00043.png 24.168707 -23.048521 -2.2214878 -0.40497917 0.1963202 -0.41268393 0.7919231
seq3/frame00044.png 23.769016 -23.871866 -2.3189044 -0.41302344 0.25376266 -0.49672034 0.71992016
seq3/frame00045.png 23.540352 -24.473015 -2.4078586 -0.30348033 0.17567192 -0.57501924 0.7391832
seq3/frame00046.png 20.594524 -28.630892 -2.2399364 -0.33398822 0.25327137 -0.6034971 0.67830426
seq3/frame00047.png 23.93064 -23.143179 -2.013975 -0.3684192 0.2945122 -0.58691365 0.6580746
seq3/frame00048.png 24.49826 -22.78945 -2.0184247 -0.26599985 0.22441156 -0.6308365 0.6934903
seq3/frame00049.png 23.866459 -23.169485 -1.9924536 -0.15730156 0.13649067 -0.6643287 0.71783966
seq3/frame00050.png 23.408794 -23.228472 -2.0120122 -0.123397924 0.10560486 -0.67343813 0.7211806
seq3/frame00051.png 18.128431 -28.837301 -1.6922076 -0.08520987 0.10509723 -0.67674124 0.7236816
seq3/frame00052.png 23.788328 -23.301653 -1.9252652 -0.12871914 0.08235711 -0.6536974 0.74116695
seq3/frame00053.png 23.570206 -22.97232 -2.0446887 -0.18853024 0.108106405 -0.6388814 0.7379701
seq3/frame00054.png 24.374096 -22.179483 -1.99111 -0.2529468 0.16117229 -0.61277425 0.73112863
seq3/frame00055.png 24.021145 -21.635685 -1.8790278 -0.25295624 0.15436958 -0.6228919 0.7240088
seq3/frame00056.png 24.933533 -20.775175 -1.9579098 -0.3161667 0.214553 -0.580999 0.7186415
seq3/frame00057.png 25.274303 -20.154003 -2.0109692 -0.3970989 0.24321778 -0.53374094 0.7058882
seq3/frame00058.png 25.728886 -19.768158 -1.9094956 -0.42918748 0.2781059 -0.4919166 0.70460856
seq3/frame00059.png 25.734531 -19.391634 -2.07927 -0.45511883 0.2723016 -0.46086723 0.7115616
seq3/frame00060.png 26.87859 -18.835165 -2.3181908 -0.47342342 0.292698 -0.43436137 0.7081867
seq3/frame00061.png 26.709587 -18.872421 -2.3322275 -0.45023763 0.26114446 -0.47086468 0.7123034
seq3/frame00062.png 26.877396 -17.144554 -2.0739105 -0.42700195 0.27272373 -0.4820411 0.7147919
seq3/frame00063.png 27.338669 -15.98453 -1.8973271 -0.40955508 0.27849716 -0.48278955 0.7222314
seq3/frame00064.png 27.559942 -15.637081 -1.7988815 -0.39980346 0.28680247 -0.50251245 0.71090275
seq3/frame00065.png 27.81819 -15.029595 -1.8498117 -0.4287622 0.29118216 -0.49868742 0.69475657
seq3/frame00066.png 28.125252 -14.837231 -1.8027312 -0.46786425 0.30514526 -0.4901571 0.6691303
seq3/frame00067.png 28.161451 -13.808604 -1.9099181 -0.45609626 0.34736353 -0.46953195 0.671457
seq3/frame00068.png 28.469543 -13.432996 -1.8571897 -0.50199413 0.32838657 -0.42006627 0.68096143
seq3/frame00069.png 28.7034 -12.349954 -1.8699906 -0.50643617 0.3643633 -0.41836312 0.66010153
seq3/frame00070.png 28.830101 -11.903862 -1.7539085 -0.5163951 0.3431084 -0.40025944 0.67483705
seq3/frame00071.png 28.891827 -11.2625065 -1.7493784 -0.55910504 0.35069543 -0.38019925 0.6479682
seq3/frame00072.png 28.67186 -10.819699 -1.5203073 -0.57562387 0.35209844 -0.35562032 0.64669776
seq3/frame00073.png 29.097794 -10.1446295 -1.4529605 -0.59559333 0.3638448 -0.33950013 0.63057524
seq3/frame00074.png 28.802841 -9.8796625 -1.3082488 -0.5802563 0.3801555 -0.346969 0.63118696
seq3/frame00075.png 28.620848 -9.516722 -1.3790181 -0.5723776 0.37750608 -0.3645649 0.6300519
seq3/frame00076.png 28.31555 -7.819766 -1.3678491 0.6029454 -0.3959873 0.35583237 -0.59416693
seq3/frame00077.png 28.786827 -7.557248 -1.3345807 0.61585826 -0.3778443 0.39752305 -0.5656215
seq3/frame00078.png 28.834095 -7.0207257 -1.1524432 0.6261934 -0.40469372 0.40482584 -0.52935886
seq3/frame00079.png 28.666754 -6.391098 -1.0967655 0.62482625 -0.48041132 0.41251558 -0.45675802
seq3/frame00080.png 33.88634 -7.3424397 -0.9950883 0.6102873 -0.52216643 0.40979743 -0.432386
seq3/frame00081.png 29.983982 -6.5723305 -1.0350219 0.59239846 -0.52220196 0.41591284 -0.4509829
seq3/frame00082.png 26.92604 -6.2422504 -0.8572192 -0.47312218 0.44837517 -0.50702673 0.56394947
seq3/frame00083.png 28.662884 -5.0418086 -1.0175092 -0.47470802 0.3984112 -0.541498 0.56806755
seq3/frame00084.png 29.173883 -5.606697 -1.2354664 -0.47703195 0.3681481 -0.5248322 0.6012143
seq3/frame00085.png 28.75429 -10.534405 -1.2659035 -0.4932065 0.30958065 -0.47749555 0.6579553
seq3/frame00086.png 30.68843 -12.844877 -1.3867903 -0.46813148 0.28380013 -0.51048136 0.66311324
seq3/frame00087.png 28.96114 -9.106949 -1.0362562 -0.5545225 0.34021795 -0.46332347 0.6017373
seq3/frame00088.png 30.31869 -5.6808596 -1.1636059 -0.6147738 0.32784802 -0.36633432 0.61673975
seq3/frame00089.png 29.74219 -4.6074686 -1.1581682 0.70397794 -0.2754218 0.29228523 -0.58577067
seq3/frame00090.png 32.089317 -5.217992 -1.1261764 0.71580917 -0.26431164 0.29830515 -0.57338524
seq3/frame00091.png 32.020416 -5.241152 -1.1423622 0.7205367 -0.26546296 0.2965326 -0.5678244
seq3/frame00092.png 29.328121 -4.8913007 -0.5590569 0.6959359 -0.36370185 0.29470158 -0.54455954
seq3/frame00093.png 28.784607 -5.178993 -1.059085 0.67495495 -0.4596321 0.31960484 -0.48065254
seq3/frame00094.png 28.555319 -5.2684574 -1.0483849 0.65298486 -0.52610344 0.34259817 -0.42361826
seq3/frame00095.png 28.492619 -5.280759 -0.95983267 0.6421537 -0.5404799 0.35877225 -0.4084147
seq3/frame00096.png 28.962086 -5.4793043 -0.97220075 0.6310272 -0.5337835 0.38131022 -0.4141042
seq3/frame00097.png 30.271294 -6.880968 -0.92008007 0.5674194 -0.4767634 0.45518506 -0.49349612
seq3/frame00098.png 26.329435 -6.9919014 -0.9453027 -0.4647645 0.43112913 -0.5177575 0.5744987
seq5/frame00001.png 33.365437 -12.656327 -1.129838 -0.3875545 0.3647187 -0.5884936 0.6086518
seq5/frame00002.png 33.508442 -11.493495 -0.9667933 -0.40432277 0.37866268 -0.57401013 0.603034
seq5/frame00003.png 33.496048 -11.638247 -0.9766101 -0.40100494 0.37412715 -0.5761527 0.6060297
seq5/frame00004.png 9.633585 -30.527908 -2.1047702 -0.37137693 0.4049013 -0.55008096 0.6289237
seq5/frame00005.png 11.788183 -27.81706 -2.0655637 -0.40657288 0.40154606 -0.5402888 0.61769515
seq5/frame00006.png 29.771341 -10.300986 -0.97313356 -0.33391887 0.35519448 -0.6146871 0.6200764
seq5/frame00007.png 15.433056 -22.356615 -1.8773249 -0.43881145 0.3917957 -0.54592633 0.5965778
seq5/frame00008.png 31.685566 -10.599726 -1.0969979 -0.36576965 0.3356759 -0.5918006 0.635064
seq5/frame00009.png 31.19489 -12.019 -1.2595079 -0.3802201 0.34934178 -0.5816846 0.6285189
seq5/frame00010.png 30.15728 -11.553902 -1.1692083 -0.4175509 0.34910867 -0.5457589 0.6371197
seq5/frame00011.png 29.617916 -11.396848 -1.2133715 -0.44200787 0.35772344 -0.53155845 0.6277807
seq5/frame00012.png 28.592237 -12.210386 -1.2429981 -0.4061846 0.30315015 -0.5661485 0.6500691
seq5/frame00013.png 28.163343 -11.514771 -1.2233381 -0.42207405 0.313773 -0.5573944 0.64242625
seq5/frame00014.png 19.508766 -10.865013 -1.4329246 -0.39221725 0.32171994 -0.5553843 0.6589463
seq5/frame00015.png 19.508745 -10.422664 -1.1948528 -0.43236524 0.33965597 -0.5485824 0.62988204
seq5/frame00016.png 26.681498 -10.804524 -1.2153175 -0.4269607 0.31875238 -0.5300765 0.6596365
seq5/frame00017.png 25.966564 -10.784253 -1.2931801 -0.4351228 0.30891907 -0.5245827 0.66336274
seq5/frame00018.png 26.025314 -9.767974 -1.153407 -0.50739026 0.3666663 -0.4757096 0.61790884
seq5/frame00019.png 25.847504 -10.150908 -1.2040747 -0.5511555 0.39436585 -0.4487234 0.582538
seq5/frame00020.png 27.189417 -10.831508 -1.0287178 0.5726494 -0.4366214 0.43418357 -0.54122
seq5/frame00021.png 26.011135 -10.323426 -1.0228183 0.59887815 -0.47419903 0.40957847 -0.49872395
seq5/frame00022.png 25.911343 -10.349708 -0.9535594 0.59857947 -0.49538934 0.41072905 -0.47706765
seq5/frame00023.png 25.135681 -10.022103 -0.9818212 0.63349015 -0.48597115 0.36310574 -0.48028788
seq5/frame00024.png 24.703804 -10.607734 -1.3391669 0.6366296 -0.40597382 0.36727026 -0.5431395
seq5/frame00025.png 23.996696 -10.635529 -1.2865629 0.6584617 -0.36387292 0.3301814 -0.57009196
seq5/frame00026.png 24.626863 -12.211239 -1.6969236 -0.58731014 0.36088273 -0.37242875 0.6213914
seq5/frame00027.png 23.503742 -12.05419 -1.3658901 -0.60177016 0.34736738 -0.36827207 0.617725
seq5/frame00028.png 22.877714 -12.350254 -1.37815 -0.5878857 0.34544978 -0.37829712 0.626056
seq5/frame00029.png 22.441217 -12.542315 -1.611426 -0.58898795 0.34838727 -0.3853827 0.6190312
seq5/frame00030.png 21.483833 -12.423458 -1.6670475 -0.5947144 0.3756361 -0.38919663 0.594759
seq5/frame00031.png 21.306143 -13.191025 -1.6048439 -0.579367 0.38363177 -0.39124453 0.60339725
seq5/frame00032.png 20.93388 -13.645156 -1.7766838 -0.5786895 0.37736887 -0.4018101 0.60104895
seq5/frame00033.png 20.774477 -14.348501 -1.5818202 -0.5533202 0.36669275 -0.41538608 0.62195456
seq5/frame00034.png 20.458038 -14.913813 -1.6213627 -0.5319907 0.36544523 -0.4501697 0.6170761
seq5/frame00035.png 20.367342 -15.385427 -1.7086357 -0.5119562 0.36985675 -0.4598228 0.62423533
seq5/frame00036.png 20.089226 -15.851666 -1.6849923 -0.48467645 0.3647596 -0.4915176 0.62485963
seq5/frame00037.png 17.41881 -14.268698 -2.0969396 -0.47698215 0.303549 -0.43594965 0.70020986
seq5/frame00038.png 26.058353 -15.385245 -0.84926456 -0.46408743 0.3596341 -0.55084395 0.5931755
seq5/frame00039.png 24.622395 -14.345051 -1.8682024 -0.39138514 0.28883296 -0.534307 0.69130975
seq5/frame00040.png 23.558214 -14.797447 -1.8078291 -0.3608407 0.27235925 -0.5402608 0.70974123
seq5/frame00041.png 23.889486 -15.876541 -2.0763595 -0.33747923 0.29312107 -0.57033783 0.68913174
seq5/frame00042.png 17.446827 -23.648499 -2.0725727 -0.27657065 0.30681658 -0.6338945 0.653873
seq5/frame00043.png 16.781342 -23.898863 -2.2198548 -0.28798956 0.266959 -0.6224021 0.6770602
seq5/frame00044.png 18.684109 -23.334848 -2.0526862 -0.34969217 0.28144008 -0.5747786 0.6842049
seq5/frame00045.png 18.227573 -23.838106 -2.1955283 -0.30796203 0.28193077 -0.59844524 0.68376726
seq5/frame00046.png 17.899506 -24.857683 -2.1396873 -0.30103913 0.27009562 -0.61086434 0.6806383
seq5/frame00047.png 17.545795 -25.642933 -2.2640212 -0.28379986 0.27458006 -0.62024397 0.6777616
seq5/frame00048.png 18.494278 -24.972984 -2.1629465 -0.29365987 0.263758 -0.59610695 0.69917953
seq5/frame00049.png 19.306305 -25.113222 -2.1340454 -0.23900841 0.22316469 -0.612831 0.71938205
seq5/frame00050.png 18.48839 -26.02355 -2.0235128 -0.22771242 0.19931231 -0.6029127 0.7381855
seq5/frame00051.png 18.273104 -26.718424 -2.0651278 -0.21973154 0.19446461 -0.61031646 0.7358094
seq5/frame00052.png 17.839096 -27.372427 -2.0740907 -0.20846505 0.19353712 -0.6211946 0.7302074
seq5/frame00053.png 17.862816 -27.879599 -2.183851 -0.18139277 0.16667844 -0.6262377 0.7396899
seq5/frame00054.png 17.82518 -28.351273 -2.0785003 -0.13362363 0.13863881 -0.6249774 0.756523
seq5/frame00055.png 17.428513 -28.748318 -2.2039154 -0.10932385 0.12709776 -0.6186565 0.7675666
seq5/frame00056.png 17.545475 -29.090345 -2.1857266 -0.08446408 0.09185469 -0.6272907 0.7687229
seq5/frame00057.png 16.751118 -29.312378 -2.190235 -0.05395175 0.08903536 -0.62639725 0.7725208
seq5/frame00058.png 16.863409 -29.45297 -2.153327 -0.06962939 0.08932503 -0.6259321 0.77160984
seq5/frame00059.png 17.260487 -29.701605 -2.3207462 -0.122021094 0.13008606 -0.586549 0.79003084
seq5/frame00060.png 17.66756 -29.33703 -2.2446449 -0.06085397 0.08078476 -0.60659164 0.78855383
seq5/frame00061.png 18.059532 -28.988977 -2.203681 -0.10443431 0.061929163 -0.5891863 0.7988227
seq5/frame00062.png 18.304317 -28.438585 -2.2594151 -0.12410761 0.07097291 -0.5709978 0.8084069
seq5/frame00063.png 18.566315 -27.976542 -2.4282827 -0.12416498 0.06385942 -0.5596771 0.81686383
seq5/frame00064.png 19.029518 -27.293497 -2.2067246 -0.15424679 0.09855495 -0.5478535 0.8163035
seq5/frame00065.png 19.29421 -26.857872 -2.2507977 -0.16219388 0.117519416 -0.5445346 0.8144718
seq5/frame00066.png 19.460955 -26.26462 -2.1256835 -0.15849926 0.09619523 -0.5256901 0.83022547
seq5/frame00067.png 20.586094 -26.124777 -2.1629984 -0.12156347 0.09917948 -0.54547817 0.82330996
seq5/frame00068.png 21.249016 -25.50376 -2.1000721 -0.17489365 0.1329524 -0.5585261 0.79986525
seq5/frame00069.png 21.811192 -25.011837 -2.1834767 -0.18064307 0.14066806 -0.5744002 0.78590393
seq5/frame00070.png 22.303452 -24.641115 -2.1587915 -0.19309564 0.13758554 -0.6013999 0.7629564
seq5/frame00071.png 22.199936 -24.158373 -2.0401566 -0.18132311 0.14262229 -0.6452713 0.72828954
seq5/frame00072.png 22.738731 -23.613825 -1.7903795 -0.1997934 0.16213761 -0.6710617 0.6953202
seq5/frame00073.png 23.477692 -22.752665 -1.7977449 -0.2374183 0.20996873 -0.6544132 0.68650484
seq5/frame00074.png 24.026733 -21.889513 -1.7861475 -0.2572456 0.24860775 -0.6267126 0.6922789
seq5/frame00075.png 24.049248 -21.30337 -1.9131367 -0.27939326 0.25554386 -0.6231046 0.68438107
seq5/frame00076.png 24.075918 -20.447489 -1.8421578 -0.30971947 0.28357017 -0.6087626 0.67310464
seq5/frame00077.png 23.992496 -19.988562 -1.8429078 -0.32082966 0.27570093 -0.6085197 0.67138743
seq5/frame00078.png 23.831484 -19.200043 -1.7408252 -0.3421166 0.28298396 -0.6015437 0.66409445
seq5/frame00079.png 23.461946 -18.921778 -1.7221422 -0.35286748 0.27450523 -0.60014033 0.663297
seq5/frame00080.png 23.08733 -18.57908 -1.6595483 -0.33372492 0.30553833 -0.62288207 0.6381942
seq5/frame00081.png 22.9248 -17.919132 -1.6754054 -0.35511902 0.30976057 -0.60047543 0.6460403
seq5/frame00082.png 22.611784 -17.636543 -1.7249626 -0.37142572 0.31560808 -0.58871555 0.6448631
