seq13/frame00001.png 29.348759 -17.632578 -1.702167 -0.41173935 0.31860927 -0.52399075 0.67396116
seq13/frame00002.png 29.13699 -17.562849 -1.7136867 -0.4078298 0.31875104 -0.52448153 0.67600703
seq13/frame00003.png 29.328043 -17.47207 -1.6580644 -0.41336182 0.31804305 -0.5195879 0.67685294
seq13/frame00004.png 29.366056 -17.096128 -1.7384707 -0.42021087 0.3095213 -0.4973655 0.6929824
seq13/frame00005.png 28.155413 -18.014635 -1.6525015 -0.4009927 0.29046097 -0.5200977 0.6959048
seq13/frame00006.png 27.88196 -17.763124 -1.7238983 -0.3825849 0.2938197 -0.51349634 0.70960563
seq13/frame00007.png 28.420218 -16.865158 -1.6790975 -0.39428496 0.2758711 -0.51794666 0.7072794
seq13/frame00008.png 28.18308 -17.208899 -1.6963044 -0.38060665 0.27122712 -0.50944686 0.7224345
seq13/frame00009.png 27.007559 -18.66324 -1.8773293 -0.3904465 0.26310322 -0.50230324 0.7251751
seq13/frame00010.png 26.59465 -19.216799 -1.857345 -0.4102417 0.21841183 -0.4450863 0.76546556
seq13/frame00011.png 27.96539 -18.479357 -1.8416581 -0.42273682 0.15329249 -0.42196143 0.7871651
seq13/frame00012.png 27.267553 -20.011473 -2.0192018 -0.42905045 0.1557779 -0.40850914 0.7903764
seq13/frame00013.png 27.594126 -16.341127 -2.452713 -0.4862015 0.13109538 -0.3907514 0.77053195
seq13/frame00014.png 29.07545 -17.701492 -2.0039237 -0.47465074 0.12267102 -0.4100411 0.7689659
seq13/frame00015.png 25.55894 -21.485615 -2.0450852 -0.4050622 0.14477958 -0.41926152 0.7995131
seq13/frame00016.png 23.291622 -22.851025 -2.12466 -0.33909312 0.1491364 -0.48215643 0.79395914
seq13/frame00017.png 22.64773 -21.020632 -1.9402319 -0.29361463 0.22250798 -0.5390323 0.7572888
seq13/frame00018.png 23.112417 -19.819918 -1.8788345 -0.28801596 0.27493417 -0.58672243 0.7050971
seq13/frame00019.png 23.236557 -19.689766 -1.9290156 -0.28832614 0.29904038 -0.5990173 0.68430763
seq13/frame00020.png 22.99342 -19.145067 -1.8836613 -0.26762185 0.2917193 -0.61621296 0.68066335
seq13/frame00021.png 20.47877 -22.275257 -1.7471008 -0.08535709 0.13493998 -0.683028 0.7127328
seq13/frame00022.png 19.788282 -21.611362 -1.9482559 -0.14085416 0.15311514 -0.65100586 0.7299776
seq13/frame00023.png 20.188906 -22.371264 -2.086123 -0.23258226 0.21877791 -0.60471386 0.7295387
seq13/frame00024.png 18.091787 -25.245955 -2.27123 -0.27810633 0.21268606 -0.566769 0.7458585
seq13/frame00025.png 18.300121 -24.718958 -2.0218875 -0.3279898 0.2360081 -0.53355855 0.74286556
seq13/frame00026.png 17.602943 -24.869337 -2.073578 -0.28730184 0.25389633 -0.55533165 0.7379194
seq13/frame00027.png 17.34024 -24.906036 -2.192305 -0.27448946 0.25323352 -0.58688056 0.718219
seq13/frame00028.png 15.485911 -24.982504 -1.9849528 -0.18780693 0.20305902 -0.63181406 0.7239431
seq13/frame00029.png 14.578151 -25.658241 -2.0452683 -0.11859095 0.16518678 -0.6743336 0.7097937
seq13/frame00030.png 14.391756 -25.17529 -1.9017091 -0.14516138 0.17800412 -0.68035764 0.6959733
seq13/frame00031.png 14.295438 -23.97394 -2.036012 -0.12951054 0.1686149 -0.6639863 0.71681017
seq13/frame00032.png 13.919194 -25.380428 -2.0969164 -0.15458621 0.18036942 -0.66432285 0.7085457
seq13/frame00033.png 14.256728 -25.200548 -2.145033 -0.13203782 0.19758269 -0.6472318 0.7242382
seq13/frame00034.png 12.540433 -24.538673 -2.237705 -0.15272447 0.17973705 -0.66177034 0.71146315
seq13/frame00035.png 14.254732 -25.619205 -2.199923 -0.276183 0.25574565 -0.6165741 0.69154966
seq13/frame00036.png 10.753687 -27.997738 -2.3541582 -0.22617501 0.20419124 -0.64975744 0.6964363
seq13/frame00037.png 8.3292 -28.002262 -2.3380659 -0.2023654 0.23422429 -0.6232946 0.7179748
seq13/frame00038.png 11.791732 -28.97418 -2.3360744 -0.18562141 0.2258418 -0.6427507 0.7082065
seq13/frame00039.png 9.612947 -30.12587 -1.8122786 -0.31887046 0.38631895 -0.58752376 0.6353633
seq13/frame00040.png 11.06569 -31.684978 -2.345148 -0.15204833 0.20605598 -0.6494557 0.71593153
seq13/frame00041.png 10.754047 -31.909012 -2.4086995 -0.15163915 0.19513442 -0.63887304 0.7285549
seq13/frame00042.png 10.032491 -32.058617 -2.3699315 -0.11213623 0.15026276 -0.6596717 0.72779
seq13/frame00043.png 9.363181 -32.73896 -2.2778628 -0.11146577 0.15130295 -0.66737604 0.72066873
seq13/frame00044.png 8.858639 -33.378166 -2.312947 -0.092998445 0.12520434 -0.6683719 0.7272657
seq13/frame00045.png 8.513951 -33.61425 -2.5384772 -0.10843009 0.13642773 -0.661194 0.72962224
seq13/frame00046.png 8.521338 -33.87319 -2.5600016 -0.09432516 0.1403722 -0.6523021 0.73863244
seq13/frame00047.png -7.0433893 34.546124 2.95113 -0.029589571 0.08646495 -0.6859708 0.72195387
seq13/frame00048.png 6.260312 -34.803013 -2.4443893 -0.048277795 0.10996027 -0.67425543 0.7285235
seq13/frame00049.png -5.546466 35.659134 2.799653 -0.049114093 0.10789732 -0.6891768 0.71487576
seq13/frame00050.png -2.6743498 -25.67539 -23.72153 0.5308354 -0.2967594 0.7731218 0.180501
seq13/frame00051.png -2.8121185 35.227814 2.3032012 -0.0035811807 0.075080596 -0.67152315 0.7371229
seq13/frame00052.png -1.988039 25.780256 2.6642191 0.80351096 -0.5917329 -0.049004067 0.040069204
seq13/frame00053.png -2.2134438 -34.87098 -2.8129086 -0.04305242 0.09483575 -0.6969245 0.70955586
seq13/frame00054.png -2.8263903 -34.487705 -2.6673841 -0.013330232 0.068370506 -0.6916438 0.7188561
seq13/frame00055.png 1.1692057 -35.351116 -2.395166 0.054215558 0.026411634 -0.6820336 0.72880614
seq13/frame00056.png 2.609352 -35.679913 -2.554306 0.071009815 0.006777921 -0.68750507 0.7226509
seq13/frame00057.png 2.308528 -35.829258 -2.816991 0.12521699 -0.036410466 -0.668602 0.73212755
seq13/frame00058.png 2.3469048 -35.864185 -2.5782208 0.1861998 -0.077139914 -0.64169854 0.7399947
seq13/frame00059.png 1.301424 -36.562885 -2.8017259 0.22146423 -0.0702853 -0.5964516 0.76809233
seq13/frame00060.png 0.7467146 -35.349247 -2.4373064 0.20140043 -0.08022336 -0.56324756 0.79733443
seq13/frame00061.png 0.6244669 -36.332264 -2.6593077 0.23475796 -0.06280315 -0.5185076 0.8197543
seq13/frame00062.png 0.2916031 -34.644985 -2.5795329 0.23042701 -0.10406943 -0.5604542 0.7886756
seq13/frame00063.png 0.03924465 -35.301365 -2.3336542 0.24479185 -0.1200227 -0.5571232 0.7844077
seq13/frame00064.png -2.497881 -33.564228 -2.4184453 0.23952618 -0.12829258 -0.61445284 0.74062335
seq13/frame00065.png -2.0274515 -33.27305 -2.2324662 0.18938787 -0.11615065 -0.6467964 0.7296328
seq13/frame00066.png -3.5348701 -32.54718 -2.1255667 0.16498755 -0.08421283 -0.6602856 0.72785294
seq13/frame00067.png -5.1195536 -32.297943 -2.3480372 0.12040553 -0.05877539 -0.64335066 0.75365317
seq13/frame00068.png -4.8542547 -32.158226 -2.3669412 0.08912014 -0.007413321 -0.6419536 0.7615685
seq13/frame00069.png -4.6649303 -31.445683 -2.2533154 0.07170051 0.0056223846 -0.6492141 0.757188
seq13/frame00070.png -5.3077755 -30.614996 -2.083363 0.08265482 0.011339221 -0.6520052 0.7535722
seq13/frame00071.png -5.8748894 -30.314766 -2.1040297 0.089423425 -0.009500853 -0.666255 0.7403864
seq13/frame00072.png -5.655717 -29.50283 -2.0514853 0.10295337 -0.01309036 -0.64281505 0.7588387
seq13/frame00073.png -6.5855255 -29.002089 -2.2012591 0.1966965 -0.099273786 -0.6134291 0.7583761
seq13/frame00074.png -7.4409904 -28.946524 -2.4944623 0.25324097 -0.14304802 -0.58143 0.7598033
seq13/frame00075.png -7.769164 -29.870377 -2.6974654 0.2751234 -0.17379265 -0.5756278 0.7502848
seq13/frame00076.png -6.6141014 -30.111883 -2.1685014 0.30048788 -0.19954337 -0.5527222 0.7513416
seq13/frame00077.png -6.3449802 -29.093 -1.8540937 0.3350801 -0.22966379 -0.5229009 0.749369
seq13/frame00078.png -4.9923897 -26.60973 -1.8489391 -0.08435568 -0.05652297 -0.6303528 0.7695809
seq13/frame00079.png -7.2352905 -28.626837 -2.6129894 0.27449358 -0.21415406 -0.5547218 0.75567514
seq13/frame00080.png -8.139493 -26.635736 -2.4244983 0.29486412 -0.22301495 -0.56185794 0.7402112
seq13/frame00081.png -9.441074 -26.347708 -2.1705503 0.2932926 -0.22040614 -0.57194555 0.7337723
seq13/frame00082.png -9.780855 -26.126154 -2.0572531 0.27663746 -0.2023243 -0.58327574 0.7364706
seq13/frame00083.png -10.171236 -24.723753 -1.8448684 0.25513217 -0.18262526 -0.5930589 0.74161166
seq13/frame00084.png -13.073472 -24.129898 -1.9114182 0.16954522 -0.12444713 -0.62730306 0.7497762
seq13/frame00085.png -13.317273 -24.246847 -1.9335895 0.08994062 -0.056489967 -0.6194035 0.77786374
seq13/frame00086.png -13.240462 -24.189684 -2.0205429 0.049561325 -0.01939008 -0.6453083 0.7621493
seq13/frame00087.png -13.118022 -23.795696 -1.738995 0.015591284 0.020989327 -0.6464442 0.7625095
seq13/frame00088.png -14.129594 -23.09544 -1.7364621 0.03912245 0.0027375761 -0.6410906 0.7664018
seq13/frame00089.png -14.937222 -22.789282 -1.5754225 0.09671528 -0.057098553 -0.6448493 0.75587696
seq13/frame00090.png -15.259182 -21.406332 -1.4123807 0.22457841 -0.13737155 -0.6250655 0.73488396
seq13/frame00091.png -15.140928 -21.722645 -1.6623203 0.37331453 -0.23642816 -0.56425977 0.6974708
seq13/frame00092.png -15.41096 -22.110283 -1.7334967 0.38793722 -0.26221934 -0.56523633 0.67920464
seq13/frame00093.png -14.9384365 -21.862911 -1.6284187 0.38374433 -0.2592855 -0.5683904 0.67994565
seq13/frame00094.png -16.02756 -22.059954 -1.714464 0.39801303 -0.27318105 -0.55450875 0.67803544
seq13/frame00095.png -17.254522 -20.409132 -1.5327252 0.4389413 -0.26954585 -0.49623248 0.6988695
seq13/frame00096.png -16.927626 -19.736483 -1.3124857 0.47314975 -0.24701568 -0.42305055 0.7321901
seq13/frame00097.png -16.251734 -21.396023 -1.4349278 0.4778543 -0.2622007 -0.42401868 0.723321
seq13/frame00098.png -17.482847 -20.624323 -1.4270846 0.49343306 -0.27800748 -0.41871738 0.7098851
seq13/frame00099.png -17.613081 -19.708368 -1.2407324 0.49292433 -0.29595143 -0.41957664 0.7023216
seq13/frame00100.png -18.711592 -18.383696 -0.8979852 0.49293214 -0.2941076 -0.4260791 0.6993388
seq13/frame00101.png -19.073957 -16.753407 -1.1731604 0.3191558 -0.22596675 -0.5291299 0.7530051
seq13/frame00102.png -18.838966 -18.94135 -1.2479336 0.171292 -0.13024269 -0.60898495 0.7635095
seq13/frame00103.png -21.167385 -16.593653 -0.9536891 0.15929185 -0.06607842 -0.63312346 0.75464463
seq13/frame00104.png -21.892208 -15.184393 -0.8659055 0.18150611 -0.08572586 -0.62694 0.7527416
seq13/frame00105.png -22.940952 -14.366669 -0.8018719 0.22974186 -0.117009975 -0.6190073 0.74187905
seq13/frame00106.png -22.541859 -14.851925 -0.8870621 0.3069914 -0.17710714 -0.6030524 0.7147476
seq13/frame00107.png -21.427101 -16.107492 -0.99124885 0.39630398 -0.25036153 -0.598613 0.6496952
seq13/frame00108.png -24.689661 -13.844268 -0.6236017 0.43651724 -0.28891474 -0.5784146 0.6258478
seq13/frame00109.png -23.665314 -14.135536 -0.59304464 0.4529204 -0.29155564 -0.5802137 0.6108631
seq13/frame00110.png -26.466978 -11.991855 -0.8100538 0.5002528 -0.33775556 -0.5121398 0.6110192
seq13/frame00111.png -24.588655 -12.799779 -0.5882343 0.47340497 -0.33042756 -0.52066785 0.6289108
seq13/frame00112.png -25.202763 -12.961823 -0.6563034 0.46020347 -0.32561198 -0.53836596 0.6262621
seq13/frame00113.png -25.7835 -11.766361 -0.57220125 0.471502 -0.31043184 -0.5247531 0.6372742
seq13/frame00114.png -26.45127 -11.333401 -0.6398163 0.45900145 -0.29948556 -0.53861636 0.64013577
seq13/frame00115.png -27.025938 -11.447215 -0.47099483 0.46588734 -0.3254299 -0.53800356 0.6224864
seq13/frame00116.png -27.764292 -10.404276 -0.37558913 0.4963717 -0.3163896 -0.4884146 0.64432406
seq13/frame00117.png -28.044552 -10.572498 -0.408978 0.51928806 -0.32996935 -0.47801754 0.62705576
seq13/frame00118.png -28.512474 -10.277554 -0.36133802 0.53099644 -0.3172334 -0.44993514 0.64414936
seq13/frame00119.png -28.883074 -10.154302 -0.32379103 0.53298193 -0.33570266 -0.45366856 0.63064164
seq13/frame00120.png -30.687845 -9.076595 -0.2667147 0.5376469 -0.35064402 -0.44006962 0.6280079
seq13/frame00121.png -30.519463 -9.312304 -0.24378717 0.5386567 -0.3557188 -0.4236556 0.6355554
seq13/frame00122.png -29.010977 -9.282497 -0.13768291 0.4870201 -0.31376857 -0.45752567 0.6746174
seq13/frame00123.png -28.752008 -8.674655 -0.050171852 0.45097256 -0.29515308 -0.47134018 0.69822514
seq13/frame00124.png -31.220575 -6.7471914 0.04488647 0.49752316 -0.3343066 -0.4526971 0.6603758
seq13/frame00125.png -31.92166 -6.5365334 -0.04425609 0.56262946 -0.37378892 -0.41707945 0.60814995
seq13/frame00126.png -32.177895 -7.4416103 0.11490297 0.5853369 -0.3813625 -0.39408782 0.59707034
seq13/frame00127.png -33.190334 -5.604803 -0.074061394 0.5829424 -0.38076213 -0.40129185 0.5954395
seq13/frame00128.png -33.747086 -4.6831856 -0.033213854 0.5541874 -0.3655697 -0.42802772 0.61344916
seq13/frame00129.png -35.128807 -3.6917906 -0.039799213 0.5678206 -0.35583773 -0.42226595 0.6104369
seq13/frame00130.png -34.013153 -3.3504543 0.07202101 0.5452107 -0.33651233 -0.43783244 0.630938
seq13/frame00131.png -35.968784 -2.2633228 0.2556076 0.5535079 -0.34899798 -0.43737322 0.61673844
seq13/frame00132.png -35.463486 -1.7509413 0.27916324 0.5360795 -0.34467134 -0.44974098 0.6256314
seq13/frame00133.png -36.227737 -2.1979408 -0.06439543 0.56061554 -0.3566171 -0.42194557 0.6169758
seq13/frame00134.png -35.95908 -0.80010223 0.2189511 0.5859407 -0.36060742 -0.41248757 0.5974967
seq13/frame00135.png -39.2726 1.4667387 0.71095777 0.57643336 -0.39820382 -0.42253733 0.5748451
seq13/frame00136.png -38.839245 0.36182308 0.66428196 0.542215 -0.38835678 -0.44376716 0.59874034
seq13/frame00137.png -35.489002 -1.0975552 0.52514386 0.35187268 -0.271881 -0.5709916 0.69010293
seq13/frame00138.png -36.498775 4.436692 0.91425896 0.4577772 -0.3291862 -0.53362966 0.63044804
seq13/frame00139.png -38.83137 0.5651579 0.56973195 0.54681623 -0.3640206 -0.46652934 0.592586
seq13/frame00140.png -40.25682 1.5957966 0.6347456 0.5651232 -0.37924546 -0.4497672 0.5785735
seq13/frame00141.png -40.982704 3.888608 1.0610818 0.5594774 -0.38996956 -0.44762412 0.57841194
seq13/frame00142.png -42.213634 4.659892 1.2229258 0.58083063 -0.417245 -0.43811536 0.5446428
seq13/frame00143.png -42.300724 4.486294 1.0150748 0.56299824 -0.42159653 -0.4445932 0.55468446
seq13/frame00144.png -41.952652 6.233741 0.9526787 0.5656784 -0.41528985 -0.4582397 0.5454207
seq13/frame00145.png -41.624252 7.746046 1.2188274 0.57443297 -0.4176734 -0.4477629 0.54327095
seq13/frame00146.png -41.93042 9.913722 1.4359632 0.58637637 -0.3934423 -0.43951455 0.55520916
seq13/frame00147.png -42.177567 10.009953 1.4789532 0.58563715 -0.40068066 -0.4582297 0.5353786
seq13/frame00148.png -42.51516 11.196391 1.8358684 0.5461697 -0.36206338 -0.494729 0.5707137
seq13/frame00149.png -42.848194 11.096431 1.9703546 0.55236286 -0.35978916 -0.48440504 0.57525414
seq13/frame00150.png -41.204952 11.656921 1.9889143 0.5591944 -0.36095366 -0.50366515 0.5506535
seq13/frame00151.png -41.18128 13.696317 1.9577584 0.5371161 -0.3905772 -0.503429 0.5526067
seq13/frame00152.png -41.272495 13.315851 1.9407518 0.5630626 -0.41400108 -0.48811856 0.5230771
seq13/frame00153.png -41.69168 12.768203 1.7995956 0.54963034 -0.41162586 -0.49502265 0.53241795
seq13/frame00154.png -39.568516 14.221125 1.9993612 0.5795551 -0.43366912 -0.47009453 0.50508505
seq13/frame00155.png -39.029 13.399643 1.6363549 0.5902123 -0.42187658 -0.44963628 0.5208873
seq13/frame00156.png -38.692528 13.958861 1.6537846 0.5849226 -0.40345925 -0.4503112 0.5404152
seq13/frame00157.png -37.647522 14.678991 1.8950858 0.6026902 -0.41838926 -0.43313688 0.52347076
seq13/frame00158.png -37.992805 15.284298 1.8108357 0.59801996 -0.40111032 -0.44121435 0.5355197
seq13/frame00159.png -38.453835 15.615192 1.796939 0.61045074 -0.41180807 -0.43212977 0.52051544
seq13/frame00160.png -37.56906 17.026808 1.6912789 0.6020506 -0.391669 -0.43869132 0.5401462
seq13/frame00161.png -37.385303 17.449867 1.8759116 0.62502444 -0.41453457 -0.4121665 0.51716727
seq13/frame00162.png -37.289875 17.826366 2.001036 0.62959737 -0.4220178 -0.40960908 0.5076913
seq13/frame00163.png -36.908142 17.966318 2.0426958 0.62809294 -0.41462296 -0.41535178 0.51085085
seq13/frame00164.png -36.854275 18.254148 2.1148758 0.6405297 -0.4316572 -0.40095046 0.4925466
seq13/frame00165.png -34.60481 18.542112 2.2639468 0.6877219 -0.4344301 -0.35770592 0.45874754
seq13/frame00166.png -34.192036 19.285084 2.212351 0.68472004 -0.4432875 -0.35252187 0.4586194
seq13/frame00167.png -33.87933 19.907677 2.2767336 0.70123446 -0.44407597 -0.33199075 0.44816682
seq13/frame00168.png -33.7083 19.648977 2.0390754 0.70520526 -0.44382578 -0.32055768 0.45040354
seq13/frame00169.png -33.93769 20.423187 2.0365124 0.73300236 -0.42891008 -0.30904672 0.4280774
seq13/frame00170.png -33.62427 21.150478 1.9709777 0.71312344 -0.46731317 -0.26974285 0.447799
seq13/frame00171.png -32.190716 22.79253 2.510284 0.7041551 -0.4946746 -0.2573487 0.43954703
seq13/frame00172.png -32.334347 22.78538 2.3596401 0.7238904 -0.48616296 -0.25214538 0.41946942
seq13/frame00173.png -32.953773 22.586382 2.0950208 0.73769206 -0.45869943 -0.25513035 0.42469412
seq13/frame00174.png -33.144783 22.653143 2.1164668 0.7418585 -0.45859146 -0.25643757 0.4165498
seq13/frame00175.png -31.638517 23.799316 2.2648432 0.75700665 -0.4483666 -0.2630858 0.39587846
seq13/frame00176.png -32.703136 23.348442 2.477309 0.75853705 -0.4668539 -0.25155655 0.37882593
seq13/frame00177.png -32.161 23.039675 2.1711223 0.7557963 -0.45966366 -0.2514442 0.39263612
seq13/frame00178.png -28.496412 25.901297 2.6480873 0.6896495 -0.43932244 -0.376973 0.43507436
seq13/frame00179.png -30.798761 23.87368 2.4693007 0.77615523 -0.46003124 -0.25171965 0.35017422
seq13/frame00180.png -25.957796 27.464344 2.5610273 0.8263173 -0.48868465 -0.16684969 0.22480528
seq13/frame00181.png -24.736223 27.763454 2.332475 0.82283837 -0.47932765 -0.19067034 0.23858827
seq13/frame00182.png -24.301401 28.165152 2.7617774 0.8294138 -0.47567484 -0.1680205 0.2397875
seq13/frame00183.png -24.64755 27.59895 2.6972837 0.83936214 -0.46989155 -0.14477324 0.23181899
seq13/frame00184.png -24.620943 27.922209 2.5325708 0.8286039 -0.48704144 -0.15155132 0.2305197
seq13/frame00185.png -23.395634 28.01242 2.6294358 0.8173309 -0.51018775 -0.15956435 0.21517944
seq13/frame00186.png -23.123796 28.39836 2.7469308 0.8354993 -0.4926648 -0.15057908 0.19114138
seq13/frame00187.png -22.290665 28.97364 2.4424362 0.8303699 -0.49879527 -0.156728 0.19221185
seq13/frame00188.png -21.981232 29.554668 2.3964436 0.8296713 -0.5051005 -0.15555418 0.17938939
seq13/frame00189.png -20.233988 29.83008 2.1613255 0.827867 -0.5157857 -0.14560845 0.16549599
seq13/frame00190.png -20.202019 30.04024 2.316069 0.8181892 -0.5218866 -0.15904261 0.18123548
seq13/frame00191.png -18.910908 31.036322 2.5235543 0.81422585 -0.5410682 -0.13685997 0.15994795
seq13/frame00192.png -19.114151 31.337797 2.3635774 0.8039666 -0.5418993 -0.15126568 0.19264074
seq13/frame00193.png -18.79821 31.178345 2.3121636 0.8092634 -0.5385033 -0.1504453 0.18002905
seq13/frame00194.png -18.339396 31.594955 2.303212 0.8085843 -0.5481646 -0.14111729 0.16038457
seq13/frame00195.png -17.731346 32.060764 2.5816712 0.8159856 -0.5542628 -0.10347549 0.12760761
seq13/frame00196.png -17.217106 32.55362 2.388774 0.81381357 -0.5504922 -0.1377543 0.12480761
seq13/frame00197.png -16.53321 33.045216 2.8131344 0.7788048 -0.60125685 -0.13818641 0.11254463
seq13/frame00198.png -14.763146 32.142914 3.0044167 0.77053195 -0.60707855 -0.15658176 0.114978276
seq13/frame00199.png -14.305863 32.27268 3.0529652 0.7628297 -0.6244098 -0.14574096 0.08316196
seq13/frame00200.png -14.705556 33.641525 3.1901593 0.765904 -0.6101093 -0.17221086 0.10641651
seq13/frame00201.png -13.501681 33.226006 2.8815553 0.7759193 -0.61906785 -0.10947746 0.051533267
seq13/frame00202.png -12.276272 32.73312 2.6699994 0.7754275 -0.628591 -0.05905339 0.0059427274
seq13/frame00203.png -12.250493 35.116924 3.0390854 0.79253566 -0.6028539 -0.0825189 0.039728824
seq13/frame00204.png -12.385656 34.808098 2.6853688 0.8081313 -0.58517766 -0.053614225 0.037884694
seq13/frame00205.png -11.520545 34.791733 2.6222026 0.82365394 -0.56570166 -0.026885463 0.03030346
seq13/frame00206.png -11.298267 34.659904 2.679113 0.8158733 -0.5781285 -0.008937408 0.0047954116
seq13/frame00207.png -10.210025 35.04218 2.4830124 0.8200893 -0.5712864 -0.026932552 -0.01777682
seq13/frame00208.png -9.767664 34.491287 2.649944 0.8121243 -0.5824508 -0.03247633 0.010239861
seq13/frame00209.png -9.276789 34.990425 2.6388595 0.8245796 -0.5610695 -0.055755354 0.045956995
seq13/frame00210.png -9.094855 35.110767 2.4904737 0.83411014 -0.5486585 -0.047563083 0.03139837
seq13/frame00211.png -8.012045 34.998108 2.5610003 0.8237651 -0.56636626 -0.024321001 0.00051865046
seq13/frame00212.png -7.7251644 34.151196 2.5167873 0.82845664 -0.55991733 -0.00070450123 -0.015503632
seq13/frame00213.png -7.286496 31.843088 2.387127 0.8184875 -0.5737467 0.019278264 -0.025712896
seq13/frame00214.png -6.5497065 31.495363 2.3471189 0.8184129 -0.5723074 0.030463725 -0.039568
seq13/frame00215.png -5.923255 31.131563 2.145552 0.814076 -0.57445663 0.056484114 -0.06401908
seq13/frame00216.png -5.2235527 31.794508 2.4007797 0.8107704 -0.5831223 0.0026818658 -0.0509084
seq13/frame00217.png -5.41224 30.218899 2.5273232 0.8054835 -0.58982915 0.016641987 -0.0546524
seq13/frame00218.png -3.7359781 30.308228 2.4642923 0.80195224 -0.59699285 -0.01326037 -0.016876997
seq13/frame00219.png -3.5592794 29.770987 2.2802463 0.797564 -0.6021142 -0.037823454 0.0058160494
seq13/frame00220.png 1.6829777 25.999376 1.7761824 0.8016478 -0.59630597 -0.03900124 0.014185298
seq13/frame00221.png -2.4868116 29.2368 2.2159128 0.8177415 -0.5721802 -0.04956942 0.034956563
seq13/frame00222.png -1.7919044 29.221245 2.118337 0.82172495 -0.56688106 -0.03318261 0.0490413
seq13/frame00223.png -0.8681326 29.104256 2.3738635 0.81934464 -0.5698688 -0.049546927 0.037321985
seq13/frame00224.png 2.964406 25.676195 1.9745092 0.8109962 -0.58416414 -0.022222716 0.02083747
seq13/frame00225.png 3.8199844 24.548683 1.9330409 0.8131758 -0.58154756 0.01054327 -0.019458724
seq13/frame00226.png 4.1073484 24.553114 1.7743369 0.8085843 -0.5866614 0.011907596 -0.043233443
seq13/frame00227.png 5.428256 24.741573 1.677452 0.80540776 -0.5904909 -0.006858242 -0.04865184
seq13/frame00228.png 5.9180384 24.531904 1.7440615 0.8210934 -0.56806046 0.009942173 -0.054412488
seq13/frame00229.png 4.0034227 27.57965 1.953007 0.82864076 -0.55876166 0.0030475566 -0.03269448
seq13/frame00230.png 4.387722 26.707808 2.1114023 0.837032 -0.5461599 -0.029709749 -0.019414134
seq13/frame00231.png 4.9188986 27.207516 2.0679636 0.82996553 -0.5569873 -0.025826113 0.013119887
seq13/frame00232.png 4.6455975 26.917599 1.8987961 0.83238876 -0.5530194 0.031859845 -0.017161557
seq13/frame00233.png 6.176465 25.592499 1.7171648 0.84364146 -0.5330547 0.042861234 -0.0465826
seq13/frame00234.png 6.655757 25.707867 1.6665348 0.8345857 -0.5480533 0.05250898 -0.015965693
seq13/frame00235.png 7.1251116 25.138369 1.5637801 0.8494814 -0.5242169 0.05492925 -0.022143241
seq13/frame00236.png 7.207554 24.727499 1.7068484 0.8464583 -0.5279639 0.062282 -0.029090472
seq13/frame00237.png 7.9211454 24.04353 1.4563986 0.8437138 -0.5314175 0.072594255 -0.023022544
seq13/frame00238.png 8.777435 24.197935 1.4741646 0.86567295 -0.49692646 0.046313643 -0.03714786
seq13/frame00239.png 9.287552 23.202675 1.4143409 0.881117 -0.47186866 0.020579746 -0.022369947
seq13/frame00240.png 10.314792 23.108704 1.356677 0.8754184 -0.48135462 0.031627245 -0.032041214
seq13/frame00241.png 10.48878 22.468163 1.5498481 0.88491875 -0.4644616 0.023894701 -0.027088994
seq13/frame00242.png 11.092123 22.408613 1.6082499 0.85474604 -0.51770335 0.019072598 -0.03222257
seq13/frame00243.png 11.824321 21.035328 1.1728686 0.8175922 -0.5712396 0.02750938 -0.06692581
seq13/frame00244.png 12.167543 21.083261 1.5382408 0.81602293 -0.57667625 0.011850472 -0.03647234
seq13/frame00245.png 12.910708 20.446081 1.4057063 0.79859644 -0.60103 0.019499894 -0.021089358
seq13/frame00246.png 10.25742 22.087517 1.635845 0.80351096 -0.5947713 -0.016045485 0.01751366
seq13/frame00247.png 13.997777 18.889248 1.4685485 0.79026055 -0.6123129 -0.026761657 -0.00032824543
seq13/frame00248.png 14.368519 18.28239 1.3408844 0.80103844 -0.5970643 0.021065548 -0.037526056
seq13/frame00249.png 15.014662 17.98493 1.1678771 0.777648 -0.6023083 0.11602322 -0.13766597
seq13/frame00250.png 11.924603 18.579607 1.1145452 0.7129308 -0.60510296 0.22996987 -0.26939836
seq13/frame00251.png 14.89946 16.11273 0.7609065 0.7159636 -0.57747656 0.2407058 -0.30970952
seq13/frame00252.png 15.954037 15.3946495 0.8474796 0.6484375 -0.5345444 0.35606882 -0.40879142
seq13/frame00253.png 15.911214 16.200687 0.8444976 0.65538913 -0.51406723 0.36661047 -0.41446668
seq13/frame00254.png 15.975409 16.027035 0.9837794 0.65762043 -0.48141655 0.3901126 -0.4283744
seq13/frame00255.png 15.427262 15.238145 0.7532288 0.68834287 -0.4259249 0.37035117 -0.45549625
seq13/frame00256.png 16.272028 14.467201 0.7805183 0.68781066 -0.4256333 0.36431512 -0.46152794
seq13/frame00257.png 13.66724 16.885231 0.88959605 0.7166027 -0.47654262 0.31790802 -0.39809835
seq13/frame00258.png 13.54888 16.812817 1.0289503 0.74004626 -0.49138477 0.28247613 -0.36181688
seq13/frame00259.png 13.890075 16.411371 0.84592104 0.7534102 -0.50632405 0.2713897 -0.3199158
seq13/frame00260.png 16.077993 14.768295 0.6069666 0.7419819 -0.46682343 0.3062732 -0.37131998
seq13/frame00261.png 19.938248 11.935419 0.3124732 0.796262 -0.49455935 0.19817442 -0.2864489
seq13/frame00262.png 20.158281 11.337844 0.31521985 0.81837565 -0.49760345 0.15900637 -0.23940453
seq13/frame00263.png 20.228193 10.486525 0.23725057 0.77082896 -0.55046767 0.19274682 -0.25646788
seq13/frame00264.png 20.465845 10.146528 0.18715274 0.7840575 -0.53915626 0.17107469 -0.25552708
seq13/frame00265.png 20.581566 9.947745 0.1865947 0.75601834 -0.5609285 0.19426732 -0.27570108
seq13/frame00266.png 21.292969 9.444038 0.20981824 0.73870474 -0.5674654 0.21059966 -0.29653955
seq13/frame00267.png 20.906172 9.949787 0.28256807 0.7299986 -0.578581 0.22703633 -0.2843575
seq13/frame00268.png 22.48757 8.894443 0.20665818 0.71340144 -0.56705946 0.26252058 -0.3174951
seq13/frame00269.png 22.96207 8.824554 0.35967124 0.6957074 -0.57095385 0.29540148 -0.32059127
seq13/frame00270.png 23.553453 7.9977694 0.41776836 0.6997096 -0.57152617 0.29080057 -0.3149413
seq13/frame00271.png 23.465773 9.0335245 0.3545532 0.73841554 -0.54685813 0.27826452 -0.27958703
seq13/frame00272.png 24.715702 8.697316 0.13214391 0.748982 -0.5197484 0.27625385 -0.30453116
seq13/frame00273.png 26.063353 7.957851 -0.15923402 0.74255747 -0.5013948 0.28164414 -0.34324995
seq13/frame00274.png 27.317562 8.027122 0.052598268 0.7629897 -0.49260756 0.27820167 -0.3127394
seq13/frame00275.png 27.46439 7.5693083 -0.114166975 0.76102734 -0.49259457 0.29273367 -0.3040019
seq13/frame00276.png 28.848967 7.143116 -0.1329161 0.7538961 -0.49158692 0.3082943 -0.30821335
seq13/frame00277.png 29.023954 7.059233 -0.15357128 0.7647475 -0.4978601 0.28476512 -0.29358423
seq13/frame00278.png 29.284449 6.425197 -0.12440163 0.7247752 -0.53104424 0.2989124 -0.32143924
seq13/frame00279.png 30.244774 5.75015 -0.19442275 0.7091323 -0.5167655 0.31833062 -0.35908484
seq13/frame00280.png 31.280548 5.290906 -0.17047465 0.6802037 -0.53192365 0.3398775 -0.37301055
seq13/frame00281.png 31.45125 4.7485194 -0.33687302 0.6923656 -0.5127067 0.34955472 -0.3683096
seq13/frame00282.png 31.683994 4.4024124 -0.37869143 0.6758151 -0.5133413 0.3618858 -0.3857285
seq13/frame00283.png 32.20864 4.7818556 -0.43411222 0.6826444 -0.48746267 0.36765343 -0.40162918
seq13/frame00284.png 33.415787 3.863449 -0.40190902 0.66962284 -0.5068771 0.37673977 -0.39098173
seq13/frame00285.png 34.19278 2.102328 -0.48165554 0.6394091 -0.5322602 0.3894587 -0.39511442
seq13/frame00286.png 33.713642 2.5124853 -0.42250538 0.6526595 -0.51219594 0.3920726 -0.39752
seq13/frame00287.png 35.36207 1.7436702 -0.44650722 0.6702834 -0.47978848 0.3824922 -0.4176409
seq13/frame00288.png 34.941483 0.4511485 -0.79414576 0.64283633 -0.501793 0.3718111 -0.44363824
seq13/frame00289.png 34.96858 -0.4039805 -0.68795866 0.61123765 -0.51245606 0.40388864 -0.44804955
seq13/frame00290.png 34.452114 -1.2532005 -0.7473981 0.6098881 -0.51419044 0.39336434 -0.45729727
seq13/frame00291.png 34.967766 -0.7922816 -0.6674587 0.6071675 -0.5279542 0.40805373 -0.43175235
seq13/frame00292.png 34.741962 -3.5430734 -0.83245003 0.5804627 -0.5232747 0.42115682 -0.46060583
seq13/frame00293.png 34.607456 -2.0974264 -0.7511806 0.5469552 -0.5078217 0.4566957 -0.48449925
seq13/frame00294.png 34.50691 -2.2066312 -0.7815846 0.5694272 -0.51385415 0.4245842 -0.48129615
seq13/frame00295.png 33.844555 -5.8050876 -0.9391513 0.55147517 -0.50982976 0.43631312 -0.49591222
seq13/frame00296.png 33.64574 -6.498626 -1.0201716 0.5330636 -0.49434868 0.45174798 -0.51747745
seq13/frame00297.png 33.295334 -7.087405 -1.0075829 -0.5208443 0.492132 -0.46310517 0.5214734
seq13/frame00298.png 32.700462 -7.424658 -0.9564339 0.53333366 -0.48960656 0.4613969 -0.5128953
seq13/frame00299.png 32.71011 -7.254459 -1.0505574 0.56062853 -0.49500084 0.44418275 -0.49377605
seq13/frame00300.png 31.852993 -5.984009 -0.7712825 -0.4884338 0.45602998 -0.51223814 0.5394096
seq13/frame00301.png 31.804062 -7.790081 -0.9388178 0.55541086 -0.49443114 0.4431142 -0.50072247
seq13/frame00302.png 30.99239 -9.593045 -1.0640433 -0.50656635 0.4528104 -0.49470976 0.5418043
seq13/frame00303.png 30.208544 -9.585303 -1.0803944 -0.51619524 0.46084124 -0.49111623 0.52933294
seq13/frame00304.png 31.25304 -8.83433 -0.93952364 0.53438944 -0.46962607 0.484656 -0.50905514
seq13/frame00305.png 31.90584 -7.760825 -0.91481805 0.5328274 -0.4613449 0.4713465 -0.53042185
seq13/frame00306.png 29.122114 -7.3817916 -0.7425425 -0.48815364 0.42833143 -0.5238007 0.5513316
seq13/frame00307.png 29.245394 -10.083604 -1.205018 0.5411073 -0.47676376 0.45022127 -0.5266481
seq13/frame00308.png 28.204758 -9.486654 -1.1912078 -0.5495206 0.4315889 -0.43015394 0.5715653
seq13/frame00309.png 27.042612 -9.720188 -1.2500755 -0.5550126 0.3785049 -0.39248222 0.62826294
seq13/frame00310.png 28.006762 -8.844155 -1.0111486 -0.57055986 0.3448957 -0.35578468 0.6551097
seq13/frame00311.png 28.806574 -9.079635 -0.7025754 -0.60637736 0.28263575 -0.31253323 0.6743912
seq13/frame00312.png 29.710388 -8.857312 -0.8743759 -0.6010838 0.2567793 -0.3124998 0.68906295
seq13/frame00313.png 29.206577 -10.768395 -1.0742427 -0.5728768 0.24163894 -0.34683728 0.7023216
seq13/frame00314.png 27.874443 -16.768362 -1.5501027 0.899422 -0.35273847 0.12078307 -0.2282146
seq13/frame00315.png 26.704744 -14.974398 -1.48627 0.9044972 -0.3870633 0.082974665 -0.15820605
seq13/frame00316.png -14.851655 28.818113 2.4218419 0.6864227 -0.28319362 0.333486 -0.58081067
seq13/frame00317.png 13.196645 -24.414824 -1.9844279 0.688498 -0.38363165 0.35601726 -0.50220066
seq13/frame00318.png 15.633774 -25.367687 -2.1319795 -0.45939288 0.28544864 -0.48881826 0.6844972
seq13/frame00319.png 20.737316 -20.888407 -2.0516188 -0.3635659 0.25535086 -0.52599233 0.7252382
seq13/frame00320.png 24.96645 -14.970899 -1.5450649 -0.33768338 0.26579264 -0.5740311 0.6968689
seq13/frame00321.png 23.438236 -16.854286 -1.696167 -0.26385307 0.2033062 -0.6016758 0.72612137
seq13/frame00322.png 22.440437 -18.19529 -1.8502398 -0.20722595 0.17908145 -0.6253734 0.7308133
seq13/frame00323.png 23.228798 -17.990307 -1.8000996 -0.22009511 0.19808057 -0.6292316 0.7183784
seq13/frame00324.png 22.35285 -19.26242 -1.8546895 -0.16707753 0.17424776 -0.65069455 0.7198212
seq13/frame00325.png 22.053686 -19.823612 -1.9142294 -0.14537734 0.16563474 -0.6520225 0.72546965
seq13/frame00326.png 20.96198 -20.491686 -1.84681 -0.12942581 0.11195845 -0.6532528 0.73755753
seq13/frame00327.png 20.752064 -20.660072 -1.9247527 -0.12477993 0.12719193 -0.6410187 0.74649245
seq13/frame00328.png 20.492939 -21.17336 -1.881169 -0.10988245 0.10551428 -0.63930136 0.75365317
seq13/frame00329.png 20.133898 -21.827917 -1.8968167 -0.08874488 0.112537004 -0.63209885 0.76146835
seq13/frame00330.png 19.625154 -21.990423 -1.8118078 -0.06075807 0.08908958 -0.6203274 0.77690196
seq13/frame00331.png 19.069128 -22.551617 -1.9293027 -0.11430769 0.11023256 -0.59957796 0.7844466
seq13/frame00332.png 18.302599 -22.734232 -1.956003 -0.077182285 0.09826602 -0.6140525 0.7792748
seq13/frame00333.png 18.567625 -23.634958 -2.0693045 -0.10083497 0.10571299 -0.60184205 0.78514653
seq13/frame00334.png 18.617014 -24.289356 -1.9710451 -0.08868371 0.098720714 -0.60355955 0.78635055
seq13/frame00335.png 18.448366 -24.558088 -1.9753109 -0.09943802 0.09142243 -0.6059723 0.78382397
seq13/frame00336.png 18.21696 -24.706966 -2.1570718 -0.09615971 0.0880244 -0.616554 0.77650905
seq13/frame00337.png 16.448572 -25.05003 -1.9542943 -0.10138427 0.08640156 -0.5980725 0.79029924
seq13/frame00338.png 16.437124 -25.838608 -2.0461044 -0.10501633 0.08232776 -0.58956265 0.79653025
seq13/frame00339.png 15.568001 -26.149004 -2.4842234 -0.11302402 0.06353368 -0.57038754 0.811109
seq13/frame00340.png 14.875875 -26.38853 -2.2279127 -0.10104514 0.084968925 -0.56198066 0.81650907
seq13/frame00341.png 14.499006 -26.638195 -2.1456184 -0.0632233 0.047099262 -0.5896033 0.8039287
seq13/frame00342.png 13.549585 -26.582655 -2.1349375 -0.014419305 0.05073918 -0.5969764 0.80054307
seq13/frame00343.png 13.434185 -27.214756 -2.1184287 0.026357858 0.00025970658 -0.58869344 0.8078669
seq13/frame00344.png 12.983632 -26.788109 -2.1610026 -0.006205965 0.04011103 -0.5933434 0.80400455
seq13/frame00345.png 11.691476 -25.73034 -2.0464027 0.02780555 -0.011825982 -0.6043252 0.796262
seq13/frame00346.png 11.375511 -25.782234 -2.1298733 0.034130134 0.004036276 -0.60942954 0.79199636
seq13/frame00347.png 10.880945 -25.1902 -1.9280055 0.031774957 0.021024534 -0.6210564 0.78286946
seq13/frame00348.png 10.348896 -24.45895 -1.9410684 0.05160378 -0.0037206486 -0.6540253 0.7546042
seq13/frame00349.png 10.638954 -25.098347 -2.051135 0.04654954 -0.0023062355 -0.654809 0.75426036
seq13/frame00350.png 10.754835 -25.392046 -1.9588567 0.047994714 0.008436053 -0.66182727 0.7479219
seq3/frame00001.png 15.431095 -32.62834 -2.4437966 -0.12653618 0.0772361 -0.6445837 0.74993896
seq3/frame00002.png 15.060911 -33.05189 -2.5793753 -0.12132593 0.07243943 -0.641352 0.7540985
seq3/frame00003.png 15.077369 -33.213757 -2.6656568 -0.12133374 0.06976489 -0.6368612 0.7580742
seq3/frame00004.png 15.122545 -33.33828 -2.8201425 -0.115947805 0.0714561 -0.6047489 0.7846022
seq3/frame00005.png 14.292739 -33.495678 -2.7251222 -0.09810097 0.057921607 -0.5441079 0.8312147
seq3/frame00006.png 14.5601845 -33.126583 -2.7503622 -0.11368312 0.05463933 -0.4927332 0.86090064
seq3/frame00007.png 15.451923 -32.709927 -2.5962465 -0.12316548 0.054518454 -0.45128384 0.8820862
seq3/frame00008.png 15.502614 -32.608395 -2.577383 -0.12754615 0.05023674 -0.43673226 0.88911605
seq3/frame00009.png 15.269525 -32.50346 -2.7404747 -0.1303822 0.057327595 -0.4741809 0.8688399
seq3/frame00010.png 14.113212 -33.586338 -2.7683923 -0.16380958 0.094137505 -0.5394855 0.8204613
seq3/frame00011.png 13.38113 -33.13815 -2.457419 -0.18546745 0.14049721 -0.59721756 0.76751596
seq3/frame00012.png 12.695405 -33.551292 -2.4262946 -0.1977384 0.18035193 -0.63098544 0.7279892
seq3/frame00013.png 13.225039 -32.745457 -2.372383 -0.14301291 0.13874534 -0.64921093 0.73387617
seq3/frame00014.png 14.316524 -32.73969 -2.3467453 -0.02587688 0.054294962 -0.6715386 0.73856026
seq3/frame00015.png 15.159486 -31.206957 -2.0622516 0.010942757 0.0013191759 -0.66754913 0.7446198
seq3/frame00016.png 15.2522955 -32.19378 -2.6130445 -0.02056704 0.019367412 -0.65022653 0.7592006
seq3/frame00017.png 16.231174 -31.897512 -2.5210176 -0.06568257 0.027658395 -0.6231222 0.7787068
seq3/frame00018.png 16.039707 -31.87228 -2.571305 -0.117762454 0.043147232 -0.6046821 0.78650576
seq3/frame00019.png 15.982556 -31.547434 -2.6031203 -0.16831554 0.109024756 -0.57889116 0.79033774
seq3/frame00020.png 15.588621 -31.024836 -2.4747102 -0.22352988 0.09803157 -0.49144453 0.8360835
seq3/frame00021.png 14.105466 -32.927265 -2.9316683 -0.34241563 0.14734086 -0.4194831 0.82760894
seq3/frame00022.png 16.443483 -30.364399 -2.5189993 -0.26026118 0.119310595 -0.4612168 0.83979833
seq3/frame00023.png 14.352756 -32.855556 -2.8799996 -0.3520687 0.1504347 -0.40621048 0.8297081
seq3/frame00024.png 17.134363 -28.77889 -2.2285976 -0.25354782 0.1414936 -0.46889883 0.83411014
seq3/frame00025.png 17.48074 -29.006413 -2.3218346 -0.26161143 0.17867975 -0.5483035 0.77387136
seq3/frame00026.png 17.318302 -28.58701 -2.2204132 -0.22141099 0.18995364 -0.60851324 0.73802286
seq3/frame00027.png 18.022507 -28.022469 -2.1339967 -0.24901247 0.16959769 -0.6188296 0.72552216
seq3/frame00028.png 18.55487 -27.954664 -2.3148372 -0.2726185 0.19731387 -0.5836456 0.738932
seq3/frame00029.png 21.059391 -26.48731 -2.2632585 -0.29136026 0.2130908 -0.55606645 0.74879867
seq3/frame00030.png 21.894587 -26.009096 -2.2022285 -0.2957084 0.23404941 -0.552964 0.7428451
seq3/frame00031.png 22.88586 -25.807695 -2.3598692 -0.3092815 0.22065127 -0.5495603 0.74389195
seq3/frame00032.png 23.097462 -25.304516 -2.2058978 -0.3101721 0.25090644 -0.5344151 0.7451013
seq3/frame00033.png 24.025051 -24.54159 -2.0835023 -0.34672603 0.25117585 -0.5214535 0.7381056
seq3/frame00034.png 24.407572 -24.065758 -2.1381593 -0.29503438 0.2704101 -0.59032995 0.700995
seq3/frame00035.png 24.318005 -23.764284 -2.1815486 -0.31093284 0.24132475 -0.57425225 0.7178577
seq3/frame00036.png 25.079098 -23.124546 -2.2456791 -0.309896 0.2072038 -0.5322598 0.7600443
seq3/frame00037.png 24.392977 -23.610985 -2.1805568 -0.30718365 0.15736711 -0.48384458 0.8043082
seq3/frame00038.png 25.120173 -23.760868 -2.196551 -0.32519394 0.1443547 -0.42251047 0.8335245
seq3/frame00039.png 26.225174 -23.945665 -2.377685 -0.35199988 0.13592692 -0.36751026 0.8499842
seq3/frame00040.png 26.156994 -23.947775 -2.1284235 -0.36219153 0.12542202 -0.34863433 0.8553884
seq3/frame00041.png 26.663633 -23.75182 -2.2223914 -0.3865884 0.14045054 -0.3526058 0.8405611
seq3/frame00042.png 26.059978 -23.754913 -2.378916 -0.38078696 0.14429347 -0.38122818 0.82996553
seq3/frame00043.png 24.248293 -23.281002 -2.1762562 -0.41145605 0.18594053 -0.41702673 0.7888691
seq3/frame00044.png 23.931082 -24.2467 -2.1056914 -0.4151846 0.24943598 -0.5002961 0.71783656
seq3/frame00045.png 20.074776 -27.156994 -2.2968864 -0.3512464 0.22769563 -0.5692391 0.7076676
seq3/frame00046.png 16.841438 -29.061783 -2.3194864 -0.25948432 0.2002142 -0.6244669 0.7090032
seq3/frame00047.png 24.676596 -22.699497 -2.0395913 -0.39235395 0.32288796 -0.5734952 0.6423911
seq3/frame00048.png 25.191095 -22.247984 -2.0042033 -0.2734008 0.24250695 -0.6217198 0.69289434
seq3/frame00049.png 22.892408 -23.35406 -1.9615564 -0.13465008 0.120462924 -0.66228575 0.7271294
seq3/frame00050.png 22.44624 -23.330858 -2.01446 -0.10946753 0.098854154 -0.66865873 0.72859687
seq3/frame00051.png 20.395073 -26.941105 -2.0112486 -0.15021789 0.12923165 -0.6588603 0.72572196
seq3/frame00052.png 24.13464 -21.738878 -1.8423994 -0.14580539 0.093522154 -0.64667237 0.74260885
seq3/frame00053.png 23.55548 -23.393768 -1.9067104 -0.18825014 0.10324195 -0.63971144 0.7380952
seq3/frame00054.png 24.357845 -22.160402 -1.9506675 -0.25010145 0.16156736 -0.61451584 0.73041654
seq3/frame00055.png 23.871199 -22.87891 -1.9150367 -0.24278541 0.14302559 -0.6290598 0.72439605
seq3/frame00056.png 25.497658 -20.883913 -1.9417729 -0.31898147 0.21962377 -0.5854349 0.7122777
seq3/frame00057.png 25.84186 -20.783735 -1.9238857 -0.38830814 0.24416806 -0.54314536 0.7032335
seq3/frame00058.png 25.96506 -19.654522 -1.6164894 -0.42592263 0.28147772 -0.48616627 0.70919687
seq3/frame00059.png 25.990494 -19.372593 -1.5729083 -0.4501045 0.27332345 -0.45044312 0.72099686
seq3/frame00060.png 26.507854 -19.012577 -1.8155416 -0.46430945 0.28038844 -0.4272626 0.7232578
seq3/frame00061.png 27.086937 -19.044884 -1.8499314 -0.44093496 0.26446936 -0.4590475 0.72450143
seq3/frame00062.png 27.616201 -17.471294 -1.7540817 -0.42831108 0.278679 -0.4768684 0.7152172
seq3/frame00063.png 28.944471 -16.10254 -1.1592743 -0.4122469 0.2735921 -0.4782771 0.7256168
seq3/frame00064.png 29.109163 -15.698367 -1.4419175 -0.4046026 0.29187506 -0.5070996 0.70266914
seq3/frame00065.png 29.310377 -14.954402 -1.3734425 -0.43463543 0.29680708 -0.50395614 0.6850097
seq3/frame00066.png 28.92973 -15.460302 -1.647834 -0.46153164 0.30081242 -0.49684504 0.67061335
seq3/frame00067.png 27.967474 -14.762355 -1.6626261 -0.44419146 0.32548338 -0.47864842 0.6837388
seq3/frame00068.png 29.025997 -13.830794 -1.5387182 -0.49351823 0.32142136 -0.42229426 0.6889854
seq3/frame00069.png 28.881176 -13.1785755 -1.6190971 -0.49745682 0.34850872 -0.42578697 0.6706475
seq3/frame00070.png 29.56423 -12.168179 -1.5545977 -0.5144548 0.33317113 -0.40582865 0.67791164
seq3/frame00071.png 29.734156 -11.618308 -1.5399054 -0.55230343 0.3497221 -0.38247713 0.6531152
seq3/frame00072.png 29.765495 -11.493807 -1.3459778 -0.56305206 0.34966192 -0.36192545 0.655715
seq3/frame00073.png 29.874226 -10.544288 -1.3313876 -0.5807906 0.36875442 -0.34053016 0.64104766
seq3/frame00074.png 29.33132 -9.694379 -1.2247674 -0.585605 0.3844652 -0.34504852 0.6244168
seq3/frame00075.png 29.680376 -9.404117 -1.1776022 -0.5785427 0.3828772 -0.36347875 0.6218058
seq3/frame00076.png 28.473362 -6.3320494 -1.0963131 0.643044 -0.41568458 0.3195584 -0.55820096
seq3/frame00077.png 29.203444 -7.6118593 -1.268115 0.60588443 -0.38637787 0.4018914 -0.5675539
seq3/frame00078.png 29.034029 -7.488359 -1.2178024 0.6117492 -0.40599534 0.4139521 -0.53826743
seq3/frame00079.png 29.78155 -7.882777 -1.1095861 0.6002293 -0.4637408 0.438065 -0.48265448
seq3/frame00080.png 34.705456 -5.1922894 -0.88860905 0.5867182 -0.5128063 0.43879035 -0.4475027
seq3/frame00081.png 30.510624 -7.1906776 -1.1035597 0.59446913 -0.5172087 0.4197219 -0.45070308
seq3/frame00082.png 27.749485 -7.2893147 -0.9301334 -0.47896573 0.43059683 -0.520454 0.5605059
seq3/frame00083.png 28.297638 -5.2069974 -0.8672661 -0.46860278 0.39051998 -0.5441155 0.57589704
seq3/frame00084.png 28.172396 -8.673459 -1.2846707 -0.50364316 0.3759289 -0.49919203 0.5964839
seq3/frame00085.png 28.006712 -9.728336 -1.3572599 -0.5009492 0.30870682 -0.4633711 0.6626824
seq3/frame00086.png 29.041521 -10.707099 -1.3550876 -0.5050473 0.29421538 -0.4596816 0.6686651
seq3/frame00087.png 29.690676 -10.323808 -1.3744526 -0.54846257 0.32164916 -0.43806902 0.6355434
seq3/frame00088.png 31.147326 -7.2248216 -1.1920925 -0.5868147 0.31665447 -0.38112926 0.64029145
seq3/frame00089.png 31.088917 -4.5390005 -0.9446972 0.6687678 -0.3045516 0.30260083 -0.6072779
seq3/frame00090.png 32.304714 -3.6887615 -0.68999827 0.70581084 -0.30028525 0.28394142 -0.57557917
seq3/frame00091.png 32.552418 -3.696235 -0.6656992 0.7152172 -0.29763737 0.28016445 -0.56698525
seq3/frame00092.png 30.008732 -4.071694 -0.7358282 0.68301314 -0.39042088 0.29162604 -0.5442122
seq3/frame00093.png 29.51299 -4.7870073 -0.86646205 0.6757474 -0.4744638 0.31356564 -0.46895412
seq3/frame00094.png 32.04211 -5.3601375 -0.9770168 0.64749557 -0.5288179 0.34873345 -0.42361987
seq3/frame00095.png 31.890265 -5.6964116 -1.0729178 0.6371859 -0.5368952 0.36476308 -0.4158663
seq3/frame00096.png 32.081646 -6.126248 -1.0805023 0.6289669 -0.52925795 0.38494685 -0.41972366
seq3/frame00097.png 28.85041 -7.8515344 -1.1259353 0.5593172 -0.47110373 0.47128105 -0.4933242
seq3/frame00098.png 26.384895 -7.0243826 -0.89681065 -0.48176044 0.42603198 -0.52112055 0.5609602
seq5/frame00001.png 33.409996 -9.986968 -1.1631871 -0.42199633 0.40416414 -0.5613772 0.58602214
seq5/frame00002.png 32.587963 -9.1445 -1.1845819 -0.43177706 0.41658407 -0.54667294 0.5841444
seq5/frame00003.png 32.988556 -9.378941 -1.1694356 -0.4255913 0.4108002 -0.55227005 0.58750767
seq5/frame00004.png 32.926888 -9.98264 -1.4930744 -0.39655808 0.4139345 -0.5652033 0.5931779
seq5/frame00005.png 33.384422 -8.654685 -1.3679315 -0.4067729 0.4125455 -0.5578688 0.59408396
seq5/frame00006.png 32.303127 -9.458192 -1.3627292 -0.37904075 0.4061548 -0.58588076 0.59005713
seq5/frame00007.png 30.420464 -10.173901 -1.3026583 -0.40895772 0.37403253 -0.5666381 0.6095565
seq5/frame00008.png 33.134342 -4.4405723 -0.8198406 -0.39211604 0.38654804 -0.5678475 0.6118053
seq5/frame00009.png 28.08552 -9.004218 -1.1320639 -0.38065603 0.36238024 -0.5769194 0.62535393
seq5/frame00010.png 28.947662 -9.643471 -1.1947447 -0.45864007 0.374566 -0.52075535 0.6146233
seq5/frame00011.png 29.24786 -10.275646 -1.254334 -0.46364918 0.36679447 -0.5118256 0.62331927
seq5/frame00012.png 27.936317 -11.559706 -1.3602288 -0.40460175 0.3036846 -0.56232786 0.6541715
seq5/frame00013.png 27.328602 -11.66325 -1.3401597 -0.408281 0.30819723 -0.5586462 0.6529107
seq5/frame00014.png 25.941305 -10.563055 -1.3228853 -0.43196052 0.33788708 -0.53124386 0.6458025
seq5/frame00015.png 25.324638 -11.185422 -1.3711649 -0.4300138 0.31649232 -0.54037964 0.6503584
seq5/frame00016.png 24.521149 -10.436039 -1.2866031 -0.42298907 0.3306416 -0.5288176 0.65719104
seq5/frame00017.png 24.873262 -10.810688 -1.3606951 -0.42090422 0.2991256 -0.5218601 0.678935
seq5/frame00018.png 25.933159 -9.549835 -1.2425132 -0.5165514 0.36389226 -0.47047493 0.6159625
seq5/frame00019.png 27.544254 -10.834828 -1.396523 -0.5252564 0.37424642 -0.4638073 0.60738105
seq5/frame00020.png 27.072283 -11.077835 -1.2560642 0.5633369 -0.43936908 0.4367383 -0.5467668
seq5/frame00021.png 27.070717 -11.214544 -1.1761845 0.5796966 -0.45771372 0.42345232 -0.52465063
seq5/frame00022.png 27.401628 -11.435795 -1.416454 0.5764532 -0.46738303 0.42224067 -0.5210909
seq5/frame00023.png 25.763792 -10.93394 -1.4885193 0.60392004 -0.48283786 0.37588587 -0.5108834
seq5/frame00024.png 25.488295 -11.598163 -1.3927798 0.602763 -0.40017542 0.3855609 -0.572822
seq5/frame00025.png 25.57126 -11.367756 -1.5141697 0.62653315 -0.37232885 0.35055608 -0.58840036
seq5/frame00026.png 26.00623 -11.651414 -1.5757581 -0.59305155 0.37296173 -0.3689835 0.6108131
seq5/frame00027.png 24.555202 -12.692289 -1.6891744 -0.5769131 0.35810533 -0.38712874 0.623668
seq5/frame00028.png 24.688566 -13.0172205 -1.7676598 -0.55733687 0.3598641 -0.4141343 0.6232336
seq5/frame00029.png 22.950857 -13.544591 -2.1965127 -0.5469489 0.35315123 -0.42171928 0.63116467
seq5/frame00030.png 23.179752 -12.936699 -1.6499143 -0.5543923 0.38996655 -0.42768425 0.59802955
seq5/frame00031.png 21.61764 -13.659006 -2.0269983 -0.5459059 0.40056846 -0.4232216 0.60184777
seq5/frame00032.png 23.11671 -15.0353565 -1.5704412 -0.56452066 0.4186377 -0.4209235 0.57367706
seq5/frame00033.png 22.439095 -15.161473 -1.5077088 -0.5628764 0.4194654 -0.4175275 0.5767625
seq5/frame00034.png 20.83331 -14.666895 -1.9209514 -0.5259422 0.39769983 -0.4517943 0.6009026
seq5/frame00035.png 20.355436 -15.130468 -1.8816867 -0.5033923 0.38461873 -0.46171325 0.62090945
seq5/frame00036.png 19.848042 -15.325953 -1.6578526 -0.49065042 0.37820762 -0.48876235 0.6142073
seq5/frame00037.png 20.190182 -15.970021 -1.8635125 -0.49334842 0.380441 -0.4706882 0.62489015
seq5/frame00038.png 20.05358 -15.143074 -1.6026776 -0.45143893 0.33223838 -0.51784647 0.6461273
seq5/frame00039.png 24.969181 -14.778577 -1.7195194 -0.38769367 0.30739868 -0.54459155 0.6772699
seq5/frame00040.png 24.756905 -16.054132 -1.7259015 -0.36256945 0.28249198 -0.5527209 0.69524664
seq5/frame00041.png 23.443449 -17.436832 -1.9404683 -0.2976429 0.27916598 -0.5978069 0.68998134
seq5/frame00042.png 17.31552 -23.89556 -2.1615982 -0.27384347 0.318072 -0.6296089 0.65377265
seq5/frame00043.png 16.142792 -23.78601 -2.272252 -0.25479287 0.25170663 -0.63199204 0.6872336
seq5/frame00044.png 18.161789 -24.047604 -2.105301 -0.32554215 0.2634873 -0.5846758 0.6948295
seq5/frame00045.png 16.97337 -24.470652 -2.2055485 -0.26145062 0.25663492 -0.610845 0.7018326
seq5/frame00046.png 16.651936 -24.959631 -2.0153782 -0.27009606 0.2468809 -0.6209348 0.69318056
seq5/frame00047.png 15.998364 -24.581274 -2.2263715 -0.26557288 0.25924706 -0.6255993 0.686256
seq5/frame00048.png 17.204853 -25.457104 -2.1510184 -0.2610023 0.2402461 -0.60223424 0.7151105
seq5/frame00049.png 19.411352 -24.898888 -2.177415 -0.23738664 0.22943914 -0.6103683 0.7199802
seq5/frame00050.png 18.40847 -26.120201 -1.998315 -0.22421347 0.20549104 -0.6039225 0.7367606
seq5/frame00051.png 18.029152 -26.619785 -2.0407355 -0.21841203 0.20200415 -0.6088811 0.73537165
seq5/frame00052.png 17.294739 -27.409554 -2.0689626 -0.19856408 0.19466802 -0.62153757 0.7323776
seq5/frame00053.png 17.695124 -27.811869 -2.1501818 -0.17124327 0.16860338 -0.6248618 0.7427424
seq5/frame00054.png 18.055946 -28.136904 -1.9928102 -0.13526274 0.14418273 -0.6238332 0.7560991
seq5/frame00055.png 17.424873 -28.59886 -2.2005534 -0.11045517 0.12486041 -0.6224462 0.76464784
seq5/frame00056.png 17.916782 -28.768333 -2.168491 -0.09056979 0.09371502 -0.6288875 0.7665213
seq5/frame00057.png 17.2141 -29.43944 -2.2168262 -0.064241536 0.091017306 -0.6278996 0.7702547
seq5/frame00058.png 17.259613 -29.102028 -2.149744 -0.07730849 0.09234775 -0.6278893 0.7689065
seq5/frame00059.png 17.069324 -29.456242 -2.2626522 -0.11942636 0.13051175 -0.5879214 0.78941053
seq5/frame00060.png 18.28209 -28.886843 -2.1927 -0.071927726 0.09114267 -0.60722953 0.7860206
seq5/frame00061.png 18.359392 -28.472782 -2.204234 -0.114989646 0.06982678 -0.59017026 0.79591703
seq5/frame00062.png 18.416845 -28.040995 -2.1282866 -0.1282631 0.07586029 -0.56659424 0.8105069
seq5/frame00063.png 18.688246 -27.570251 -2.200314 -0.12622796 0.06962766 -0.550489 0.8222447
seq5/frame00064.png 18.856098 -26.7751 -2.2119062 -0.14835052 0.09856192 -0.54211855 0.8212049
seq5/frame00065.png 19.014887 -26.665638 -2.2531953 -0.1505543 0.11382897 -0.5424279 0.8187112
seq5/frame00066.png 19.6725 -26.18527 -2.1995897 -0.1539289 0.10668129 -0.52582264 0.8297081
seq5/frame00067.png 20.6947 -26.012022 -2.160461 -0.12132267 0.102258466 -0.5425665 0.8248016
seq5/frame00068.png 21.368242 -25.34639 -2.0097308 -0.1816495 0.13393702 -0.55320704 0.8018761
seq5/frame00069.png 22.073511 -24.80359 -2.075243 -0.18196338 0.14131683 -0.5706681 0.78824985
seq5/frame00070.png 22.332438 -24.174492 -2.1079686 -0.19416134 0.13726245 -0.59588957 0.76717794
seq5/frame00071.png 21.42986 -24.140388 -1.9096934 -0.17835444 0.13679567 -0.64220095 0.73276293
seq5/frame00072.png 21.536598 -22.449272 -1.8409209 -0.2077756 0.17054144 -0.6605283 0.7009733
seq5/frame00073.png 23.72548 -20.928984 -1.8636004 -0.26052886 0.2374284 -0.638352 0.6844024
seq5/frame00074.png 23.778286 -20.76627 -1.849542 -0.27991202 0.27797166 -0.60885435 0.6880879
seq5/frame00075.png 24.16211 -20.649025 -1.9335434 -0.29476112 0.28070438 -0.60769033 0.6819735
seq5/frame00076.png 24.226068 -20.265318 -1.7506975 -0.31910762 0.2987839 -0.60169363 0.66848254
seq5/frame00077.png 24.239964 -18.837275 -1.8740098 -0.3312758 0.30071688 -0.5912796 0.67096597
seq5/frame00078.png 24.156225 -18.310038 -1.7360048 -0.34992242 0.30380175 -0.59178835 0.6594567
seq5/frame00079.png 23.448471 -18.46143 -1.7757074 -0.35202873 0.28981397 -0.5932489 0.66318303
seq5/frame00080.png 23.507494 -17.357164 -2.3400126 -0.3596084 0.35656443 -0.59700334 0.6222075
seq5/frame00081.png 22.903425 -16.982487 -1.8174258 -0.3696716 0.3406401 -0.5859037 0.63545334
seq5/frame00082.png 22.801893 -16.448992 -2.15108 -0.40039915 0.35240087 -0.5669343 0.62754
