seq13/frame00001.png 28.910215 -17.453608 -1.5505221 -0.4018911 0.31220648 -0.5262081 0.68121237
seq13/frame00002.png 28.80064 -17.691397 -1.5601109 -0.403035 0.31877825 -0.52837956 0.67587155
seq13/frame00003.png 28.832985 -18.240952 -1.5477983 -0.41421905 0.3201965 -0.5220692 0.67316824
seq13/frame00004.png 29.143003 -17.116266 -1.6598918 -0.4212801 0.30833158 -0.49198994 0.69658417
seq13/frame00005.png 27.842373 -17.963907 -1.809271 -0.4009174 0.28069428 -0.5161475 0.7028862
seq13/frame00006.png 27.802608 -17.817896 -1.7021414 -0.37718332 0.28537148 -0.5182149 0.71256673
seq13/frame00007.png 27.823488 -16.969416 -1.6437443 -0.3814852 0.26289517 -0.5148527 0.7212508
seq13/frame00008.png 26.40625 -17.57012 -1.8223401 -0.37636602 0.26485738 -0.50656605 0.72895277
seq13/frame00009.png 26.764824 -18.150148 -2.0159001 -0.40685725 0.26618287 -0.49685487 0.7188774
seq13/frame00010.png 26.471285 -19.688946 -2.051389 -0.40532616 0.22072653 -0.4541896 0.761949
seq13/frame00011.png 27.069199 -18.361506 -1.7249049 -0.38662973 0.1622281 -0.42162603 0.80400455
seq13/frame00012.png 26.509893 -19.712883 -2.2393334 -0.41589582 0.16430277 -0.3920566 0.8039287
seq13/frame00013.png 26.294495 -19.177483 -2.1311028 -0.4298482 0.142799 -0.37323368 0.8096404
seq13/frame00014.png 26.139639 -20.578362 -2.1119275 -0.37360626 0.13567767 -0.41034222 0.8207588
seq13/frame00015.png 24.79872 -21.358286 -2.2056355 -0.35885754 0.12764393 -0.4306887 0.81826377
seq13/frame00016.png 23.279863 -22.167673 -2.062455 -0.3407135 0.16177736 -0.4782916 0.7932285
seq13/frame00017.png 22.235764 -21.522392 -1.9702137 -0.29229566 0.22884743 -0.54582447 0.75099623
seq13/frame00018.png 22.946901 -20.39651 -1.7904918 -0.28274938 0.25891256 -0.5971223 0.7044692
seq13/frame00019.png 22.873205 -20.067537 -1.6649818 -0.27831727 0.279389 -0.60653055 0.6905229
seq13/frame00020.png 23.441866 -20.263947 -1.6922739 -0.25179094 0.27391458 -0.6306489 0.68095475
seq13/frame00021.png 21.302113 -22.143963 -1.6053898 -0.101882465 0.14636032 -0.6787452 0.7123741
seq13/frame00022.png 21.027218 -21.927929 -1.6916773 -0.15880953 0.15968241 -0.65033984 0.72546965
seq13/frame00023.png 20.38175 -22.492437 -1.9863575 -0.23476017 0.21547982 -0.60707694 0.72790533
seq13/frame00024.png 17.72419 -25.125528 -2.1566477 -0.26233336 0.20763323 -0.56809807 0.7518491
seq13/frame00025.png 17.898462 -24.777695 -2.1863708 -0.34574208 0.24742347 -0.5247797 0.73738164
seq13/frame00026.png 17.930418 -24.701445 -2.111474 -0.30075192 0.2570041 -0.5453349 0.7389113
seq13/frame00027.png 17.55126 -24.675749 -1.9960054 -0.29473904 0.26562637 -0.5820817 0.70967007
seq13/frame00028.png 15.911544 -24.50362 -1.917715 -0.21393664 0.22473992 -0.62448215 0.71680486
seq13/frame00029.png 15.670816 -24.917646 -1.9829339 -0.1466335 0.18494453 -0.6624263 0.71094286
seq13/frame00030.png 13.587394 -24.808788 -1.8652239 -0.12724915 0.17550707 -0.6785462 0.7017891
seq13/frame00031.png 14.909893 -25.536324 -2.0336766 -0.16249102 0.21406902 -0.648507 0.71208483
seq13/frame00032.png 14.2444 -26.493465 -1.9355333 -0.17031911 0.2026892 -0.65256035 0.7099065
seq13/frame00033.png 16.04191 -26.071722 -1.9869362 -0.16390873 0.23369837 -0.632121 0.7203086
seq13/frame00034.png 12.545373 -25.027273 -1.9062179 -0.17064476 0.19803697 -0.6545738 0.70940125
seq13/frame00035.png 13.780017 -26.159416 -2.0354853 -0.2526442 0.2264184 -0.61683 0.7102611
seq13/frame00036.png 12.377558 -26.87356 -2.0520148 -0.21118207 0.20151335 -0.65869045 0.69347763
seq13/frame00037.png 12.390069 -28.629938 -2.134064 -0.21996969 0.22921275 -0.62103075 0.7164642
seq13/frame00038.png 11.010574 -28.965185 -2.1845255 -0.18331005 0.21657144 -0.63942176 0.71456623
seq13/frame00039.png 6.3729553 -27.818083 -2.5660448 -0.1773668 0.2296448 -0.6511316 0.70152813
seq13/frame00040.png 11.681333 -30.0947 -2.1357408 -0.15992095 0.20881167 -0.6447876 0.7175176
seq13/frame00041.png 10.321534 -32.08771 -2.2321527 -0.15105344 0.18670024 -0.6471038 0.7236269
seq13/frame00042.png 9.122689 -32.12309 -2.20873 -0.11319603 0.15870193 -0.66839767 0.7177409
seq13/frame00043.png 9.447127 -32.330917 -2.2681177 -0.13111554 0.168439 -0.6624517 0.7181022
seq13/frame00044.png 8.483148 -33.502537 -2.462767 -0.09759408 0.12775321 -0.6689042 0.7257745
seq13/frame00045.png 8.22398 -33.921383 -2.285163 -0.12019548 0.14739323 -0.65908 0.7275174
seq13/frame00046.png 8.664186 -33.455498 -2.2915812 -0.08107654 0.13486305 -0.6534767 0.7402936
seq13/frame00047.png 8.033595 -34.317703 -2.3113549 -0.060274698 0.11610966 -0.67957556 0.72174245
seq13/frame00048.png 6.9253464 -34.68699 -2.2631316 -0.080688536 0.1333279 -0.6678134 0.727874
seq13/frame00049.png 10.884846 23.468359 1.2655109 -0.03622867 0.098220915 -0.6989393 0.70716107
seq13/frame00050.png 0.25501633 32.509117 2.286823 0.18006924 -0.027963692 -0.6690949 0.72027695
seq13/frame00051.png 1.1047277 32.56434 2.2840924 0.1407803 -0.034821544 -0.66206586 0.73529905
seq13/frame00052.png -2.0545778 32.3383 2.1769402 -0.10970381 0.116787836 -0.64801055 0.74446607
seq13/frame00053.png 0.44165707 -34.19092 -2.8122232 -0.0576229 0.100941785 -0.69190305 0.7125883
seq13/frame00054.png 1.4453201 -36.104458 -2.2971494 -0.037486855 0.0691391 -0.69570816 0.7139547
seq13/frame00055.png 2.153182 -36.194664 -2.4507773 0.036986466 0.037464015 -0.68464845 0.7269142
seq13/frame00056.png 3.044509 -35.356846 -2.4528177 0.08119187 0.001177608 -0.68318087 0.7256168
seq13/frame00057.png 1.9058046 -35.42498 -2.6466177 0.13635539 -0.041995622 -0.66675615 0.7314082
seq13/frame00058.png 2.2217875 -35.498978 -2.7428157 0.19170995 -0.087346405 -0.6361284 0.74244446
seq13/frame00059.png 0.43230247 -36.91596 -2.8521965 0.2236222 -0.076432906 -0.60122955 0.76340955
seq13/frame00060.png -0.005340576 -35.5133 -2.4951832 0.2068748 -0.09326826 -0.56210387 0.79526496
seq13/frame00061.png -0.10735607 -35.50538 -2.6219587 0.22047685 -0.07703633 -0.5255631 0.81804
seq13/frame00062.png -0.25953388 -34.906105 -2.4346364 0.23868823 -0.118305005 -0.54788226 0.79295915
seq13/frame00063.png -1.2191048 -33.705994 -2.4060094 0.2576529 -0.12851253 -0.55878425 0.7777068
seq13/frame00064.png -1.8052921 -33.43039 -2.589172 0.23976788 -0.12630813 -0.61146766 0.74344057
seq13/frame00065.png -2.3443232 -32.819336 -2.4019868 0.18512419 -0.110966615 -0.6423946 0.73539233
seq13/frame00066.png -3.216259 -32.45522 -2.2871664 0.15573095 -0.07570952 -0.6621077 0.7289841
seq13/frame00067.png -4.3993816 -31.684793 -2.2000723 0.10543897 -0.052588943 -0.6393016 0.7597631
seq13/frame00068.png -4.1586037 -31.56482 -2.36739 0.07235508 0.0024901938 -0.638924 0.7659438
seq13/frame00069.png -4.9672823 -30.837158 -2.2162688 0.08134767 -0.018981121 -0.6381804 0.76530606
seq13/frame00070.png -4.5109835 -30.617224 -2.1184108 0.078003496 0.010857925 -0.6498609 0.7560587
seq13/frame00071.png -5.749464 -29.670822 -2.0197685 0.082260005 -0.0024983124 -0.66168416 0.7451319
seq13/frame00072.png -5.797698 -29.24855 -2.2507868 0.106117934 -0.016256107 -0.6439594 0.7574903
seq13/frame00073.png -6.473815 -28.850704 -1.9585108 0.19215825 -0.099495366 -0.61904633 0.7548468
seq13/frame00074.png -7.367297 -28.340256 -2.3283994 0.25650242 -0.14438508 -0.5753012 0.76322967
seq13/frame00075.png -7.9176226 -29.106293 -2.472947 0.2809574 -0.18050057 -0.5717701 0.749369
seq13/frame00076.png -7.705065 -28.962029 -1.9468802 0.3352967 -0.2106021 -0.5338276 0.74706465
seq13/frame00077.png -6.824541 -28.03078 -1.6957003 0.34123114 -0.23361936 -0.5170168 0.74963367
seq13/frame00078.png -1.0421095 -22.595581 -1.91428 0.3077101 -0.22439313 -0.54002774 0.7504678
seq13/frame00079.png -7.8368893 -27.244984 -2.152557 0.3044684 -0.21335839 -0.5452486 0.7513416
seq13/frame00080.png -3.4682417 -26.425219 -2.1079133 0.31636995 -0.2039185 -0.55513895 0.7416939
seq13/frame00081.png -10.520484 -26.006645 -2.345779 0.3189592 -0.24964485 -0.55756795 0.7246699
seq13/frame00082.png -8.748095 -26.550856 -2.214792 0.2561553 -0.18149823 -0.5928119 0.7415087
seq13/frame00083.png -9.607261 -24.306406 -1.7185371 0.2600771 -0.18491957 -0.5950531 0.7374851
seq13/frame00084.png -12.0094795 -23.699892 -1.8715869 0.152309 -0.110741206 -0.62939006 0.75407827
seq13/frame00085.png -12.986011 -24.209112 -1.6067533 0.086447075 -0.053066183 -0.61725557 0.78017503
seq13/frame00086.png -12.341221 -23.485666 -1.7011744 0.034323145 -0.00907468 -0.64335936 0.76464784
seq13/frame00087.png -13.089367 -23.989782 -1.6914917 0.019744001 0.02616185 -0.6463616 0.7622294
seq13/frame00088.png -12.3062105 -24.694637 -1.738099 0.02863765 0.023355823 -0.64616746 0.76226944
seq13/frame00089.png -13.1538105 -23.175077 -1.5182644 0.1439126 -0.109019175 -0.6184212 0.7648872
seq13/frame00090.png -15.229675 -20.171541 -1.2410915 0.2228782 -0.13769633 -0.61620235 0.7426807
seq13/frame00091.png -14.272514 -21.579414 -1.4826123 0.36844563 -0.23253468 -0.5616063 0.7033745
seq13/frame00092.png -14.415993 -21.87088 -1.437841 0.38664582 -0.255026 -0.5663166 0.6817889
seq13/frame00093.png -15.343127 -21.498978 -1.419354 0.3877104 -0.26291528 -0.56799257 0.67676836
seq13/frame00094.png -14.872618 -20.955286 -1.3932935 0.40992627 -0.27426493 -0.5497068 0.67418754
seq13/frame00095.png -16.393349 -19.838789 -1.385959 0.43759933 -0.26485473 -0.49735114 0.7007338
seq13/frame00096.png -14.754044 -21.56656 -1.4584838 0.44725075 -0.22778016 -0.43217948 0.7492061
seq13/frame00097.png -15.676511 -22.922676 -1.6933032 0.45294783 -0.25120965 -0.43146542 0.73870474
seq13/frame00098.png -14.936941 -22.747108 -1.8066322 0.47017694 -0.25625953 -0.43731692 0.7225401
seq13/frame00099.png -17.507694 -21.190979 -1.2640368 0.47641405 -0.28147814 -0.44100255 0.70667505
seq13/frame00100.png -18.981524 -18.855347 -1.0866655 0.49049845 -0.29386714 -0.42748666 0.70031995
seq13/frame00101.png -19.536139 -17.724993 -1.2876129 0.3211757 -0.21620063 -0.5377788 0.74883944
seq13/frame00102.png -16.942839 -20.984251 -1.4153755 0.14494808 -0.11103786 -0.62195027 0.76152843
seq13/frame00103.png -17.505514 -18.75397 -1.1570965 0.15629646 -0.062031902 -0.6215158 0.7650069
seq13/frame00104.png -21.636759 -15.07817 -0.6939814 0.17444411 -0.074859716 -0.6256594 0.7566236
seq13/frame00105.png -22.797764 -14.285437 -0.70667934 0.21967347 -0.1066243 -0.6197345 0.74573576
seq13/frame00106.png -20.321573 -17.060667 -0.91186535 0.3215033 -0.19948804 -0.6005439 0.70431757
seq13/frame00107.png -19.932787 -16.52732 -1.0140414 0.38958606 -0.23423594 -0.60333216 0.65533674
seq13/frame00108.png -23.234045 -14.817951 -0.689657 0.41590577 -0.2686328 -0.5919711 0.6359514
seq13/frame00109.png -21.461796 -15.740129 -0.804302 0.48419416 -0.32481727 -0.56516325 0.58382434
seq13/frame00110.png -26.814028 -10.964826 -0.6375798 0.50657004 -0.34342232 -0.5115285 0.6031584
seq13/frame00111.png -24.325611 -12.658268 -0.45980692 0.47670567 -0.3286809 -0.5233707 0.6251964
seq13/frame00112.png -24.952778 -13.018765 -0.5664315 0.4579839 -0.3246459 -0.5382051 0.6288308
seq13/frame00113.png -25.418877 -11.380013 -0.34095633 0.47952986 -0.31385878 -0.51877725 0.634497
seq13/frame00114.png -26.015549 -11.978047 -0.56212354 0.4506367 -0.29429337 -0.5439307 0.64375603
seq13/frame00115.png -27.180908 -11.686146 -0.5118613 0.47252676 -0.32172656 -0.5319773 0.6247192
seq13/frame00116.png -27.461386 -10.760866 -0.481647 0.49013132 -0.31011775 -0.49541473 0.64692384
seq13/frame00117.png -28.328438 -9.770362 -0.34794414 0.5355024 -0.34180686 -0.46715093 0.6152499
seq13/frame00118.png -27.45988 -10.047085 -0.6158942 0.53507364 -0.3110954 -0.44625673 0.64631325
seq13/frame00119.png -27.02713 -10.31036 -0.67078066 0.5379322 -0.33270684 -0.45095792 0.6298306
seq13/frame00120.png -26.93821 -9.633551 -0.59073615 0.5387284 -0.33543447 -0.4383103 0.63637716
seq13/frame00121.png -25.507133 -11.048065 -0.45491135 0.5378116 -0.34059623 -0.42531696 0.6434769
seq13/frame00122.png -27.190586 -7.094533 0.11515653 0.4479492 -0.28527537 -0.4741969 0.7022564
seq13/frame00123.png -27.129477 -7.5277624 -0.05078864 0.5036584 -0.3146766 -0.43504328 0.6769318
seq13/frame00124.png -27.865953 -6.1928844 0.51316965 0.528866 -0.33938515 -0.4315773 0.6474366
seq13/frame00125.png -28.11339 -10.174432 -0.20294905 0.5618202 -0.36115512 -0.41489667 0.61804295
seq13/frame00126.png -31.68179 -6.3741665 0.086328745 0.5888172 -0.37524155 -0.37925586 0.60722405
seq13/frame00127.png -31.764109 -6.804961 0.23753214 0.58531535 -0.36667722 -0.3937146 0.6066859
seq13/frame00128.png -33.61997 -3.283742 0.019049883 0.5638593 -0.35847533 -0.43086982 0.6064988
seq13/frame00129.png -33.393887 -3.4869747 -0.14781928 0.5765214 -0.3499643 -0.42168954 0.6059883
seq13/frame00130.png -35.494488 -3.4887772 -0.054281116 0.54757494 -0.32759035 -0.4362421 0.63456726
seq13/frame00131.png -36.90733 -3.4359941 -0.4500594 0.54825974 -0.343232 -0.44968396 0.61607397
seq13/frame00132.png -36.580086 -2.469966 0.19948363 0.53511494 -0.34897393 -0.4645689 0.61341417
seq13/frame00133.png -36.042496 -1.5655308 -0.13837874 0.56261444 -0.35411644 -0.42461702 0.6146753
seq13/frame00134.png -32.613007 -3.8118267 0.1384095 0.5832091 -0.3413651 -0.43336457 0.5964231
seq13/frame00135.png -39.72008 0.35639572 0.19673705 0.57871854 -0.39584044 -0.4320021 0.56730187
seq13/frame00136.png -32.26755 -1.3896294 0.37273765 0.5767459 -0.40159273 -0.43129697 0.5657499
seq13/frame00137.png -27.37357 -5.9620533 -0.21510315 0.07442208 0.0034614918 -0.6373919 0.7670188
seq13/frame00138.png -39.37386 3.492113 0.8747909 0.6281172 -0.44324827 -0.38704664 0.50898486
seq13/frame00139.png -36.257202 0.09934902 0.034739733 0.5176385 -0.353693 -0.48260355 0.6114853
seq13/frame00140.png -36.822628 2.5415306 0.82115746 0.47572055 -0.36267984 -0.49757823 0.62828726
seq13/frame00141.png -38.94662 0.7527704 0.7165506 0.60141665 -0.3990923 -0.40194657 0.5633468
seq13/frame00142.png -42.42666 5.314286 1.1916752 0.59297854 -0.4299892 -0.4220636 0.53430855
seq13/frame00143.png -40.040752 5.6903095 0.9643285 0.59585357 -0.417223 -0.42202458 0.54094946
seq13/frame00144.png -42.003777 7.8352623 1.2657415 0.59266967 -0.43031627 -0.43492478 0.5238767
seq13/frame00145.png -41.88839 8.193933 1.3061879 0.5884192 -0.43644574 -0.43271154 0.5255864
seq13/frame00146.png -42.35243 10.041012 1.5864118 0.58312637 -0.3916315 -0.43746337 0.56133896
seq13/frame00147.png -41.3221 10.858872 1.5711318 0.58243626 -0.39863855 -0.4584425 0.54020715
seq13/frame00148.png -41.963898 9.94332 1.770604 0.53789616 -0.3400008 -0.50205725 0.58584636
seq13/frame00149.png -41.239906 10.112094 1.5258576 0.53050053 -0.32701248 -0.505448 0.59688985
seq13/frame00150.png -39.8552 10.358044 1.8883427 0.5363929 -0.30303675 -0.5332352 0.5798644
seq13/frame00151.png -40.27042 14.0325165 2.2140977 0.5595967 -0.3948603 -0.482198 0.5463311
seq13/frame00152.png -41.704594 13.221393 1.8003477 0.54074407 -0.39172414 -0.5136829 0.5387971
seq13/frame00153.png -39.660133 14.9972725 2.131282 0.5783691 -0.42901808 -0.46934366 0.5109224
seq13/frame00154.png -38.32211 15.180826 2.0410676 0.5847253 -0.43236583 -0.4694869 0.5004624
seq13/frame00155.png -37.386524 13.687651 1.543303 0.6147971 -0.43465912 -0.42679143 0.500852
seq13/frame00156.png -38.186058 13.796904 1.9402442 0.58584553 -0.39945722 -0.44637215 0.545919
seq13/frame00157.png -37.390884 14.3640375 1.795415 0.60281676 -0.4153652 -0.43441284 0.5244746
seq13/frame00158.png -37.707893 15.091022 1.7515666 0.594023 -0.39704388 -0.44613534 0.53902024
seq13/frame00159.png -36.343002 14.683334 1.241634 0.6002357 -0.39605 -0.43434882 0.54249114
seq13/frame00160.png -36.051884 16.33419 1.5964653 0.60829103 -0.3812637 -0.42613864 0.5504583
seq13/frame00161.png -36.709114 16.589401 1.5590785 0.61568993 -0.39594936 -0.41474745 0.5403737
seq13/frame00162.png -36.379364 18.058475 1.7998735 0.62286013 -0.41185933 -0.41362318 0.52092415
seq13/frame00163.png -36.09712 18.539991 2.0361707 0.6168784 -0.40671328 -0.42280373 0.5246892
seq13/frame00164.png -35.410744 18.385138 1.8078473 0.64704764 -0.42433763 -0.39410526 0.49569726
seq13/frame00165.png -34.046642 19.07006 2.2421288 0.6822643 -0.44649333 -0.35638505 0.45642334
seq13/frame00166.png -34.144695 19.537104 2.056868 0.6860781 -0.44854847 -0.3451074 0.45717782
seq13/frame00167.png -33.39553 20.040258 2.0733616 0.7031901 -0.434248 -0.3352771 0.45221508
seq13/frame00168.png -33.252224 19.280785 1.8658683 0.70031995 -0.449275 -0.31997225 0.4531097
seq13/frame00169.png -34.082073 20.51139 1.8524194 0.73050004 -0.4299615 -0.31094086 0.4299615
seq13/frame00170.png -33.708965 21.079996 1.6763588 0.71080875 -0.45621246 -0.2791328 0.45698527
seq13/frame00171.png -32.41953 22.399237 2.4974358 0.7001674 -0.49740475 -0.26127696 0.44056845
seq13/frame00172.png -32.166767 22.277222 2.270042 0.7218639 -0.48220095 -0.25854993 0.4237754
seq13/frame00173.png -33.01557 21.843523 1.755585 0.740376 -0.44796836 -0.25582844 0.43090367
seq13/frame00174.png -32.571907 22.243216 1.7478256 0.74161166 -0.4436831 -0.26863465 0.42565924
seq13/frame00175.png -31.479202 23.792658 2.2211676 0.75853705 -0.44102484 -0.26096585 0.40248245
seq13/frame00176.png -31.648739 23.00982 2.055295 0.7623095 -0.44324598 -0.2586836 0.39432558
seq13/frame00177.png -25.748287 19.642696 2.7083688 0.64119047 -0.5689528 -0.3465554 0.38085666
seq13/frame00178.png -27.124187 23.982168 3.0146158 0.5221531 -0.37320137 -0.5271401 0.55687016
seq13/frame00179.png -23.240019 25.32261 2.7583961 0.6799344 -0.47378623 -0.328623 0.45296046
seq13/frame00180.png -25.730936 26.996948 2.784895 0.83304846 -0.48180532 -0.15999731 0.21976507
seq13/frame00181.png -24.764574 27.157904 2.4947212 0.8211306 -0.4893929 -0.181088 0.2307223
seq13/frame00182.png -23.94329 27.537996 2.7125838 0.8356819 -0.4745902 -0.15145913 0.23105049
seq13/frame00183.png -24.49561 27.667055 2.785786 0.8473952 -0.4618358 -0.13758917 0.223139
seq13/frame00184.png -24.919666 28.36414 2.799043 0.83180195 -0.49368066 -0.14126913 0.21070214
seq13/frame00185.png -23.484154 28.155327 2.536914 0.82265294 -0.50762904 -0.15152082 0.20647934
seq13/frame00186.png -23.144484 28.558842 2.7917647 0.83936214 -0.49097922 -0.14224182 0.18509887
seq13/frame00187.png -21.55415 28.484205 2.416553 0.8302596 -0.5032723 -0.15191531 0.18506983
seq13/frame00188.png -21.137115 29.943731 2.2343104 0.8333415 -0.50185055 -0.14628153 0.17969795
seq13/frame00189.png -19.854515 30.717245 2.183123 0.8200893 -0.53749746 -0.13050427 0.14654285
seq13/frame00190.png -7.261098 23.252317 1.994633 0.79836714 -0.5634364 -0.15635933 0.14462426
seq13/frame00191.png -26.641802 -3.1095524 0.0018665195 0.80008537 -0.59289324 -0.06625421 0.06301207
seq13/frame00192.png 24.06077 3.4133873 4.436813 0.01982425 -0.41386378 0.9078649 0.0639351
seq13/frame00193.png 23.731524 2.860445 6.287413 -0.08456442 -0.42055848 0.90328175 0.01257655
seq13/frame00194.png -18.278399 32.388237 2.5856705 0.81388855 -0.5486417 -0.11983727 0.1482405
seq13/frame00195.png -21.20441 19.590816 2.1254883 0.8184129 -0.56231403 -0.06863107 0.09545914
seq13/frame00196.png -17.841908 33.299805 2.5092044 0.81092095 -0.5479399 -0.14891471 0.14138806
seq13/frame00197.png -16.159935 32.94579 2.807162 0.7878626 -0.59078074 -0.13557124 0.10832385
seq13/frame00198.png -14.967866 33.30199 3.209438 0.76719785 -0.60876215 -0.16137925 0.12120598
seq13/frame00199.png -11.624581 31.742062 2.476704 0.78898513 -0.58885723 -0.13980718 0.10552623
seq13/frame00200.png -14.012998 32.779064 3.125653 0.76536584 -0.60974085 -0.170737 0.11522356
seq13/frame00201.png -14.509392 34.232426 3.2022405 0.76386917 -0.6246788 -0.13793191 0.08481664
seq13/frame00202.png -9.4308605 24.858284 2.0726051 0.76721776 -0.6400906 -0.038812354 0.009029366
seq13/frame00203.png -11.911566 34.974728 3.091069 0.794305 -0.6016647 -0.07296049 0.039688356
seq13/frame00204.png -12.562439 33.726692 2.644266 0.80899936 -0.58470064 -0.047615383 0.033342674
seq13/frame00205.png -11.182848 34.224792 2.706078 0.8245796 -0.56388223 -0.0335078 0.030070512
seq13/frame00206.png -11.779816 34.168083 2.7282414 0.82068443 -0.5713183 -0.0061146943 -0.0009145314
seq13/frame00207.png -10.232557 34.22136 2.4943557 0.8234315 -0.56629914 -0.02992713 -0.014722667
seq13/frame00208.png -10.226168 34.2573 2.7183924 0.81208676 -0.5820268 -0.03773892 0.014453903
seq13/frame00209.png -9.138959 33.61555 2.4495518 0.83147174 -0.54746324 -0.069790915 0.06332658
seq13/frame00210.png -9.7705555 34.69939 2.3462236 0.83425653 -0.54914755 -0.04878019 0.0106632365
seq13/frame00211.png -8.232817 32.810688 2.2913105 0.8300758 -0.55720747 -0.019039575 -0.0075138076
seq13/frame00212.png -7.354498 32.198883 2.256144 0.83546275 -0.54937744 -0.001034192 -0.012620339
seq13/frame00213.png -5.2285585 29.21259 2.4587913 0.8215021 -0.5656975 0.050429102 -0.05166429
seq13/frame00214.png -5.1478434 30.110844 3.4567516 0.81381357 -0.5756919 0.051557086 -0.059802283
seq13/frame00215.png -6.0612936 29.347727 2.0708075 0.8144133 -0.5649257 0.093614064 -0.09432603
seq13/frame00216.png 0.25147057 25.74097 2.6742651 0.81024325 -0.5857616 -0.015456656 -0.00660898
seq13/frame00217.png -5.075817 31.482632 2.5048406 0.81005496 -0.5855964 -0.00041440816 -0.028914388
seq13/frame00218.png -0.9360666 26.747486 2.2509158 0.80259895 -0.59605557 -0.02135967 -0.0024335005
seq13/frame00219.png 0.47186375 26.437805 1.6976728 0.78830796 -0.61413926 -0.037086826 0.0033002628
seq13/frame00220.png 0.7977228 25.587345 1.6542554 0.8009622 -0.59834033 -0.020507941 0.0006762953
seq13/frame00221.png -2.5747623 28.989866 2.3286088 0.81519985 -0.5750124 -0.058044054 0.038279176
seq13/frame00222.png -2.1609888 29.290861 1.9704959 0.8184503 -0.5721322 -0.029753592 0.0413886
seq13/frame00223.png -1.1349497 29.585892 2.5867631 0.8184129 -0.57141244 -0.043902814 0.04044895
seq13/frame00224.png 3.3485355 24.458118 1.7823337 0.81388855 -0.5807383 -0.013978983 0.013642691
seq13/frame00225.png 3.9647903 24.313229 1.9177796 0.8159108 -0.578102 -0.0012214443 -0.0065057985
seq13/frame00226.png 3.893362 24.420027 1.6369722 0.80665714 -0.5898789 0.008474402 -0.035741925
seq13/frame00227.png 5.33339 24.501148 1.6126738 0.8063923 -0.5902241 -0.005298241 -0.036009118
seq13/frame00228.png 6.3979273 24.068592 1.6291457 0.8154619 -0.57707304 0.009346562 -0.045713015
seq13/frame00229.png 2.9738283 28.011982 2.1322167 0.8230238 -0.56746966 0.0017798316 -0.024259476
seq13/frame00230.png 3.4768953 27.159483 2.2358413 0.8332316 -0.551874 -0.033082042 -0.008318582
seq13/frame00231.png 4.5180225 27.105604 2.1619935 0.8267973 -0.5617792 -0.024370218 0.014681188
seq13/frame00232.png 5.3873262 26.43935 1.8053987 0.82978165 -0.5565223 0.037338704 -0.016706334
seq13/frame00233.png 5.06678 26.296883 1.7676796 0.83772445 -0.543377 0.039202303 -0.035254296
seq13/frame00234.png 5.8439083 25.355965 1.519505 0.8353532 -0.54725754 0.04924587 -0.008749545
seq13/frame00235.png 9.816172 22.30658 1.248396 0.8460256 -0.5308311 0.045269977 -0.01668316
seq13/frame00236.png 10.528525 22.769285 1.2596142 0.8384163 -0.54292864 0.043924585 -0.017840097
seq13/frame00237.png 10.967306 21.985632 1.07147 0.8403796 -0.53730255 0.06638207 -0.025015837
seq13/frame00238.png 9.207769 23.705687 1.325402 0.8588422 -0.50954884 0.04483426 -0.029654838
seq13/frame00239.png 10.01395 22.591047 1.3142021 0.88471174 -0.4647082 0.021352017 -0.031967662
seq13/frame00240.png 10.157056 23.85005 1.2981023 0.871085 -0.4893547 0.028158566 -0.030089814
seq13/frame00241.png 12.344818 20.282524 1.4413184 0.8950002 -0.4412261 0.04607471 -0.047950093
seq13/frame00242.png 10.617355 22.972956 1.4078696 0.85435325 -0.51794136 0.026562355 -0.03393409
seq13/frame00243.png 12.038729 20.937248 0.99075437 0.81561154 -0.5733751 0.03519986 -0.06914625
seq13/frame00244.png 12.616508 20.773975 1.4067118 0.81684536 -0.5759462 0.0094334725 -0.03219523
seq13/frame00245.png 12.242568 20.301273 1.2489395 0.8016097 -0.59724796 0.011402076 -0.017381504
seq13/frame00246.png 12.084391 21.15818 1.4933785 0.7971813 -0.6017907 -0.03376699 0.0349944
seq13/frame00247.png -4.868335 -28.15148 -1.6956918 0.77530944 -0.63136333 -0.014312936 -0.001485908
seq13/frame00248.png 13.831867 18.37668 1.1892332 0.80100036 -0.59785473 0.010291582 -0.029212663
seq13/frame00249.png 13.677168 18.274097 1.2012776 0.7819137 -0.60105187 0.10433031 -0.12897246
seq13/frame00250.png 10.431398 18.11536 1.0984981 0.69861835 -0.62553716 0.21915095 -0.26965368
seq13/frame00251.png 15.994758 16.483 0.81297255 0.6941045 -0.57156885 0.27057192 -0.34404048
seq13/frame00252.png 16.075624 14.328532 0.8109556 0.6241449 -0.5223944 0.38291523 -0.4369748
seq13/frame00253.png 16.013914 15.098946 0.84505266 0.6445668 -0.509631 0.37057617 -0.4330254
seq13/frame00254.png 16.698442 15.239533 0.98977965 0.65380406 -0.47890547 0.39140955 -0.43610272
seq13/frame00255.png 15.600533 15.008564 0.76738936 0.68612254 -0.42378944 0.36325446 -0.4667555
seq13/frame00256.png 16.856234 14.046371 0.8518353 0.67425543 -0.42599797 0.37381187 -0.47370324
seq13/frame00257.png 17.19592 14.445221 0.72659016 0.7243118 -0.4782961 0.30143145 -0.39470384
seq13/frame00258.png 16.646423 14.960215 1.1292245 0.757047 -0.5109865 0.2339771 -0.33345538
seq13/frame00259.png 12.737472 15.387703 1.1525258 0.72633153 -0.5299064 0.2726001 -0.34230474
seq13/frame00260.png 15.600735 14.199488 0.36265925 0.7449374 -0.45022333 0.30200604 -0.3888553
seq13/frame00261.png 19.732212 11.332354 0.31548828 0.79442024 -0.49724254 0.19678035 -0.28803495
seq13/frame00262.png 20.005205 11.380826 0.42984587 0.8174429 -0.5033979 0.14782518 -0.23766175
seq13/frame00263.png 19.840242 10.372925 0.36457527 0.7731613 -0.55670136 0.18006872 -0.24476072
seq13/frame00264.png 19.859333 10.167102 -0.012643397 0.7923046 -0.5421721 0.15442863 -0.23314632
seq13/frame00265.png 20.921776 9.694081 0.18847561 0.76002413 -0.55829334 0.1933689 -0.27087507
seq13/frame00266.png 21.507692 9.156256 0.13857087 0.73779535 -0.56899214 0.21048698 -0.2958296
seq13/frame00267.png 21.022533 9.729185 0.41760504 0.7254485 -0.57901275 0.23498598 -0.28870708
seq13/frame00268.png 22.443342 9.186625 0.17803031 0.7014955 -0.5646767 0.2804731 -0.33236748
seq13/frame00269.png 23.086079 8.702602 0.24425837 0.70042884 -0.5618768 0.2957957 -0.3261639
seq13/frame00270.png 23.783916 8.284374 0.47211072 0.6962993 -0.56748813 0.29773623 -0.32364967
seq13/frame00271.png 23.597065 8.137073 0.52386224 0.738271 -0.5494455 0.2796418 -0.27379268
seq13/frame00272.png 24.667591 8.645683 0.32917634 0.75 -0.51741534 0.28086343 -0.30126953
seq13/frame00273.png 25.89893 7.6642814 -0.15968624 0.7442406 -0.49402812 0.28357002 -0.34891146
seq13/frame00274.png 27.365639 7.1324615 -0.07891834 0.7641488 -0.49281883 0.2803556 -0.3076324
seq13/frame00275.png 27.330704 7.247974 -0.053270787 0.7634296 -0.49552166 0.2916926 -0.29433092
seq13/frame00276.png 28.222357 7.3391476 -0.12428269 0.7573291 -0.49790135 0.2980316 -0.29968375
seq13/frame00277.png 28.806555 6.687388 -0.2785384 0.76884687 -0.4959995 0.28050804 -0.2903121
seq13/frame00278.png 29.340815 6.332399 -0.11826837 0.7262474 -0.5350102 0.29044855 -0.3193169
seq13/frame00279.png 30.136879 6.3098955 -0.21368518 0.7143634 -0.5174242 0.31414127 -0.35120085
seq13/frame00280.png 31.039692 5.0765395 -0.10294345 0.6842742 -0.5341112 0.33204672 -0.3692307
seq13/frame00281.png 31.306713 5.0991626 -0.18684256 0.6954661 -0.5120884 0.3455829 -0.36693087
seq13/frame00282.png 32.23663 4.093957 -0.21400738 0.6759732 -0.5143951 0.36290723 -0.38324556
seq13/frame00283.png 32.47548 4.194706 -0.42351693 0.68096596 -0.4857064 0.3714054 -0.40279838
seq13/frame00284.png 33.116955 3.8690944 -0.08983213 0.66932654 -0.5009919 0.37613145 -0.399453
seq13/frame00285.png 33.640736 2.031231 -0.31361532 0.64364284 -0.5273367 0.38367277 -0.40040988
seq13/frame00286.png 33.99329 2.5759106 -0.25651747 0.65541244 -0.5093927 0.38858655 -0.3999245
seq13/frame00287.png 34.352356 0.89723253 -0.7379474 0.6630277 -0.47205913 0.39022204 -0.43077236
seq13/frame00288.png 34.75554 0.5868077 -0.6868177 0.6385733 -0.5034225 0.3726863 -0.44712558
seq13/frame00289.png 35.190933 0.15249634 -0.46644062 0.6082346 -0.50705874 0.40997198 -0.4528206
seq13/frame00290.png 34.86116 -1.2641115 -0.63269866 0.6168907 -0.51260805 0.38779834 -0.45433238
seq13/frame00291.png 31.95078 0.96578884 -0.14798027 0.5721423 -0.5189365 0.4361008 -0.46189028
seq13/frame00292.png 34.962498 -2.9429278 -0.5975237 0.5931458 -0.52767515 0.4043892 -0.45430687
seq13/frame00293.png 34.552116 -0.58634543 -0.6813528 0.5537454 -0.5151796 0.44380713 -0.48081774
seq13/frame00294.png 33.16311 -0.2512002 -0.4031989 0.5727587 -0.5138491 0.42191812 -0.4798287
seq13/frame00295.png 33.641228 -1.9957902 -0.38072142 0.54791856 -0.5021111 0.4417352 -0.502863
seq13/frame00296.png 33.28877 -5.6098285 -0.8648517 0.5350992 -0.48763466 0.45387906 -0.5198147
seq13/frame00297.png 34.029915 -6.6658835 -0.9036389 -0.5111455 0.49426112 -0.46279934 0.52912927
seq13/frame00298.png 31.935778 -6.9886956 -0.9453503 0.5288246 -0.48241267 0.46270525 -0.52303934
seq13/frame00299.png 32.323116 -6.816948 -0.9311632 0.5641084 -0.49032435 0.4406887 -0.49738425
seq13/frame00300.png 35.68056 -5.313488 -0.5985657 0.5314241 -0.467952 0.4784091 -0.5199353
seq13/frame00301.png 31.174814 -7.339496 -0.8381064 0.5483031 -0.49491292 0.45006108 -0.50209284
seq13/frame00302.png 29.480993 -9.411663 -0.9278273 -0.5069823 0.44905835 -0.49686462 0.5429248
seq13/frame00303.png 29.62215 -9.386093 -1.0419182 -0.5214059 0.46466234 -0.48473594 0.5265891
seq13/frame00304.png 28.306896 -4.31218 -0.23385787 -0.49629292 0.46260443 -0.5187177 0.520199
seq13/frame00305.png 31.531595 -6.635968 -0.5890498 0.5355446 -0.47603175 0.4742225 -0.5119745
seq13/frame00306.png 29.46978 -7.1089945 -0.49622265 -0.49411115 0.4444779 -0.521 0.5356977
seq13/frame00307.png 29.275278 -8.973941 -1.0717068 0.54503125 -0.47575295 0.44785127 -0.5259361
seq13/frame00308.png 27.506617 -9.308223 -1.2750466 -0.5607406 0.4266175 -0.42892897 0.56524456
seq13/frame00309.png 26.38854 -9.904869 -1.4438144 -0.5535339 0.36913136 -0.39801866 0.6314849
seq13/frame00310.png 27.225746 -10.608637 -1.7769423 -0.55858266 0.32781383 -0.37243435 0.6647859
seq13/frame00311.png 28.407076 -11.315365 -1.2417467 -0.56125665 0.27180192 -0.3373078 0.7053351
seq13/frame00312.png 29.085947 -13.484409 -1.2371672 -0.5106704 0.25570804 -0.3621253 0.7367192
seq13/frame00313.png 27.162657 -14.986957 -1.5496309 -0.48555735 0.24631621 -0.38451555 0.7454083
seq13/frame00314.png 28.187485 -12.726196 -1.7047311 -0.5050036 0.2220996 -0.35929203 0.7527213
seq13/frame00315.png -14.166273 28.378633 2.8156471 0.79985654 -0.32949635 0.2320515 -0.44487348
seq13/frame00316.png 18.92495 3.2241669 4.1097775 0.4902347 -0.29809508 0.7995513 0.1775784
seq13/frame00317.png -21.19895 17.031233 2.0494468 -0.4570595 0.27292097 -0.48304674 0.69520277
seq13/frame00318.png 25.164312 -13.876668 -1.6640813 -0.37888157 0.24516179 -0.52611625 0.720891
seq13/frame00319.png 20.582617 -20.003304 -1.6729162 -0.35733634 0.2858262 -0.56671417 0.6851879
seq13/frame00320.png 25.075771 -14.370148 -1.5462903 -0.34475407 0.27805728 -0.57067615 0.69134
seq13/frame00321.png 23.266678 -16.857563 -1.6982799 -0.2847166 0.217199 -0.5880355 0.72511196
seq13/frame00322.png 22.495667 -17.603828 -1.7553892 -0.2166427 0.18590975 -0.62214905 0.72891086
seq13/frame00323.png 22.960472 -18.590057 -1.6801178 -0.21345119 0.19505371 -0.6339924 0.7172198
seq13/frame00324.png 22.038725 -18.969177 -1.8431771 -0.16939327 0.18009794 -0.65189046 0.7168155
seq13/frame00325.png 21.518082 -19.415384 -1.7377987 -0.14453112 0.16484752 -0.64966357 0.7279158
seq13/frame00326.png 21.074615 -19.930887 -1.7408975 -0.12937793 0.117669754 -0.65630764 0.7339386
seq13/frame00327.png 20.62653 -20.81013 -1.791146 -0.12910351 0.12272502 -0.635574 0.7511588
seq13/frame00328.png 20.797657 -20.911581 -1.8010492 -0.1142739 0.10662479 -0.6376197 0.75430083
seq13/frame00329.png 20.400984 -21.490192 -1.8271124 -0.08955146 0.11207749 -0.638874 0.75587696
seq13/frame00330.png 19.815504 -21.636028 -1.8465618 -0.057367537 0.08568216 -0.6169272 0.78019464
seq13/frame00331.png 18.83595 -22.43635 -1.9304097 -0.120949686 0.11116302 -0.5890126 0.79126394
seq13/frame00332.png 18.396904 -23.271175 -1.9720464 -0.08062825 0.09642303 -0.6167304 0.7770786
seq13/frame00333.png 19.200066 -23.17429 -1.8264564 -0.10706985 0.10322128 -0.6011539 0.78502995
seq13/frame00334.png 18.223656 -24.37665 -2.1016946 -0.12546663 0.116395235 -0.58689266 0.7914182
seq13/frame00335.png 18.39152 -24.927511 -1.945578 -0.10200065 0.09913437 -0.60255975 0.78522426
seq13/frame00336.png 18.413332 -24.736578 -2.1301174 -0.10308606 0.091198705 -0.61599827 0.7756243
seq13/frame00337.png 16.724304 -25.36126 -1.9815949 -0.10171301 0.08449978 -0.59670603 0.7914953
seq13/frame00338.png 16.424688 -25.890556 -2.0076754 -0.11377188 0.08356151 -0.5835316 0.79974204
seq13/frame00339.png 16.282734 -26.266895 -2.3423347 -0.12769267 0.077203244 -0.5723175 0.8062409
seq13/frame00340.png 15.780965 -26.278147 -2.1515656 -0.11570995 0.09357956 -0.561768 0.813776
seq13/frame00341.png 14.656335 -26.48564 -2.0151105 -0.0774321 0.06106175 -0.5893137 0.8018381
seq13/frame00342.png 13.485386 -26.524857 -2.1410718 -0.020254984 0.051977027 -0.59328485 0.8030551
seq13/frame00343.png 13.604393 -27.178976 -1.9567688 0.005592189 0.0117148245 -0.5922818 0.8054456
seq13/frame00344.png 12.589252 -26.517319 -2.105869 0.0011067463 0.029967284 -0.5902647 0.80654365
seq13/frame00345.png 11.563948 -25.426277 -2.0645025 0.00019879307 -0.004874597 -0.59835047 0.8011527
seq13/frame00346.png 11.701907 -25.781637 -2.1371937 0.028801447 0.012787997 -0.61541235 0.78766894
seq13/frame00347.png 11.054313 -25.199116 -1.8945056 0.036145423 0.020425156 -0.61919653 0.784038
seq13/frame00348.png 10.610939 -24.61068 -1.9602716 0.03630179 0.010301177 -0.6549082 0.75470525
seq13/frame00349.png 10.59108 -24.298403 -1.974932 0.048262306 0.0018055255 -0.6572924 0.75215346
seq13/frame00350.png 10.493636 -24.421137 -1.8661101 0.03294808 0.029934442 -0.66417605 0.746196
seq3/frame00001.png 14.951076 -32.78498 -2.4719088 -0.112980224 0.06575676 -0.6435664 0.7541592
seq3/frame00002.png 14.916539 -32.837826 -2.5830073 -0.11333313 0.07151934 -0.64060664 0.75611925
seq3/frame00003.png 14.763423 -32.595028 -2.482562 -0.11673639 0.06559416 -0.6331628 0.7623095
seq3/frame00004.png 14.739517 -33.37212 -2.7448468 -0.1130439 0.070192054 -0.6076816 0.7830253
seq3/frame00005.png 14.745608 -32.89438 -2.494808 -0.100005396 0.05841424 -0.53936315 0.8340004
seq3/frame00006.png 14.966116 -32.608894 -2.7110038 -0.10847032 0.05825131 -0.4897428 0.86316633
seq3/frame00007.png 15.730474 -31.509737 -2.6276066 -0.13261367 0.05532035 -0.4427352 0.8850566
seq3/frame00008.png 16.162403 -31.267786 -2.579821 -0.13407998 0.049847726 -0.43004203 0.89131004
seq3/frame00009.png 14.929169 -32.007923 -2.6992474 -0.13440514 0.058304742 -0.47746226 0.86644816
seq3/frame00010.png 14.140286 -32.853947 -2.634024 -0.16436732 0.08998302 -0.5391456 0.8212049
seq3/frame00011.png 13.439503 -32.517937 -2.386084 -0.17811948 0.1351161 -0.5947064 0.7721936
seq3/frame00012.png 12.71348 -33.063137 -2.2863572 -0.21787116 0.1947819 -0.62494624 0.7238904
seq3/frame00013.png 13.437943 -32.705997 -2.2486799 -0.1482324 0.14194952 -0.6472254 0.73405296
seq3/frame00014.png 14.881037 -32.406765 -2.3267038 -0.029691298 0.056202125 -0.67330664 0.7364396
seq3/frame00015.png 14.732127 -31.200743 -2.0800838 -0.015465461 0.019325756 -0.6650391 0.74632895
seq3/frame00016.png 15.448773 -31.740015 -2.4896348 -0.021170475 0.019015534 -0.64914924 0.7600844
seq3/frame00017.png 15.6902075 -31.768171 -2.4399352 -0.064318046 0.023810327 -0.6169862 0.7840769
seq3/frame00018.png 15.781405 -31.429647 -2.483387 -0.11744834 0.038745247 -0.59667295 0.7927667
seq3/frame00019.png 15.895904 -30.754501 -2.6122093 -0.16697127 0.10642784 -0.57471323 0.79395914
seq3/frame00020.png 15.00127 -30.937902 -2.3611045 -0.22702163 0.0971925 -0.48281145 0.84016156
seq3/frame00021.png 17.732576 -23.008808 -2.4900331 -0.5547285 0.24300015 -0.38373974 0.6971316
seq3/frame00022.png 12.311371 -32.32162 -2.9627404 -0.31063488 0.12777832 -0.41678113 0.84468985
seq3/frame00023.png 14.390218 -27.991478 -1.935797 0.70494556 -0.3357193 0.32387927 -0.5345534
seq3/frame00024.png 12.531929 -29.409029 -2.4087498 -0.33621112 0.15055516 -0.43255752 0.8229126
seq3/frame00025.png 17.61205 -28.49394 -2.2294247 -0.26915476 0.17338416 -0.5435801 0.77588
seq3/frame00026.png 18.031816 -28.955742 -2.3209164 -0.24992597 0.20201899 -0.5992562 0.73312724
seq3/frame00027.png 18.113636 -27.999285 -2.1819267 -0.2537581 0.17167215 -0.6080195 0.73239845
seq3/frame00028.png 18.900349 -27.487598 -2.3356116 -0.27676117 0.20468579 -0.58057386 0.73779535
seq3/frame00029.png 20.46666 -26.521427 -2.3186653 -0.29469988 0.21603596 -0.55541164 0.74704415
seq3/frame00030.png 22.099627 -25.689028 -2.1884515 -0.2948488 0.23020644 -0.54878384 0.7473913
seq3/frame00031.png 22.39552 -25.56627 -2.246576 -0.31328124 0.22447316 -0.5481908 0.7421875
seq3/frame00032.png 22.479637 -25.053253 -2.231519 -0.31056502 0.24905075 -0.5364044 0.74415857
seq3/frame00033.png 22.676062 -24.74653 -2.1704664 -0.34768903 0.25273198 -0.5183547 0.73922104
seq3/frame00034.png 24.41991 -23.656357 -2.1162834 -0.29952234 0.26342663 -0.58644825 0.7050105
seq3/frame00035.png 23.698988 -23.31236 -2.1017232 -0.334734 0.24603225 -0.56478065 0.71303785
seq3/frame00036.png 24.893847 -22.779272 -2.1187072 -0.31641552 0.21797594 -0.52996975 0.7559578
seq3/frame00037.png 24.551533 -23.17541 -2.210115 -0.30694836 0.15835659 -0.4800657 0.8063166
seq3/frame00038.png 24.851944 -23.445736 -2.2601023 -0.33279416 0.14610632 -0.41898176 0.83209544
seq3/frame00039.png 25.132345 -23.698181 -2.2267525 -0.33634824 0.13277754 -0.3819171 0.8505226
seq3/frame00040.png 25.90024 -23.632713 -2.031678 -0.35896215 0.12586324 -0.35097253 0.8556025
seq3/frame00041.png 25.606926 -23.1793 -2.1262164 -0.3875715 0.13930392 -0.3517041 0.8406337
seq3/frame00042.png 25.773697 -23.550097 -2.190573 -0.3883302 0.14601009 -0.37361515 0.82956094
seq3/frame00043.png 24.757809 -23.193125 -2.0481565 -0.422009 0.19203158 -0.41027355 0.78534085
seq3/frame00044.png 23.329876 -24.557013 -2.1870384 -0.4152863 0.25400418 -0.49593267 0.71898353
seq3/frame00045.png 19.489899 -27.598297 -1.975148 -0.32443932 0.22176346 -0.58728606 0.70753825
seq3/frame00046.png 18.607702 -27.560963 -2.119089 -0.3703635 0.28111205 -0.5897714 0.6602631
seq3/frame00047.png 24.119816 -23.060438 -2.0404258 -0.37281543 0.3031722 -0.58440584 0.6537924
seq3/frame00048.png 25.268866 -22.265629 -1.8731728 -0.27433583 0.23808599 -0.62758505 0.68875283
seq3/frame00049.png 23.183504 -23.090662 -1.7983953 -0.14775653 0.13016087 -0.662882 0.72242403
seq3/frame00050.png 24.69283 -20.76944 -1.8299268 -0.11794062 0.100555226 -0.6653586 0.730009
seq3/frame00051.png 17.138412 -28.782463 -2.2738712 -0.47979686 0.37754297 -0.52179444 0.59585357
seq3/frame00052.png 27.787088 -16.942194 -1.4662247 -0.11636542 0.08734561 -0.6490137 0.7465129
seq3/frame00053.png 22.780037 -23.1477 -2.0092583 -0.19154742 0.1116947 -0.6361787 0.738932
seq3/frame00054.png 24.426687 -22.18037 -1.9145994 -0.24939276 0.15902431 -0.6125319 0.73298156
seq3/frame00055.png 23.789614 -22.332483 -1.8409545 -0.24942565 0.15766023 -0.6278441 0.7201603
seq3/frame00056.png 25.175762 -20.699217 -1.9964057 -0.32392478 0.2231444 -0.5792095 0.7140321
seq3/frame00057.png 25.791546 -19.960394 -1.9549118 -0.40198064 0.24886774 -0.5243676 0.7081634
seq3/frame00058.png 25.410027 -19.080917 -1.8777001 -0.41928813 0.27771178 -0.49259266 0.71022886
seq3/frame00059.png 25.74265 -19.191315 -1.7261448 -0.45092604 0.27255145 -0.4557747 0.7175176
seq3/frame00060.png 26.281374 -19.728354 -2.002649 -0.46614945 0.27659374 -0.4291481 0.7224979
seq3/frame00061.png 26.932114 -19.147112 -1.9903032 -0.44044018 0.25722447 -0.46026546 0.7265625
seq3/frame00062.png 26.76562 -16.768541 -1.8865122 -0.43221936 0.28180307 -0.47494468 0.71284515
seq3/frame00063.png 27.377914 -16.300117 -1.7279795 -0.41246632 0.2796304 -0.48736736 0.7170921
seq3/frame00064.png 28.56241 -16.209759 -1.7611716 -0.39297855 0.28647742 -0.5130985 0.70730096
seq3/frame00065.png 28.48488 -15.193927 -1.6535208 -0.43308306 0.2870565 -0.50173396 0.69169307
seq3/frame00066.png 28.723902 -15.766221 -1.8495332 -0.4612854 0.2983219 -0.50012857 0.6693835
seq3/frame00067.png 28.152752 -15.34963 -1.6865069 -0.44083375 0.3210393 -0.4852298 0.68327004
seq3/frame00068.png 28.580595 -13.747582 -1.7467734 -0.4881652 0.32025054 -0.4286825 0.6895389
seq3/frame00069.png 28.927261 -13.7812 -1.6294675 -0.49435157 0.34985623 -0.43612245 0.66560024
seq3/frame00070.png 29.102816 -12.247064 -1.712067 -0.51433694 0.33033198 -0.4074308 0.6785416
seq3/frame00071.png 29.311914 -11.566918 -1.6131139 -0.5543663 0.35452 -0.38573438 0.6466112
seq3/frame00072.png 29.511696 -11.652774 -1.566353 -0.56517136 0.33959633 -0.3625929 0.6585479
seq3/frame00073.png 29.89294 -11.13844 -1.0967243 -0.5681787 0.3935749 -0.37909383 0.61510104
seq3/frame00074.png 28.96042 -10.562792 -1.3620951 -0.58100724 0.3811146 -0.3585598 0.6231601
seq3/frame00075.png 28.44425 -9.841076 -1.4740111 -0.5702623 0.37911585 -0.3717514 0.6267675
seq3/frame00076.png 27.734003 -6.1762004 -1.2507818 0.6322064 -0.41619724 0.337937 -0.5597568
seq3/frame00077.png 28.904617 -8.057507 -1.4522702 0.59741366 -0.38430887 0.412149 -0.57059515
seq3/frame00078.png 29.773033 -7.801337 -1.2230057 0.6038853 -0.4056981 0.4243962 -0.5392126
seq3/frame00079.png 29.960423 -7.7966266 -1.1652263 0.61576426 -0.4775153 0.41643202 -0.46859443
seq3/frame00080.png 35.505104 -5.028922 -0.8922658 0.6095753 -0.52086246 0.40709278 -0.43765664
seq3/frame00081.png 32.195526 -2.8599577 -0.5834534 0.5702523 -0.5115587 0.43960655 -0.46896005
seq3/frame00082.png 27.44786 -6.594988 -0.71736294 -0.48362067 0.4419767 -0.50536865 0.561295
seq3/frame00083.png 28.608324 -5.3238077 -0.7939364 -0.4789265 0.39725035 -0.5302325 0.5757811
seq3/frame00084.png 27.6813 -8.774408 -1.1396598 -0.5108401 0.37102535 -0.49105552 0.60002834
seq3/frame00085.png 21.252289 -18.88107 -2.169659 -0.48717266 0.31942856 -0.4779825 0.65749276
seq3/frame00086.png 30.86945 -11.708893 -1.3090047 -0.4788465 0.3007409 -0.4763081 0.67325896
seq3/frame00087.png 30.476774 -11.832655 -1.412659 -0.5325117 0.30862325 -0.44454128 0.65079814
seq3/frame00088.png 31.304634 -6.7619686 -1.1415114 -0.5851961 0.32957244 -0.39006612 0.6299638
seq3/frame00089.png 33.35058 -5.8546634 -0.8918913 0.6672145 -0.2984084 0.32257274 -0.6013735
seq3/frame00090.png 31.635355 -5.6192193 -1.1920482 0.7032335 -0.26989108 0.28487357 -0.59296405
seq3/frame00091.png 31.501356 -5.0256114 -1.1200595 0.6983234 -0.26927045 0.30136353 -0.59084034
seq3/frame00092.png 29.151178 -4.8659625 -0.9557397 0.68549955 -0.3769402 0.29836112 -0.54669017
seq3/frame00093.png 28.5021 -5.419863 -0.9214293 0.67059064 -0.4509893 0.32794958 -0.4895805
seq3/frame00094.png 32.35519 -1.794863 -0.42982036 0.653664 -0.5327915 0.34650472 -0.41093853
seq3/frame00095.png 31.451012 -5.516775 -0.93943477 0.6281537 -0.53227514 0.37414968 -0.42689866
seq3/frame00096.png 35.359364 -3.6470828 -0.6075355 0.6089993 -0.52255774 0.40408275 -0.4391229
seq3/frame00097.png 29.588507 -7.753848 -1.0166527 0.56590766 -0.46590042 0.46159977 -0.4997934
seq3/frame00098.png 26.873562 -7.5234017 -0.8818478 -0.49824512 0.4316805 -0.5053406 0.55697805
seq5/frame00001.png 33.72546 -11.351108 -1.2130687 -0.3926174 0.37612608 -0.5832667 0.60327065
seq5/frame00002.png 32.69627 -8.971615 -0.9656045 -0.42974192 0.3998691 -0.551929 0.59218353
seq5/frame00003.png 31.719624 -9.81395 -1.0684654 -0.41788834 0.4011307 -0.5600531 0.59220284
seq5/frame00004.png 32.87052 -8.287144 -1.1123049 -0.3594886 0.39434534 -0.5909001 0.6049803
seq5/frame00005.png 31.655174 -10.344524 -1.1756358 -0.34452102 0.35135472 -0.59707904 0.6335776
seq5/frame00006.png 33.37209 -5.716372 -0.86076236 0.3024115 -0.33946466 0.6308896 -0.6286464
seq5/frame00007.png 29.145267 -8.390313 -1.1119677 -0.35611537 0.3499998 -0.5919213 0.632499
seq5/frame00008.png 32.920277 -6.4450154 -0.94567907 -0.38635653 0.37950063 -0.5677739 0.61983955
seq5/frame00009.png 28.289669 -10.948601 -1.1724942 -0.31453335 0.32074726 -0.6041415 0.6580959
seq5/frame00010.png 28.878641 -10.125579 -1.0943496 -0.44947731 0.37343466 -0.5300763 0.614524
seq5/frame00011.png 30.002743 -10.882331 -1.1669065 -0.4660864 0.369295 -0.51721257 0.61541104
seq5/frame00012.png 27.376911 -11.140759 -1.0635369 -0.3893765 0.29365537 -0.57351536 0.6581191
seq5/frame00013.png 27.879711 -12.515755 -1.154123 -0.39139512 0.28599477 -0.5693689 0.6637695
seq5/frame00014.png 27.515696 -10.5977745 -1.2490076 -0.41416654 0.3169611 -0.5450294 0.65623254
seq5/frame00015.png 21.664152 -11.819787 -1.5034101 -0.47910982 0.3489568 -0.50878227 0.62428856
seq5/frame00016.png 26.559261 -10.752604 -1.3363221 -0.41003177 0.30925894 -0.5324652 0.6727488
seq5/frame00017.png 26.0417 -10.552373 -1.2320057 -0.41829026 0.29650941 -0.52331126 0.6805513
seq5/frame00018.png 26.978304 -8.083173 -1.125403 -0.5403614 0.3894527 -0.45707554 0.589386
seq5/frame00019.png 30.319626 -12.675575 -1.3860006 -0.5531168 0.4066751 -0.443264 0.5762356
seq5/frame00020.png 27.169962 -11.197178 -1.3311158 0.5664534 -0.4399351 0.4367026 -0.5433276
seq5/frame00021.png 26.229233 -11.923929 -1.0649025 0.5716287 -0.4618515 0.42817512 -0.52634305
seq5/frame00022.png 27.524931 -11.315823 -1.2046934 0.56250507 -0.48624235 0.43245733 -0.5098153
seq5/frame00023.png 25.951906 -11.100905 -1.3202974 0.5956135 -0.4823472 0.38979995 -0.5105277
seq5/frame00024.png 24.667309 -10.706918 -1.2785723 0.6197903 -0.4065381 0.38013393 -0.5536383
seq5/frame00025.png 24.632614 -11.156248 -1.5501379 0.6258996 -0.36525795 0.35096577 -0.5928966
seq5/frame00026.png 23.133833 -11.802093 -1.565419 -0.57758725 0.34066126 -0.37514088 0.64005905
seq5/frame00027.png 24.31755 -12.557675 -1.4095271 -0.5816884 0.34648344 -0.3896579 0.6243191
seq5/frame00028.png 23.65289 -12.921389 -1.4117595 -0.57592106 0.34741792 -0.39461076 0.6258021
seq5/frame00029.png 23.408964 -13.716108 -1.5847647 -0.5720354 0.33755383 -0.40531725 0.6281324
seq5/frame00030.png 23.005554 -12.885045 -1.6446524 -0.57033896 0.3786053 -0.41597837 0.59864515
seq5/frame00031.png 21.49721 -13.718984 -1.925735 -0.55874026 0.3865154 -0.41645345 0.6040811
seq5/frame00032.png 21.202791 -14.110969 -1.988786 -0.5615656 0.38909322 -0.41994828 0.59745514
seq5/frame00033.png 20.863787 -14.358006 -1.8521295 -0.5506853 0.3815503 -0.4209978 0.61158705
seq5/frame00034.png 20.518145 -13.877876 -2.3496091 -0.52153695 0.38503423 -0.46180165 0.6053931
seq5/frame00035.png 19.841295 -15.476707 -2.205381 -0.51046747 0.38327196 -0.46373174 0.61445576
seq5/frame00036.png 19.837923 -15.916003 -1.728739 -0.4955168 0.37179294 -0.48925325 0.6139029
seq5/frame00037.png 19.775564 -15.754328 -1.9851494 -0.4845279 0.3691509 -0.4805603 0.6307233
seq5/frame00038.png 25.985754 -14.726385 -1.7064946 -0.45222694 0.300675 -0.51134455 0.6659211
seq5/frame00039.png 25.006636 -15.521753 -1.846286 -0.38700476 0.2935587 -0.5354449 0.690777
seq5/frame00040.png 24.790894 -15.55902 -1.7443863 -0.36869222 0.2852073 -0.5456978 0.69636506
seq5/frame00041.png 24.398664 -16.998262 -1.9100187 -0.30138004 0.28014314 -0.5921884 0.6928172
seq5/frame00042.png 17.29898 -23.6497 -1.957325 -0.262325 0.2991765 -0.6290179 0.6677774
seq5/frame00043.png 17.106062 -23.47577 -2.1331415 -0.2800484 0.2691326 -0.6226043 0.6793619
seq5/frame00044.png 18.883387 -23.236002 -1.9432644 -0.35065868 0.28151193 -0.57219523 0.68587786
seq5/frame00045.png 17.46506 -23.504663 -2.0499117 -0.2773921 0.2683871 -0.599287 0.7015173
seq5/frame00046.png 16.715311 -24.764187 -2.1177595 -0.3025447 0.278992 -0.6051342 0.6816266
seq5/frame00047.png 16.556568 -24.642208 -2.1926653 -0.2807154 0.27547625 -0.6185567 0.6800578
seq5/frame00048.png 18.2732 -24.505524 -1.994915 -0.28471866 0.25253266 -0.5918575 0.7105295
seq5/frame00049.png 19.852516 -24.4761 -2.0700567 -0.24505119 0.23444852 -0.60768783 0.7181341
seq5/frame00050.png 19.044205 -25.767288 -1.9702921 -0.22088651 0.20070313 -0.6040663 0.7388081
seq5/frame00051.png 18.836382 -26.421356 -1.9390076 -0.23154764 0.19979426 -0.5950152 0.7432763
seq5/frame00052.png 17.593756 -27.573431 -2.153862 -0.20349249 0.19613235 -0.61518383 0.7359731
seq5/frame00053.png 17.731363 -27.970657 -2.146419 -0.1843423 0.17495283 -0.6154903 0.7459199
seq5/frame00054.png 18.66833 -28.519884 -2.0035927 -0.13908558 0.1463413 -0.6194766 0.75865775
seq5/frame00055.png 17.977259 -28.654556 -2.1669173 -0.11455419 0.1250726 -0.61425555 0.7706705
seq5/frame00056.png 16.991032 -28.77631 -2.0581362 -0.10597364 0.10688832 -0.623096 0.7673768
seq5/frame00057.png 17.526863 -29.216461 -2.1245084 -0.067093216 0.09212194 -0.6273919 0.77029425
seq5/frame00058.png 17.596981 -29.195435 -2.1448057 -0.07747944 0.09220465 -0.6226972 0.7731613
seq5/frame00059.png 17.717129 -29.82917 -2.1996353 -0.121183634 0.12689829 -0.5853049 0.7916881
seq5/frame00060.png 17.841593 -29.016073 -2.1609597 -0.07220286 0.08820476 -0.6022063 0.7901447
seq5/frame00061.png 18.010857 -28.495693 -2.0790293 -0.10891016 0.061781537 -0.58634543 0.80027616
seq5/frame00062.png 18.395477 -28.484333 -2.143477 -0.13281874 0.07661931 -0.5653175 0.8103939
seq5/frame00063.png 18.841265 -28.338627 -2.3078165 -0.12769169 0.06980516 -0.55627763 0.8180773
seq5/frame00064.png 18.855488 -27.089928 -2.2302802 -0.1533103 0.09454151 -0.5480759 0.81673324
seq5/frame00065.png 19.211807 -26.401342 -2.239437 -0.15234965 0.11060428 -0.5410423 0.81967974
seq5/frame00066.png 19.310802 -26.154074 -2.2029285 -0.15400362 0.10465768 -0.525156 0.8302964
seq5/frame00067.png 19.84122 -25.706577 -2.0424006 -0.12067839 0.100605294 -0.5397595 0.82705563
seq5/frame00068.png 21.204594 -25.114899 -2.0603795 -0.18960644 0.14693056 -0.5605421 0.7926897
seq5/frame00069.png 21.301037 -25.001831 -2.13529 -0.17979278 0.14588746 -0.5734729 0.7858847
seq5/frame00070.png 22.00001 -24.148672 -2.076218 -0.19200847 0.13763294 -0.59688205 0.76672035
seq5/frame00071.png 21.845476 -24.157005 -1.9247901 -0.1811845 0.14109962 -0.6413581 0.732013
seq5/frame00072.png 22.178074 -22.774525 -1.7311066 -0.20239726 0.16273037 -0.6664737 0.6985665
seq5/frame00073.png 24.00034 -22.196327 -1.7872683 -0.22942308 0.20947684 -0.6531272 0.6906003
seq5/frame00074.png 24.029388 -21.539223 -1.7073554 -0.27320123 0.2696734 -0.61364114 0.6898818
seq5/frame00075.png 24.413582 -20.244873 -1.741792 -0.29735568 0.27352092 -0.61153394 0.6802822
seq5/frame00076.png 23.776033 -20.70145 -1.6680543 -0.3110458 0.28745982 -0.6036566 0.6754086
seq5/frame00077.png 24.37801 -19.214172 -1.6760594 -0.32583627 0.2888988 -0.59708333 0.6736441
seq5/frame00078.png 24.528946 -18.67726 -1.616813 -0.3586082 0.30235353 -0.58770156 0.65905744
seq5/frame00079.png 23.80221 -18.317303 -1.7364094 -0.3544248 0.28699932 -0.5901734 0.6660185
seq5/frame00080.png 23.883633 -17.58099 -1.7736852 -0.3475578 0.3463713 -0.6118338 0.6204931
seq5/frame00081.png 23.075401 -16.7803 -1.5194201 -0.36041033 0.3312142 -0.58753186 0.64428854
seq5/frame00082.png 22.754227 -16.448713 -1.7930027 -0.39268002 0.35343462 -0.5755459 0.62398297
